onset	duration	trial_type	value	sample	trial_id
11.703125	n/a	0.0	1	5992	19.0
11.720703125	n/a	1.0	2	6001	n/a
11.736328125	n/a	1.0	2	6009	n/a
11.75390625	n/a	0.0	1	6018	n/a
11.76953125	n/a	0.0	1	6026	n/a
11.787109375	n/a	1.0	2	6035	n/a
11.802734375	n/a	1.0	2	6043	n/a
11.8203125	n/a	0.0	1	6052	n/a
11.8359375	n/a	0.0	1	6060	n/a
11.853515625	n/a	1.0	2	6069	n/a
11.869140625	n/a	1.0	2	6077	n/a
11.88671875	n/a	0.0	1	6086	n/a
11.90234375	n/a	1.0	2	6094	n/a
11.919921875	n/a	0.0	1	6103	n/a
11.935546875	n/a	0.0	1	6111	n/a
11.953125	n/a	1.0	2	6120	n/a
11.970703125	n/a	0.0	1	6129	n/a
11.986328125	n/a	1.0	2	6137	n/a
12.00390625	n/a	1.0	2	6146	n/a
12.01953125	n/a	0.0	1	6154	n/a
12.037109375	n/a	1.0	2	6163	n/a
12.052734375	n/a	0.0	1	6171	n/a
12.0703125	n/a	0.0	1	6180	n/a
12.0859375	n/a	1.0	2	6188	n/a
12.103515625	n/a	1.0	2	6197	n/a
12.119140625	n/a	0.0	1	6205	n/a
12.13671875	n/a	1.0	2	6214	n/a
12.15234375	n/a	0.0	1	6222	n/a
12.169921875	n/a	1.0	2	6231	n/a
12.185546875	n/a	0.0	1	6239	n/a
12.203125	n/a	0.0	1	6248	n/a
12.220703125	n/a	1.0	2	6257	n/a
12.236328125	n/a	1.0	2	6265	n/a
12.25390625	n/a	0.0	1	6274	n/a
12.26953125	n/a	1.0	2	6282	n/a
12.287109375	n/a	0.0	1	6291	n/a
12.302734375	n/a	0.0	1	6299	n/a
12.3203125	n/a	1.0	2	6308	n/a
12.3359375	n/a	1.0	2	6316	n/a
12.353515625	n/a	0.0	1	6325	n/a
12.369140625	n/a	0.0	1	6333	n/a
12.38671875	n/a	1.0	2	6342	n/a
12.40234375	n/a	0.0	1	6350	n/a
12.419921875	n/a	1.0	2	6359	n/a
12.435546875	n/a	1.0	2	6367	n/a
12.453125	n/a	0.0	1	6376	n/a
12.470703125	n/a	0.0	1	6385	n/a
12.486328125	n/a	1.0	2	6393	n/a
12.50390625	n/a	0.0	1	6402	n/a
12.51953125	n/a	1.0	2	6410	n/a
12.537109375	n/a	1.0	2	6419	n/a
12.552734375	n/a	0.0	1	6427	n/a
12.5703125	n/a	1.0	2	6436	n/a
12.5859375	n/a	0.0	1	6444	n/a
12.603515625	n/a	1.0	2	6453	n/a
12.619140625	n/a	0.0	1	6461	n/a
12.63671875	n/a	0.0	1	6470	n/a
12.65234375	n/a	1.0	2	6478	n/a
12.669921875	n/a	0.0	1	6487	n/a
12.685546875	n/a	1.0	2	6495	n/a
12.703125	n/a	0.0	1	6504	n/a
12.720703125	n/a	1.0	2	6513	n/a
12.736328125	n/a	1.0	2	6521	n/a
12.75390625	n/a	0.0	1	6530	n/a
12.76953125	n/a	0.0	1	6538	n/a
12.787109375	n/a	1.0	2	6547	n/a
12.802734375	n/a	1.0	2	6555	n/a
12.8203125	n/a	0.0	1	6564	n/a
12.8359375	n/a	1.0	2	6572	n/a
12.853515625	n/a	0.0	1	6581	n/a
12.869140625	n/a	1.0	2	6589	n/a
12.88671875	n/a	0.0	1	6598	n/a
12.90234375	n/a	1.0	2	6606	n/a
12.919921875	n/a	0.0	1	6615	n/a
12.935546875	n/a	0.0	1	6623	n/a
12.953125	n/a	1.0	2	6632	n/a
12.970703125	n/a	0.0	1	6641	n/a
12.986328125	n/a	1.0	2	6649	n/a
13.00390625	n/a	1.0	2	6658	n/a
13.01953125	n/a	0.0	1	6666	n/a
13.037109375	n/a	0.0	1	6675	n/a
13.052734375	n/a	1.0	2	6683	n/a
13.0703125	n/a	1.0	2	6692	n/a
13.0859375	n/a	0.0	1	6700	n/a
13.103515625	n/a	0.0	1	6709	n/a
13.119140625	n/a	1.0	2	6717	n/a
13.13671875	n/a	0.0	1	6726	n/a
13.15234375	n/a	1.0	2	6734	n/a
13.169921875	n/a	0.0	1	6743	n/a
13.185546875	n/a	1.0	2	6751	n/a
13.203125	n/a	1.0	2	6760	n/a
13.220703125	n/a	0.0	1	6769	n/a
13.236328125	n/a	1.0	2	6777	n/a
13.25390625	n/a	0.0	1	6786	n/a
13.26953125	n/a	0.0	1	6794	n/a
13.287109375	n/a	1.0	2	6803	n/a
13.302734375	n/a	0.0	1	6811	n/a
13.3203125	n/a	1.0	2	6820	n/a
13.3359375	n/a	0.0	1	6828	n/a
13.353515625	n/a	1.0	2	6837	n/a
13.369140625	n/a	0.0	1	6845	n/a
13.38671875	n/a	1.0	2	6854	n/a
13.40234375	n/a	1.0	2	6862	n/a
13.419921875	n/a	0.0	1	6871	n/a
13.435546875	n/a	0.0	1	6879	n/a
13.453125	n/a	1.0	2	6888	n/a
13.470703125	n/a	0.0	1	6897	n/a
13.486328125	n/a	1.0	2	6905	n/a
13.50390625	n/a	0.0	1	6914	n/a
13.51953125	n/a	1.0	2	6922	n/a
13.537109375	n/a	0.0	1	6931	n/a
13.552734375	n/a	1.0	2	6939	n/a
13.5703125	n/a	0.0	1	6948	n/a
13.5859375	n/a	1.0	2	6956	n/a
13.603515625	n/a	1.0	2	6965	n/a
13.619140625	n/a	0.0	1	6973	n/a
13.63671875	n/a	1.0	2	6982	n/a
13.65234375	n/a	0.0	1	6990	n/a
13.669921875	n/a	1.0	2	6999	n/a
13.685546875	n/a	0.0	1	7007	n/a
13.703125	n/a	1.0	2	7016	n/a
13.720703125	n/a	0.0	1	7025	n/a
13.736328125	n/a	1.0	2	7033	n/a
13.75390625	n/a	0.0	1	7042	n/a
13.76953125	n/a	1.0	2	7050	n/a
13.787109375	n/a	0.0	1	7059	n/a
13.802734375	n/a	0.0	1	7067	n/a
13.8203125	n/a	1.0	2	7076	n/a
13.8359375	n/a	1.0	2	7084	n/a
13.853515625	n/a	0.0	1	7093	n/a
13.869140625	n/a	0.0	1	7101	n/a
13.88671875	n/a	1.0	2	7110	n/a
13.90234375	n/a	1.0	2	7118	n/a
13.919921875	n/a	0.0	1	7127	n/a
13.935546875	n/a	0.0	1	7135	n/a
13.953125	n/a	1.0	2	7144	n/a
13.970703125	n/a	1.0	2	7153	n/a
13.986328125	n/a	0.0	1	7161	n/a
14.00390625	n/a	1.0	2	7170	n/a
14.01953125	n/a	0.0	1	7178	n/a
14.037109375	n/a	0.0	1	7187	n/a
14.052734375	n/a	1.0	2	7195	n/a
14.0703125	n/a	0.0	1	7204	n/a
14.0859375	n/a	1.0	2	7212	n/a
14.103515625	n/a	1.0	2	7221	n/a
14.119140625	n/a	0.0	1	7229	n/a
14.13671875	n/a	1.0	2	7238	n/a
14.15234375	n/a	0.0	1	7246	n/a
14.169921875	n/a	0.0	1	7255	n/a
14.185546875	n/a	1.0	2	7263	n/a
14.203125	n/a	1.0	2	7272	n/a
14.220703125	n/a	0.0	1	7281	n/a
14.236328125	n/a	1.0	2	7289	n/a
14.25390625	n/a	0.0	1	7298	n/a
14.26953125	n/a	1.0	2	7306	n/a
14.287109375	n/a	0.0	1	7315	n/a
14.302734375	n/a	0.0	1	7323	n/a
14.3203125	n/a	1.0	2	7332	n/a
14.3359375	n/a	1.0	2	7340	n/a
14.353515625	n/a	0.0	1	7349	n/a
14.369140625	n/a	1.0	2	7357	n/a
14.38671875	n/a	0.0	1	7366	n/a
14.40234375	n/a	0.0	1	7374	n/a
14.419921875	n/a	1.0	2	7383	n/a
14.435546875	n/a	1.0	2	7391	n/a
14.453125	n/a	0.0	1	7400	n/a
14.470703125	n/a	0.0	1	7409	n/a
14.486328125	n/a	1.0	2	7417	n/a
14.50390625	n/a	0.0	1	7426	n/a
14.51953125	n/a	1.0	2	7434	n/a
14.537109375	n/a	1.0	2	7443	n/a
14.552734375	n/a	0.0	1	7451	n/a
14.5703125	n/a	0.0	1	7460	n/a
14.5859375	n/a	1.0	2	7468	n/a
14.603515625	n/a	0.0	1	7477	n/a
14.619140625	n/a	1.0	2	7485	n/a
14.63671875	n/a	1.0	2	7494	n/a
14.65234375	n/a	0.0	1	7502	n/a
14.669921875	n/a	1.0	2	7511	n/a
14.685546875	n/a	0.0	1	7519	n/a
14.703125	n/a	1.0	2	7528	n/a
14.720703125	n/a	0.0	1	7537	n/a
14.736328125	n/a	0.0	1	7545	n/a
14.75390625	n/a	1.0	2	7554	n/a
14.76953125	n/a	0.0	1	7562	n/a
14.787109375	n/a	1.0	2	7571	n/a
14.802734375	n/a	0.0	1	7579	n/a
14.8203125	n/a	1.0	2	7588	n/a
14.8359375	n/a	1.0	2	7596	n/a
14.853515625	n/a	0.0	1	7605	n/a
14.869140625	n/a	0.0	1	7613	n/a
14.88671875	n/a	1.0	2	7622	n/a
14.90234375	n/a	1.0	2	7630	n/a
14.919921875	n/a	0.0	1	7639	n/a
14.935546875	n/a	1.0	2	7647	n/a
14.953125	n/a	0.0	1	7656	n/a
14.970703125	n/a	1.0	2	7665	n/a
14.986328125	n/a	0.0	1	7673	n/a
15.00390625	n/a	1.0	2	7682	n/a
15.01953125	n/a	0.0	1	7690	n/a
15.037109375	n/a	0.0	1	7699	n/a
15.052734375	n/a	1.0	2	7707	n/a
15.0703125	n/a	0.0	1	7716	n/a
15.0859375	n/a	1.0	2	7724	n/a
15.103515625	n/a	1.0	2	7733	n/a
15.119140625	n/a	0.0	1	7741	n/a
15.13671875	n/a	0.0	1	7750	n/a
15.15234375	n/a	1.0	2	7758	n/a
15.169921875	n/a	1.0	2	7767	n/a
15.185546875	n/a	0.0	1	7775	n/a
15.203125	n/a	0.0	1	7784	n/a
15.220703125	n/a	1.0	2	7793	n/a
15.236328125	n/a	0.0	1	7801	n/a
15.25390625	n/a	1.0	2	7810	n/a
15.26953125	n/a	0.0	1	7818	n/a
15.287109375	n/a	1.0	2	7827	n/a
15.302734375	n/a	1.0	2	7835	n/a
15.3203125	n/a	0.0	1	7844	n/a
15.3359375	n/a	1.0	2	7852	n/a
15.353515625	n/a	0.0	1	7861	n/a
15.369140625	n/a	0.0	1	7869	n/a
15.38671875	n/a	1.0	2	7878	n/a
15.40234375	n/a	0.0	1	7886	n/a
15.419921875	n/a	1.0	2	7895	n/a
15.435546875	n/a	0.0	1	7903	n/a
15.453125	n/a	1.0	2	7912	n/a
15.470703125	n/a	0.0	1	7921	n/a
15.486328125	n/a	1.0	2	7929	n/a
15.50390625	n/a	1.0	2	7938	n/a
15.51953125	n/a	0.0	1	7946	n/a
15.537109375	n/a	0.0	1	7955	n/a
15.552734375	n/a	1.0	2	7963	n/a
15.5703125	n/a	0.0	1	7972	n/a
15.5859375	n/a	1.0	2	7980	n/a
15.603515625	n/a	0.0	1	7989	n/a
15.619140625	n/a	1.0	2	7997	n/a
15.63671875	n/a	0.0	1	8006	n/a
15.65234375	n/a	1.0	2	8014	n/a
15.669921875	n/a	0.0	1	8023	n/a
15.685546875	n/a	1.0	2	8031	n/a
15.703125	n/a	1.0	2	8040	n/a
15.720703125	n/a	0.0	1	8049	n/a
15.736328125	n/a	1.0	2	8057	n/a
15.75390625	n/a	0.0	1	8066	n/a
15.76953125	n/a	1.0	2	8074	n/a
15.787109375	n/a	0.0	1	8083	n/a
15.802734375	n/a	1.0	2	8091	n/a
15.8203125	n/a	0.0	1	8100	n/a
15.8359375	n/a	1.0	2	8108	n/a
15.853515625	n/a	0.0	1	8117	n/a
15.869140625	n/a	1.0	2	8125	n/a
15.88671875	n/a	0.0	1	8134	n/a
15.90234375	n/a	0.0	1	8142	n/a
15.919921875	n/a	1.0	2	8151	n/a
15.935546875	n/a	1.0	2	8159	n/a
15.953125	n/a	0.0	1	8168	n/a
15.970703125	n/a	0.0	1	8177	n/a
15.986328125	n/a	1.0	2	8185	n/a
16.00390625	n/a	1.0	2	8194	n/a
16.01953125	n/a	0.0	1	8202	n/a
16.037109375	n/a	0.0	1	8211	n/a
16.052734375	n/a	1.0	2	8219	n/a
16.0703125	n/a	1.0	2	8228	n/a
16.0859375	n/a	0.0	1	8236	n/a
16.103515625	n/a	1.0	2	8245	n/a
16.119140625	n/a	0.0	1	8253	n/a
16.13671875	n/a	0.0	1	8262	n/a
16.15234375	n/a	1.0	2	8270	n/a
16.169921875	n/a	0.0	1	8279	n/a
16.185546875	n/a	1.0	2	8287	n/a
16.203125	n/a	1.0	2	8296	n/a
16.220703125	n/a	0.0	1	8305	n/a
16.236328125	n/a	1.0	2	8313	n/a
16.25390625	n/a	0.0	1	8322	n/a
16.26953125	n/a	0.0	1	8330	n/a
16.287109375	n/a	1.0	2	8339	n/a
16.302734375	n/a	1.0	2	8347	n/a
16.3203125	n/a	0.0	1	8356	n/a
16.3359375	n/a	1.0	2	8364	n/a
16.353515625	n/a	0.0	1	8373	n/a
16.369140625	n/a	1.0	2	8381	n/a
16.38671875	n/a	0.0	1	8390	n/a
16.40234375	n/a	0.0	1	8398	n/a
16.419921875	n/a	1.0	2	8407	n/a
16.435546875	n/a	1.0	2	8415	n/a
16.453125	n/a	0.0	1	8424	n/a
16.470703125	n/a	1.0	2	8433	n/a
16.486328125	n/a	0.0	1	8441	n/a
16.50390625	n/a	0.0	1	8450	n/a
16.51953125	n/a	1.0	2	8458	n/a
16.537109375	n/a	1.0	2	8467	n/a
16.552734375	n/a	0.0	1	8475	n/a
16.5703125	n/a	0.0	1	8484	n/a
16.5859375	n/a	1.0	2	8492	n/a
16.603515625	n/a	0.0	1	8501	n/a
16.619140625	n/a	1.0	2	8509	n/a
16.63671875	n/a	1.0	2	8518	n/a
16.65234375	n/a	0.0	1	8526	n/a
16.669921875	n/a	0.0	1	8535	n/a
16.685546875	n/a	1.0	2	8543	n/a
16.703125	n/a	0.0	1	8552	n/a
16.720703125	n/a	1.0	2	8561	n/a
16.736328125	n/a	1.0	2	8569	n/a
16.75390625	n/a	0.0	1	8578	n/a
16.76953125	n/a	1.0	2	8586	n/a
16.787109375	n/a	0.0	1	8595	n/a
16.802734375	n/a	1.0	2	8603	n/a
16.8203125	n/a	0.0	1	8612	n/a
16.8359375	n/a	0.0	1	8620	n/a
16.853515625	n/a	1.0	2	8629	n/a
16.869140625	n/a	0.0	1	8637	n/a
16.88671875	n/a	1.0	2	8646	n/a
16.90234375	n/a	0.0	1	8654	n/a
16.919921875	n/a	1.0	2	8663	n/a
16.935546875	n/a	1.0	2	8671	n/a
16.953125	n/a	0.0	1	8680	n/a
16.970703125	n/a	0.0	1	8689	n/a
16.986328125	n/a	1.0	2	8697	n/a
17.00390625	n/a	1.0	2	8706	n/a
17.01953125	n/a	0.0	1	8714	n/a
17.037109375	n/a	1.0	2	8723	n/a
17.052734375	n/a	0.0	1	8731	n/a
17.0703125	n/a	1.0	2	8740	n/a
17.0859375	n/a	0.0	1	8748	n/a
17.103515625	n/a	1.0	2	8757	n/a
17.119140625	n/a	0.0	1	8765	n/a
17.13671875	n/a	0.0	1	8774	n/a
17.15234375	n/a	1.0	2	8782	n/a
17.169921875	n/a	0.0	1	8791	n/a
17.185546875	n/a	1.0	2	8799	n/a
17.203125	n/a	1.0	2	8808	n/a
17.220703125	n/a	0.0	1	8817	n/a
17.236328125	n/a	0.0	1	8825	n/a
17.25390625	n/a	1.0	2	8834	n/a
17.26953125	n/a	1.0	2	8842	n/a
17.287109375	n/a	0.0	1	8851	n/a
17.302734375	n/a	0.0	1	8859	n/a
17.3203125	n/a	1.0	2	8868	n/a
17.3359375	n/a	0.0	1	8876	n/a
17.353515625	n/a	1.0	2	8885	n/a
17.369140625	n/a	0.0	1	8893	n/a
17.38671875	n/a	1.0	2	8902	n/a
17.40234375	n/a	1.0	2	8910	n/a
17.419921875	n/a	0.0	1	8919	n/a
17.435546875	n/a	1.0	2	8927	n/a
17.453125	n/a	0.0	1	8936	n/a
17.470703125	n/a	0.0	1	8945	n/a
17.486328125	n/a	1.0	2	8953	n/a
17.50390625	n/a	0.0	1	8962	n/a
17.51953125	n/a	1.0	2	8970	n/a
17.537109375	n/a	0.0	1	8979	n/a
17.552734375	n/a	1.0	2	8987	n/a
17.5703125	n/a	0.0	1	8996	n/a
17.5859375	n/a	1.0	2	9004	n/a
17.603515625	n/a	1.0	2	9013	n/a
17.619140625	n/a	0.0	1	9021	n/a
17.63671875	n/a	0.0	1	9030	n/a
17.65234375	n/a	1.0	2	9038	n/a
17.669921875	n/a	0.0	1	9047	n/a
17.685546875	n/a	1.0	2	9055	n/a
17.703125	n/a	0.0	1	9064	n/a
17.720703125	n/a	1.0	2	9073	n/a
17.736328125	n/a	0.0	1	9081	n/a
17.75390625	n/a	1.0	2	9090	n/a
17.76953125	n/a	0.0	1	9098	n/a
17.787109375	n/a	1.0	2	9107	n/a
17.802734375	n/a	1.0	2	9115	n/a
17.8203125	n/a	0.0	1	9124	n/a
17.8359375	n/a	1.0	2	9132	n/a
17.853515625	n/a	0.0	1	9141	n/a
17.869140625	n/a	1.0	2	9149	n/a
17.88671875	n/a	0.0	1	9158	n/a
17.90234375	n/a	1.0	2	9166	n/a
17.919921875	n/a	0.0	1	9175	n/a
17.935546875	n/a	1.0	2	9183	n/a
17.953125	n/a	0.0	1	9192	n/a
17.970703125	n/a	1.0	2	9201	n/a
17.986328125	n/a	0.0	1	9209	n/a
18.00390625	n/a	0.0	1	9218	n/a
18.01953125	n/a	1.0	2	9226	n/a
18.037109375	n/a	1.0	2	9235	n/a
18.052734375	n/a	0.0	1	9243	n/a
18.0703125	n/a	0.0	1	9252	n/a
18.0859375	n/a	1.0	2	9260	n/a
18.103515625	n/a	1.0	2	9269	n/a
18.119140625	n/a	0.0	1	9277	n/a
18.13671875	n/a	0.0	1	9286	n/a
18.15234375	n/a	1.0	2	9294	n/a
18.169921875	n/a	1.0	2	9303	n/a
18.185546875	n/a	0.0	1	9311	n/a
18.203125	n/a	1.0	2	9320	n/a
18.220703125	n/a	0.0	1	9329	n/a
18.236328125	n/a	0.0	1	9337	n/a
18.25390625	n/a	1.0	2	9346	n/a
18.26953125	n/a	0.0	1	9354	n/a
18.287109375	n/a	1.0	2	9363	n/a
18.302734375	n/a	1.0	2	9371	n/a
18.3203125	n/a	0.0	1	9380	n/a
18.3359375	n/a	1.0	2	9388	n/a
18.353515625	n/a	0.0	1	9397	n/a
18.369140625	n/a	0.0	1	9405	n/a
18.38671875	n/a	1.0	2	9414	n/a
18.40234375	n/a	1.0	2	9422	n/a
18.419921875	n/a	0.0	1	9431	n/a
18.435546875	n/a	1.0	2	9439	n/a
18.453125	n/a	0.0	1	9448	n/a
18.470703125	n/a	1.0	2	9457	n/a
18.486328125	n/a	0.0	1	9465	n/a
18.50390625	n/a	0.0	1	9474	n/a
18.51953125	n/a	1.0	2	9482	n/a
18.537109375	n/a	1.0	2	9491	n/a
18.552734375	n/a	0.0	1	9499	n/a
18.5703125	n/a	1.0	2	9508	n/a
18.5859375	n/a	0.0	1	9516	n/a
18.603515625	n/a	0.0	1	9525	n/a
18.619140625	n/a	1.0	2	9533	n/a
18.63671875	n/a	1.0	2	9542	n/a
18.65234375	n/a	0.0	1	9550	n/a
18.669921875	n/a	0.0	1	9559	n/a
18.685546875	n/a	1.0	2	9567	n/a
18.703125	n/a	0.0	1	9576	n/a
18.720703125	n/a	1.0	2	9585	n/a
18.736328125	n/a	1.0	2	9593	n/a
18.75390625	n/a	0.0	1	9602	n/a
18.76953125	n/a	0.0	1	9610	n/a
18.787109375	n/a	1.0	2	9619	n/a
18.802734375	n/a	0.0	1	9627	n/a
18.8203125	n/a	1.0	2	9636	n/a
18.8359375	n/a	1.0	2	9644	n/a
18.853515625	n/a	0.0	1	9653	n/a
18.869140625	n/a	1.0	2	9661	n/a
18.88671875	n/a	0.0	1	9670	n/a
18.90234375	n/a	1.0	2	9678	n/a
18.919921875	n/a	0.0	1	9687	n/a
18.935546875	n/a	0.0	1	9695	n/a
18.953125	n/a	1.0	2	9704	n/a
18.970703125	n/a	0.0	1	9713	n/a
18.986328125	n/a	1.0	2	9721	n/a
19.00390625	n/a	0.0	1	9730	n/a
19.01953125	n/a	1.0	2	9738	n/a
19.037109375	n/a	1.0	2	9747	n/a
19.052734375	n/a	0.0	1	9755	n/a
19.0703125	n/a	0.0	1	9764	n/a
19.0859375	n/a	1.0	2	9772	n/a
19.103515625	n/a	1.0	2	9781	n/a
19.119140625	n/a	0.0	1	9789	n/a
19.13671875	n/a	1.0	2	9798	n/a
19.15234375	n/a	0.0	1	9806	n/a
19.169921875	n/a	1.0	2	9815	n/a
19.185546875	n/a	0.0	1	9823	n/a
19.203125	n/a	1.0	2	9832	n/a
19.220703125	n/a	0.0	1	9841	n/a
19.236328125	n/a	0.0	1	9849	n/a
19.25390625	n/a	1.0	2	9858	n/a
19.26953125	n/a	0.0	1	9866	n/a
19.287109375	n/a	1.0	2	9875	n/a
19.302734375	n/a	1.0	2	9883	n/a
19.3203125	n/a	0.0	1	9892	n/a
19.3359375	n/a	0.0	1	9900	n/a
19.353515625	n/a	1.0	2	9909	n/a
19.369140625	n/a	1.0	2	9917	n/a
19.38671875	n/a	0.0	1	9926	n/a
19.40234375	n/a	0.0	1	9934	n/a
19.419921875	n/a	1.0	2	9943	n/a
19.435546875	n/a	0.0	1	9951	n/a
19.453125	n/a	1.0	2	9960	n/a
19.470703125	n/a	0.0	1	9969	n/a
19.486328125	n/a	1.0	2	9977	n/a
19.50390625	n/a	1.0	2	9986	n/a
19.51953125	n/a	0.0	1	9994	n/a
19.537109375	n/a	1.0	2	10003	n/a
19.552734375	n/a	0.0	1	10011	n/a
19.5703125	n/a	0.0	1	10020	n/a
19.5859375	n/a	1.0	2	10028	n/a
19.603515625	n/a	0.0	1	10037	n/a
19.619140625	n/a	1.0	2	10045	n/a
19.63671875	n/a	0.0	1	10054	n/a
19.65234375	n/a	1.0	2	10062	n/a
19.669921875	n/a	0.0	1	10071	n/a
19.685546875	n/a	1.0	2	10079	n/a
19.703125	n/a	1.0	2	10088	n/a
19.720703125	n/a	0.0	1	10097	n/a
19.736328125	n/a	0.0	1	10105	n/a
19.75390625	n/a	1.0	2	10114	n/a
19.76953125	n/a	0.0	1	10122	n/a
19.787109375	n/a	1.0	2	10131	n/a
19.802734375	n/a	0.0	1	10139	n/a
19.8203125	n/a	1.0	2	10148	n/a
19.8359375	n/a	0.0	1	10156	n/a
19.853515625	n/a	1.0	2	10165	n/a
19.869140625	n/a	0.0	1	10173	n/a
19.88671875	n/a	1.0	2	10182	n/a
19.90234375	n/a	1.0	2	10190	n/a
19.919921875	n/a	0.0	1	10199	n/a
19.935546875	n/a	1.0	2	10207	n/a
19.953125	n/a	0.0	1	10216	n/a
19.970703125	n/a	1.0	2	10225	n/a
19.986328125	n/a	0.0	1	10233	n/a
20.00390625	n/a	1.0	2	10242	n/a
20.01953125	n/a	0.0	1	10250	n/a
20.037109375	n/a	1.0	2	10259	n/a
20.052734375	n/a	0.0	1	10267	n/a
20.0703125	n/a	1.0	2	10276	n/a
20.0859375	n/a	0.0	1	10284	n/a
20.103515625	n/a	0.0	1	10293	n/a
20.119140625	n/a	1.0	2	10301	n/a
20.13671875	n/a	1.0	2	10310	n/a
20.15234375	n/a	0.0	1	10318	n/a
20.169921875	n/a	0.0	1	10327	n/a
20.185546875	n/a	1.0	2	10335	n/a
20.203125	n/a	1.0	2	10344	n/a
20.220703125	n/a	0.0	1	10353	n/a
20.236328125	n/a	0.0	1	10361	n/a
20.25390625	n/a	1.0	2	10370	n/a
20.26953125	n/a	1.0	2	10378	n/a
20.287109375	n/a	0.0	1	10387	n/a
20.302734375	n/a	1.0	2	10395	n/a
20.3203125	n/a	0.0	1	10404	n/a
20.3359375	n/a	0.0	1	10412	n/a
20.353515625	n/a	1.0	2	10421	n/a
20.369140625	n/a	0.0	1	10429	n/a
20.38671875	n/a	1.0	2	10438	n/a
20.40234375	n/a	1.0	2	10446	n/a
20.419921875	n/a	0.0	1	10455	n/a
20.435546875	n/a	1.0	2	10463	n/a
20.453125	n/a	0.0	1	10472	n/a
20.470703125	n/a	0.0	1	10481	n/a
20.486328125	n/a	1.0	2	10489	n/a
20.50390625	n/a	1.0	2	10498	n/a
20.51953125	n/a	0.0	1	10506	n/a
20.537109375	n/a	1.0	2	10515	n/a
20.552734375	n/a	0.0	1	10523	n/a
20.5703125	n/a	1.0	2	10532	n/a
20.5859375	n/a	0.0	1	10540	n/a
20.603515625	n/a	0.0	1	10549	n/a
20.619140625	n/a	1.0	2	10557	n/a
20.63671875	n/a	1.0	2	10566	n/a
20.65234375	n/a	0.0	1	10574	n/a
20.669921875	n/a	1.0	2	10583	n/a
20.685546875	n/a	0.0	1	10591	n/a
20.703125	n/a	0.0	1	10600	n/a
20.720703125	n/a	1.0	2	10609	n/a
20.736328125	n/a	1.0	2	10617	n/a
20.75390625	n/a	0.0	1	10626	n/a
20.76953125	n/a	0.0	1	10634	n/a
20.787109375	n/a	1.0	2	10643	n/a
20.802734375	n/a	0.0	1	10651	n/a
20.8203125	n/a	1.0	2	10660	n/a
20.8359375	n/a	1.0	2	10668	n/a
20.853515625	n/a	0.0	1	10677	n/a
20.869140625	n/a	0.0	1	10685	n/a
20.88671875	n/a	1.0	2	10694	n/a
20.90234375	n/a	0.0	1	10702	n/a
20.919921875	n/a	1.0	2	10711	n/a
20.935546875	n/a	1.0	2	10719	n/a
20.953125	n/a	0.0	1	10728	n/a
20.970703125	n/a	1.0	2	10737	n/a
20.986328125	n/a	0.0	1	10745	n/a
21.00390625	n/a	1.0	2	10754	n/a
21.01953125	n/a	0.0	1	10762	n/a
21.037109375	n/a	0.0	1	10771	n/a
21.052734375	n/a	1.0	2	10779	n/a
21.0703125	n/a	0.0	1	10788	n/a
21.0859375	n/a	1.0	2	10796	n/a
21.103515625	n/a	0.0	1	10805	n/a
21.119140625	n/a	1.0	2	10813	n/a
21.13671875	n/a	1.0	2	10822	n/a
21.15234375	n/a	0.0	1	10830	n/a
21.169921875	n/a	0.0	1	10839	n/a
21.185546875	n/a	1.0	2	10847	n/a
21.203125	n/a	1.0	2	10856	n/a
21.220703125	n/a	0.0	1	10865	n/a
21.236328125	n/a	1.0	2	10873	n/a
21.25390625	n/a	0.0	1	10882	n/a
21.26953125	n/a	1.0	2	10890	n/a
21.287109375	n/a	0.0	1	10899	n/a
21.302734375	n/a	1.0	2	10907	n/a
21.3203125	n/a	0.0	1	10916	n/a
21.3359375	n/a	0.0	1	10924	n/a
21.353515625	n/a	1.0	2	10933	n/a
21.369140625	n/a	0.0	1	10941	n/a
21.38671875	n/a	1.0	2	10950	n/a
21.40234375	n/a	1.0	2	10958	n/a
21.419921875	n/a	0.0	1	10967	n/a
21.435546875	n/a	0.0	1	10975	n/a
21.453125	n/a	1.0	2	10984	n/a
21.470703125	n/a	1.0	2	10993	n/a
21.486328125	n/a	0.0	1	11001	n/a
21.50390625	n/a	0.0	1	11010	n/a
21.51953125	n/a	1.0	2	11018	n/a
21.537109375	n/a	0.0	1	11027	n/a
21.552734375	n/a	1.0	2	11035	n/a
21.5703125	n/a	0.0	1	11044	n/a
21.5859375	n/a	1.0	2	11052	n/a
21.603515625	n/a	1.0	2	11061	n/a
21.619140625	n/a	0.0	1	11069	n/a
21.63671875	n/a	1.0	2	11078	n/a
21.65234375	n/a	0.0	1	11086	n/a
21.669921875	n/a	0.0	1	11095	n/a
21.685546875	n/a	1.0	2	11103	n/a
21.703125	n/a	0.0	1	11112	n/a
21.720703125	n/a	1.0	2	11121	n/a
21.736328125	n/a	0.0	1	11129	n/a
21.75390625	n/a	1.0	2	11138	n/a
21.76953125	n/a	0.0	1	11146	n/a
21.787109375	n/a	1.0	2	11155	n/a
21.802734375	n/a	1.0	2	11163	n/a
21.8203125	n/a	0.0	1	11172	n/a
21.8359375	n/a	0.0	1	11180	n/a
21.853515625	n/a	1.0	2	11189	n/a
21.869140625	n/a	0.0	1	11197	n/a
21.88671875	n/a	1.0	2	11206	n/a
21.90234375	n/a	0.0	1	11214	n/a
21.919921875	n/a	1.0	2	11223	n/a
21.935546875	n/a	0.0	1	11231	n/a
21.953125	n/a	1.0	2	11240	n/a
21.970703125	n/a	0.0	1	11249	n/a
21.986328125	n/a	1.0	2	11257	n/a
22.00390625	n/a	1.0	2	11266	n/a
22.01953125	n/a	0.0	1	11274	n/a
22.037109375	n/a	1.0	2	11283	n/a
22.052734375	n/a	0.0	1	11291	n/a
22.0703125	n/a	1.0	2	11300	n/a
22.0859375	n/a	0.0	1	11308	n/a
22.103515625	n/a	1.0	2	11317	n/a
22.119140625	n/a	0.0	1	11325	n/a
22.13671875	n/a	1.0	2	11334	n/a
22.15234375	n/a	0.0	1	11342	n/a
22.169921875	n/a	1.0	2	11351	n/a
22.185546875	n/a	0.0	1	11359	n/a
22.203125	n/a	0.0	1	11368	n/a
22.220703125	n/a	1.0	2	11377	n/a
22.236328125	n/a	1.0	2	11385	n/a
22.25390625	n/a	0.0	1	11394	n/a
22.26953125	n/a	0.0	1	11402	n/a
22.287109375	n/a	1.0	2	11411	n/a
22.302734375	n/a	1.0	2	11419	n/a
22.3203125	n/a	0.0	1	11428	n/a
22.3359375	n/a	0.0	1	11436	n/a
22.353515625	n/a	1.0	2	11445	n/a
22.369140625	n/a	1.0	2	11453	n/a
22.38671875	n/a	0.0	1	11462	n/a
22.40234375	n/a	1.0	2	11470	n/a
22.419921875	n/a	0.0	1	11479	n/a
22.435546875	n/a	0.0	1	11487	n/a
22.453125	n/a	1.0	2	11496	n/a
22.470703125	n/a	0.0	1	11505	n/a
22.486328125	n/a	1.0	2	11513	n/a
22.50390625	n/a	1.0	2	11522	n/a
22.51953125	n/a	0.0	1	11530	n/a
22.537109375	n/a	1.0	2	11539	n/a
22.552734375	n/a	0.0	1	11547	n/a
22.5703125	n/a	0.0	1	11556	n/a
22.5859375	n/a	1.0	2	11564	n/a
22.603515625	n/a	1.0	2	11573	n/a
22.619140625	n/a	0.0	1	11581	n/a
22.63671875	n/a	1.0	2	11590	n/a
22.65234375	n/a	0.0	1	11598	n/a
22.669921875	n/a	1.0	2	11607	n/a
22.685546875	n/a	0.0	1	11615	n/a
22.703125	n/a	0.0	1	11624	n/a
22.720703125	n/a	1.0	2	11633	n/a
22.736328125	n/a	1.0	2	11641	n/a
22.75390625	n/a	0.0	1	11650	n/a
22.76953125	n/a	1.0	2	11658	n/a
22.787109375	n/a	0.0	1	11667	n/a
22.802734375	n/a	0.0	1	11675	n/a
22.8203125	n/a	1.0	2	11684	n/a
22.8359375	n/a	1.0	2	11692	n/a
22.853515625	n/a	0.0	1	11701	n/a
22.869140625	n/a	0.0	1	11709	n/a
22.88671875	n/a	1.0	2	11718	n/a
22.90234375	n/a	0.0	1	11726	n/a
22.919921875	n/a	1.0	2	11735	n/a
22.935546875	n/a	1.0	2	11743	n/a
22.953125	n/a	0.0	1	11752	n/a
22.970703125	n/a	0.0	1	11761	n/a
22.986328125	n/a	1.0	2	11769	n/a
23.00390625	n/a	0.0	1	11778	n/a
23.01953125	n/a	1.0	2	11786	n/a
23.037109375	n/a	1.0	2	11795	n/a
23.052734375	n/a	0.0	1	11803	n/a
23.0703125	n/a	1.0	2	11812	n/a
23.0859375	n/a	0.0	1	11820	n/a
23.103515625	n/a	1.0	2	11829	n/a
23.119140625	n/a	0.0	1	11837	n/a
23.13671875	n/a	0.0	1	11846	n/a
23.15234375	n/a	1.0	2	11854	n/a
23.169921875	n/a	0.0	1	11863	n/a
23.185546875	n/a	1.0	2	11871	n/a
23.203125	n/a	0.0	1	11880	n/a
23.220703125	n/a	1.0	2	11889	n/a
23.236328125	n/a	1.0	2	11897	n/a
23.25390625	n/a	0.0	1	11906	n/a
23.26953125	n/a	0.0	1	11914	n/a
23.287109375	n/a	1.0	2	11923	n/a
23.302734375	n/a	1.0	2	11931	n/a
23.3203125	n/a	0.0	1	11940	n/a
23.3359375	n/a	1.0	2	11948	n/a
23.353515625	n/a	0.0	1	11957	n/a
23.369140625	n/a	1.0	2	11965	n/a
23.38671875	n/a	0.0	1	11974	n/a
23.40234375	n/a	1.0	2	11982	n/a
23.419921875	n/a	0.0	1	11991	n/a
23.435546875	n/a	0.0	1	11999	n/a
23.453125	n/a	1.0	2	12008	n/a
23.470703125	n/a	0.0	1	12017	n/a
23.486328125	n/a	1.0	2	12025	n/a
23.50390625	n/a	1.0	2	12034	n/a
23.51953125	n/a	0.0	1	12042	n/a
23.537109375	n/a	0.0	1	12051	n/a
23.552734375	n/a	1.0	2	12059	n/a
23.5703125	n/a	1.0	2	12068	n/a
23.5859375	n/a	0.0	1	12076	n/a
23.603515625	n/a	0.0	1	12085	n/a
23.619140625	n/a	1.0	2	12093	n/a
23.63671875	n/a	0.0	1	12102	n/a
23.65234375	n/a	1.0	2	12110	n/a
23.669921875	n/a	0.0	1	12119	n/a
23.685546875	n/a	1.0	2	12127	n/a
23.703125	n/a	1.0	2	12136	n/a
23.720703125	n/a	0.0	1	12145	n/a
23.736328125	n/a	1.0	2	12153	n/a
23.75390625	n/a	0.0	1	12162	n/a
23.76953125	n/a	0.0	1	12170	n/a
23.787109375	n/a	1.0	2	12179	n/a
23.802734375	n/a	0.0	1	12187	n/a
23.8203125	n/a	1.0	2	12196	n/a
23.8359375	n/a	0.0	1	12204	n/a
23.853515625	n/a	1.0	2	12213	n/a
23.869140625	n/a	0.0	1	12221	n/a
23.88671875	n/a	1.0	2	12230	n/a
23.90234375	n/a	1.0	2	12238	n/a
23.919921875	n/a	0.0	1	12247	n/a
23.935546875	n/a	0.0	1	12255	n/a
23.953125	n/a	1.0	2	12264	n/a
23.970703125	n/a	0.0	1	12273	n/a
23.986328125	n/a	1.0	2	12281	n/a
24.00390625	n/a	0.0	1	12290	n/a
24.01953125	n/a	1.0	2	12298	n/a
24.037109375	n/a	0.0	1	12307	n/a
24.052734375	n/a	1.0	2	12315	n/a
24.0703125	n/a	0.0	1	12324	n/a
24.0859375	n/a	1.0	2	12332	n/a
24.103515625	n/a	1.0	2	12341	n/a
24.119140625	n/a	0.0	1	12349	n/a
24.13671875	n/a	1.0	2	12358	n/a
24.15234375	n/a	0.0	1	12366	n/a
24.169921875	n/a	1.0	2	12375	n/a
24.185546875	n/a	0.0	1	12383	n/a
24.203125	n/a	1.0	2	12392	n/a
24.220703125	n/a	0.0	1	12401	n/a
24.236328125	n/a	1.0	2	12409	n/a
24.25390625	n/a	0.0	1	12418	n/a
24.26953125	n/a	1.0	2	12426	n/a
24.287109375	n/a	0.0	1	12435	n/a
24.302734375	n/a	0.0	1	12443	n/a
24.3203125	n/a	1.0	2	12452	n/a
24.3359375	n/a	1.0	2	12460	n/a
24.353515625	n/a	0.0	1	12469	n/a
24.369140625	n/a	0.0	1	12477	n/a
24.38671875	n/a	1.0	2	12486	n/a
24.40234375	n/a	1.0	2	12494	n/a
24.419921875	n/a	0.0	1	12503	n/a
24.435546875	n/a	0.0	1	12511	n/a
24.453125	n/a	1.0	2	12520	n/a
24.470703125	n/a	1.0	2	12529	n/a
24.486328125	n/a	0.0	1	12537	n/a
24.50390625	n/a	1.0	2	12546	n/a
24.51953125	n/a	0.0	1	12554	n/a
24.537109375	n/a	0.0	1	12563	n/a
24.552734375	n/a	1.0	2	12571	n/a
24.5703125	n/a	0.0	1	12580	n/a
24.5859375	n/a	1.0	2	12588	n/a
24.603515625	n/a	1.0	2	12597	n/a
24.619140625	n/a	0.0	1	12605	n/a
24.63671875	n/a	1.0	2	12614	n/a
24.65234375	n/a	0.0	1	12622	n/a
24.669921875	n/a	0.0	1	12631	n/a
24.685546875	n/a	1.0	2	12639	n/a
24.703125	n/a	1.0	2	12648	n/a
24.720703125	n/a	0.0	1	12657	n/a
24.736328125	n/a	1.0	2	12665	n/a
24.75390625	n/a	0.0	1	12674	n/a
24.76953125	n/a	1.0	2	12682	n/a
24.787109375	n/a	0.0	1	12691	n/a
24.802734375	n/a	0.0	1	12699	n/a
24.8203125	n/a	1.0	2	12708	n/a
24.8359375	n/a	1.0	2	12716	n/a
24.853515625	n/a	0.0	1	12725	n/a
24.869140625	n/a	1.0	2	12733	n/a
24.88671875	n/a	0.0	1	12742	n/a
24.90234375	n/a	0.0	1	12750	n/a
24.919921875	n/a	1.0	2	12759	n/a
24.935546875	n/a	1.0	2	12767	n/a
24.953125	n/a	0.0	1	12776	n/a
24.970703125	n/a	0.0	1	12785	n/a
24.986328125	n/a	1.0	2	12793	n/a
25.00390625	n/a	0.0	1	12802	n/a
25.01953125	n/a	1.0	2	12810	n/a
25.037109375	n/a	1.0	2	12819	n/a
25.052734375	n/a	0.0	1	12827	n/a
25.0703125	n/a	0.0	1	12836	n/a
25.0859375	n/a	1.0	2	12844	n/a
25.103515625	n/a	0.0	1	12853	n/a
25.119140625	n/a	1.0	2	12861	n/a
25.13671875	n/a	1.0	2	12870	n/a
25.15234375	n/a	0.0	1	12878	n/a
25.169921875	n/a	1.0	2	12887	n/a
25.185546875	n/a	0.0	1	12895	n/a
25.203125	n/a	1.0	2	12904	n/a
25.220703125	n/a	0.0	1	12913	n/a
25.236328125	n/a	0.0	1	12921	n/a
25.25390625	n/a	1.0	2	12930	n/a
25.26953125	n/a	0.0	1	12938	n/a
25.287109375	n/a	1.0	2	12947	n/a
25.302734375	n/a	0.0	1	12955	n/a
25.3203125	n/a	1.0	2	12964	n/a
25.3359375	n/a	1.0	2	12972	n/a
25.353515625	n/a	0.0	1	12981	n/a
25.369140625	n/a	0.0	1	12989	n/a
25.38671875	n/a	1.0	2	12998	n/a
25.40234375	n/a	1.0	2	13006	n/a
25.419921875	n/a	0.0	1	13015	n/a
25.435546875	n/a	1.0	2	13023	n/a
25.453125	n/a	0.0	1	13032	n/a
25.470703125	n/a	1.0	2	13041	n/a
25.486328125	n/a	0.0	1	13049	n/a
25.50390625	n/a	1.0	2	13058	n/a
25.51953125	n/a	0.0	1	13066	n/a
25.537109375	n/a	0.0	1	13075	n/a
25.552734375	n/a	1.0	2	13083	n/a
25.5703125	n/a	0.0	1	13092	n/a
25.5859375	n/a	1.0	2	13100	n/a
25.603515625	n/a	1.0	2	13109	n/a
25.619140625	n/a	0.0	1	13117	n/a
25.63671875	n/a	0.0	1	13126	n/a
25.65234375	n/a	1.0	2	13134	n/a
25.669921875	n/a	1.0	2	13143	n/a
25.685546875	n/a	0.0	1	13151	n/a
25.703125	n/a	0.0	1	13160	n/a
25.720703125	n/a	1.0	2	13169	n/a
25.736328125	n/a	0.0	1	13177	n/a
25.75390625	n/a	1.0	2	13186	n/a
25.76953125	n/a	0.0	1	13194	n/a
25.787109375	n/a	1.0	2	13203	n/a
25.802734375	n/a	1.0	2	13211	n/a
25.8203125	n/a	0.0	1	13220	n/a
25.8359375	n/a	1.0	2	13228	n/a
25.853515625	n/a	0.0	1	13237	n/a
25.869140625	n/a	0.0	1	13245	n/a
25.88671875	n/a	1.0	2	13254	n/a
25.90234375	n/a	0.0	1	13262	n/a
25.919921875	n/a	1.0	2	13271	n/a
25.935546875	n/a	0.0	1	13279	n/a
25.953125	n/a	1.0	2	13288	n/a
25.970703125	n/a	0.0	1	13297	n/a
25.986328125	n/a	1.0	2	13305	n/a
26.00390625	n/a	1.0	2	13314	n/a
26.01953125	n/a	0.0	1	13322	n/a
26.037109375	n/a	0.0	1	13331	n/a
26.052734375	n/a	1.0	2	13339	n/a
26.0703125	n/a	0.0	1	13348	n/a
26.0859375	n/a	1.0	2	13356	n/a
26.103515625	n/a	0.0	1	13365	n/a
26.119140625	n/a	1.0	2	13373	n/a
26.13671875	n/a	0.0	1	13382	n/a
26.15234375	n/a	1.0	2	13390	n/a
26.169921875	n/a	0.0	1	13399	n/a
26.185546875	n/a	1.0	2	13407	n/a
26.203125	n/a	1.0	2	13416	n/a
26.220703125	n/a	0.0	1	13425	n/a
26.236328125	n/a	1.0	2	13433	n/a
26.25390625	n/a	0.0	1	13442	n/a
26.26953125	n/a	1.0	2	13450	n/a
26.287109375	n/a	0.0	1	13459	n/a
26.302734375	n/a	1.0	2	13467	n/a
26.3203125	n/a	0.0	1	13476	n/a
26.3359375	n/a	1.0	2	13484	n/a
26.353515625	n/a	0.0	1	13493	n/a
26.369140625	n/a	1.0	2	13501	n/a
26.38671875	n/a	0.0	1	13510	n/a
26.40234375	n/a	0.0	1	13518	n/a
26.419921875	n/a	1.0	2	13527	n/a
26.435546875	n/a	1.0	2	13535	n/a
26.453125	n/a	0.0	1	13544	n/a
26.470703125	n/a	0.0	1	13553	n/a
26.486328125	n/a	1.0	2	13561	n/a
26.50390625	n/a	1.0	2	13570	n/a
26.51953125	n/a	0.0	1	13578	n/a
26.537109375	n/a	0.0	1	13587	n/a
26.552734375	n/a	1.0	2	13595	n/a
26.5703125	n/a	1.0	2	13604	n/a
26.5859375	n/a	0.0	1	13612	n/a
26.603515625	n/a	1.0	2	13621	n/a
26.619140625	n/a	0.0	1	13629	n/a
26.63671875	n/a	0.0	1	13638	n/a
26.65234375	n/a	1.0	2	13646	n/a
26.669921875	n/a	0.0	1	13655	n/a
26.685546875	n/a	1.0	2	13663	n/a
26.703125	n/a	1.0	2	13672	n/a
26.720703125	n/a	0.0	1	13681	n/a
26.736328125	n/a	1.0	2	13689	n/a
26.75390625	n/a	0.0	1	13698	n/a
26.76953125	n/a	0.0	1	13706	n/a
26.787109375	n/a	1.0	2	13715	n/a
26.802734375	n/a	1.0	2	13723	n/a
26.8203125	n/a	0.0	1	13732	n/a
26.8359375	n/a	1.0	2	13740	n/a
26.853515625	n/a	0.0	1	13749	n/a
26.869140625	n/a	1.0	2	13757	n/a
26.88671875	n/a	0.0	1	13766	n/a
26.90234375	n/a	0.0	1	13774	n/a
26.919921875	n/a	1.0	2	13783	n/a
26.935546875	n/a	1.0	2	13791	n/a
26.953125	n/a	0.0	1	13800	n/a
26.970703125	n/a	1.0	2	13809	n/a
26.986328125	n/a	0.0	1	13817	n/a
27.00390625	n/a	0.0	1	13826	n/a
27.01953125	n/a	1.0	2	13834	n/a
27.037109375	n/a	1.0	2	13843	n/a
27.052734375	n/a	0.0	1	13851	n/a
27.0703125	n/a	0.0	1	13860	n/a
27.0859375	n/a	1.0	2	13868	n/a
27.103515625	n/a	0.0	1	13877	n/a
27.119140625	n/a	1.0	2	13885	n/a
27.13671875	n/a	1.0	2	13894	n/a
27.15234375	n/a	0.0	1	13902	n/a
27.169921875	n/a	0.0	1	13911	n/a
27.185546875	n/a	1.0	2	13919	n/a
27.203125	n/a	0.0	1	13928	n/a
27.220703125	n/a	1.0	2	13937	n/a
27.236328125	n/a	1.0	2	13945	n/a
27.25390625	n/a	0.0	1	13954	n/a
27.26953125	n/a	1.0	2	13962	n/a
27.287109375	n/a	0.0	1	13971	n/a
27.302734375	n/a	1.0	2	13979	n/a
27.3203125	n/a	0.0	1	13988	n/a
27.3359375	n/a	0.0	1	13996	n/a
27.353515625	n/a	1.0	2	14005	n/a
27.369140625	n/a	0.0	1	14013	n/a
27.38671875	n/a	1.0	2	14022	n/a
27.40234375	n/a	0.0	1	14030	n/a
27.419921875	n/a	1.0	2	14039	n/a
27.435546875	n/a	1.0	2	14047	n/a
27.453125	n/a	0.0	1	14056	n/a
27.470703125	n/a	0.0	1	14065	n/a
27.486328125	n/a	1.0	2	14073	n/a
27.50390625	n/a	1.0	2	14082	n/a
27.51953125	n/a	0.0	1	14090	n/a
27.537109375	n/a	1.0	2	14099	n/a
27.552734375	n/a	0.0	1	14107	n/a
27.5703125	n/a	1.0	2	14116	n/a
27.5859375	n/a	0.0	1	14124	n/a
27.603515625	n/a	1.0	2	14133	n/a
27.619140625	n/a	0.0	1	14141	n/a
27.63671875	n/a	0.0	1	14150	n/a
27.65234375	n/a	1.0	2	14158	n/a
27.669921875	n/a	0.0	1	14167	n/a
27.685546875	n/a	1.0	2	14175	n/a
27.703125	n/a	1.0	2	14184	n/a
27.720703125	n/a	0.0	1	14193	n/a
27.736328125	n/a	0.0	1	14201	n/a
27.75390625	n/a	1.0	2	14210	n/a
27.76953125	n/a	1.0	2	14218	n/a
27.787109375	n/a	0.0	1	14227	n/a
27.802734375	n/a	0.0	1	14235	n/a
27.8203125	n/a	1.0	2	14244	n/a
27.8359375	n/a	0.0	1	14252	n/a
27.853515625	n/a	1.0	2	14261	n/a
27.869140625	n/a	0.0	1	14269	n/a
27.88671875	n/a	1.0	2	14278	n/a
27.90234375	n/a	1.0	2	14286	n/a
27.919921875	n/a	0.0	1	14295	n/a
27.935546875	n/a	1.0	2	14303	n/a
27.953125	n/a	0.0	1	14312	n/a
27.970703125	n/a	0.0	1	14321	n/a
27.986328125	n/a	1.0	2	14329	n/a
28.00390625	n/a	0.0	1	14338	n/a
28.01953125	n/a	1.0	2	14346	n/a
28.037109375	n/a	0.0	1	14355	n/a
28.052734375	n/a	1.0	2	14363	n/a
28.0703125	n/a	0.0	1	14372	n/a
28.0859375	n/a	1.0	2	14380	n/a
28.103515625	n/a	1.0	2	14389	n/a
28.119140625	n/a	0.0	1	14397	n/a
28.13671875	n/a	0.0	1	14406	n/a
28.15234375	n/a	1.0	2	14414	n/a
28.169921875	n/a	0.0	1	14423	n/a
28.185546875	n/a	1.0	2	14431	n/a
28.203125	n/a	0.0	1	14440	n/a
28.220703125	n/a	1.0	2	14449	n/a
28.236328125	n/a	0.0	1	14457	n/a
28.25390625	n/a	1.0	2	14466	n/a
28.26953125	n/a	0.0	1	14474	n/a
28.287109375	n/a	1.0	2	14483	n/a
28.302734375	n/a	1.0	2	14491	n/a
28.3203125	n/a	0.0	1	14500	n/a
28.3359375	n/a	1.0	2	14508	n/a
28.353515625	n/a	0.0	1	14517	n/a
28.369140625	n/a	1.0	2	14525	n/a
28.38671875	n/a	0.0	1	14534	n/a
28.40234375	n/a	1.0	2	14542	n/a
28.419921875	n/a	0.0	1	14551	n/a
28.435546875	n/a	1.0	2	14559	n/a
28.453125	n/a	0.0	1	14568	n/a
28.470703125	n/a	1.0	2	14577	n/a
28.486328125	n/a	0.0	1	14585	n/a
28.50390625	n/a	0.0	1	14594	n/a
28.51953125	n/a	1.0	2	14602	n/a
28.537109375	n/a	1.0	2	14611	n/a
28.552734375	n/a	0.0	1	14619	n/a
28.5703125	n/a	0.0	1	14628	n/a
28.5859375	n/a	1.0	2	14636	n/a
28.603515625	n/a	1.0	2	14645	n/a
28.619140625	n/a	0.0	1	14653	n/a
28.63671875	n/a	0.0	1	14662	n/a
28.65234375	n/a	1.0	2	14670	n/a
28.669921875	n/a	1.0	2	14679	n/a
28.685546875	n/a	0.0	1	14687	n/a
28.703125	n/a	1.0	2	14696	n/a
28.720703125	n/a	0.0	1	14705	n/a
28.736328125	n/a	0.0	1	14713	n/a
28.75390625	n/a	1.0	2	14722	n/a
28.76953125	n/a	0.0	1	14730	n/a
28.787109375	n/a	1.0	2	14739	n/a
28.802734375	n/a	1.0	2	14747	n/a
28.8203125	n/a	0.0	1	14756	n/a
28.8359375	n/a	1.0	2	14764	n/a
28.853515625	n/a	0.0	1	14773	n/a
28.869140625	n/a	0.0	1	14781	n/a
28.88671875	n/a	1.0	2	14790	n/a
28.90234375	n/a	1.0	2	14798	n/a
28.919921875	n/a	0.0	1	14807	n/a
28.935546875	n/a	1.0	2	14815	n/a
28.953125	n/a	0.0	1	14824	n/a
28.970703125	n/a	1.0	2	14833	n/a
28.986328125	n/a	0.0	1	14841	n/a
29.00390625	n/a	0.0	1	14850	n/a
29.01953125	n/a	1.0	2	14858	n/a
29.037109375	n/a	1.0	2	14867	n/a
29.052734375	n/a	0.0	1	14875	n/a
29.0703125	n/a	1.0	2	14884	n/a
29.0859375	n/a	0.0	1	14892	n/a
29.103515625	n/a	0.0	1	14901	n/a
29.119140625	n/a	1.0	2	14909	n/a
29.13671875	n/a	1.0	2	14918	n/a
29.15234375	n/a	0.0	1	14926	n/a
29.169921875	n/a	0.0	1	14935	n/a
29.185546875	n/a	1.0	2	14943	n/a
29.203125	n/a	0.0	1	14952	n/a
29.220703125	n/a	1.0	2	14961	n/a
29.236328125	n/a	1.0	2	14969	n/a
29.25390625	n/a	0.0	1	14978	n/a
29.26953125	n/a	0.0	1	14986	n/a
29.287109375	n/a	1.0	2	14995	n/a
29.302734375	n/a	0.0	1	15003	n/a
29.3203125	n/a	1.0	2	15012	n/a
29.3359375	n/a	1.0	2	15020	n/a
29.353515625	n/a	0.0	1	15029	n/a
29.369140625	n/a	1.0	2	15037	n/a
29.38671875	n/a	0.0	1	15046	n/a
29.40234375	n/a	1.0	2	15054	n/a
29.419921875	n/a	0.0	1	15063	n/a
29.435546875	n/a	0.0	1	15071	n/a
29.453125	n/a	1.0	2	15080	n/a
29.470703125	n/a	0.0	1	15089	n/a
29.486328125	n/a	1.0	2	15097	n/a
29.50390625	n/a	0.0	1	15106	n/a
29.51953125	n/a	1.0	2	15114	n/a
29.537109375	n/a	1.0	2	15123	n/a
29.552734375	n/a	0.0	1	15131	n/a
29.5703125	n/a	0.0	1	15140	n/a
29.5859375	n/a	1.0	2	15148	n/a
29.603515625	n/a	1.0	2	15157	n/a
29.619140625	n/a	0.0	1	15165	n/a
29.63671875	n/a	1.0	2	15174	n/a
29.65234375	n/a	0.0	1	15182	n/a
29.669921875	n/a	1.0	2	15191	n/a
29.685546875	n/a	0.0	1	15199	n/a
29.703125	n/a	1.0	2	15208	n/a
29.720703125	n/a	0.0	1	15217	n/a
29.736328125	n/a	0.0	1	15225	n/a
29.75390625	n/a	1.0	2	15234	n/a
29.76953125	n/a	0.0	1	15242	n/a
29.787109375	n/a	1.0	2	15251	n/a
29.802734375	n/a	1.0	2	15259	n/a
29.8203125	n/a	0.0	1	15268	n/a
29.8359375	n/a	0.0	1	15276	n/a
29.853515625	n/a	1.0	2	15285	n/a
29.869140625	n/a	1.0	2	15293	n/a
29.88671875	n/a	0.0	1	15302	n/a
29.90234375	n/a	0.0	1	15310	n/a
29.919921875	n/a	1.0	2	15319	n/a
29.935546875	n/a	0.0	1	15327	n/a
29.953125	n/a	1.0	2	15336	n/a
29.970703125	n/a	0.0	1	15345	n/a
29.986328125	n/a	1.0	2	15353	n/a
30.00390625	n/a	1.0	2	15362	n/a
30.01953125	n/a	0.0	1	15370	n/a
30.037109375	n/a	1.0	2	15379	n/a
30.052734375	n/a	0.0	1	15387	n/a
30.0703125	n/a	0.0	1	15396	n/a
30.0859375	n/a	1.0	2	15404	n/a
30.103515625	n/a	0.0	1	15413	n/a
30.119140625	n/a	1.0	2	15421	n/a
30.13671875	n/a	0.0	1	15430	n/a
30.15234375	n/a	1.0	2	15438	n/a
30.169921875	n/a	0.0	1	15447	n/a
30.185546875	n/a	1.0	2	15455	n/a
30.203125	n/a	1.0	2	15464	n/a
30.220703125	n/a	0.0	1	15473	n/a
30.236328125	n/a	0.0	1	15481	n/a
30.25390625	n/a	1.0	2	15490	n/a
30.26953125	n/a	0.0	1	15498	n/a
30.287109375	n/a	1.0	2	15507	n/a
30.302734375	n/a	0.0	1	15515	n/a
30.3203125	n/a	1.0	2	15524	n/a
30.3359375	n/a	0.0	1	15532	n/a
30.353515625	n/a	1.0	2	15541	n/a
30.369140625	n/a	0.0	1	15549	n/a
30.38671875	n/a	1.0	2	15558	n/a
30.40234375	n/a	1.0	2	15566	n/a
30.419921875	n/a	0.0	1	15575	n/a
30.435546875	n/a	1.0	2	15583	n/a
30.453125	n/a	0.0	1	15592	n/a
30.470703125	n/a	1.0	2	15601	n/a
30.486328125	n/a	0.0	1	15609	n/a
30.50390625	n/a	1.0	2	15618	n/a
30.51953125	n/a	0.0	1	15626	n/a
30.537109375	n/a	1.0	2	15635	n/a
30.552734375	n/a	0.0	1	15643	n/a
30.5703125	n/a	1.0	2	15652	n/a
30.5859375	n/a	0.0	1	15660	n/a
30.603515625	n/a	0.0	1	15669	n/a
30.619140625	n/a	1.0	2	15677	n/a
30.63671875	n/a	1.0	2	15686	n/a
30.65234375	n/a	0.0	1	15694	n/a
30.669921875	n/a	0.0	1	15703	n/a
30.685546875	n/a	1.0	2	15711	n/a
30.703125	n/a	1.0	2	15720	n/a
30.720703125	n/a	0.0	1	15729	n/a
30.736328125	n/a	0.0	1	15737	n/a
30.75390625	n/a	1.0	2	15746	n/a
30.76953125	n/a	1.0	2	15754	n/a
30.787109375	n/a	0.0	1	15763	n/a
30.802734375	n/a	1.0	2	15771	n/a
30.8203125	n/a	0.0	1	15780	n/a
30.8359375	n/a	0.0	1	15788	n/a
30.853515625	n/a	1.0	2	15797	n/a
30.869140625	n/a	0.0	1	15805	n/a
30.88671875	n/a	1.0	2	15814	n/a
30.90234375	n/a	1.0	2	15822	n/a
30.919921875	n/a	0.0	1	15831	n/a
30.935546875	n/a	1.0	2	15839	n/a
30.953125	n/a	0.0	1	15848	n/a
30.970703125	n/a	0.0	1	15857	n/a
30.986328125	n/a	1.0	2	15865	n/a
31.00390625	n/a	1.0	2	15874	n/a
31.01953125	n/a	0.0	1	15882	n/a
31.037109375	n/a	1.0	2	15891	n/a
31.052734375	n/a	0.0	1	15899	n/a
31.0703125	n/a	1.0	2	15908	n/a
31.0859375	n/a	0.0	1	15916	n/a
31.103515625	n/a	0.0	1	15925	n/a
31.119140625	n/a	1.0	2	15933	n/a
31.13671875	n/a	1.0	2	15942	n/a
31.15234375	n/a	0.0	1	15950	n/a
31.169921875	n/a	1.0	2	15959	n/a
31.185546875	n/a	0.0	1	15967	n/a
31.203125	n/a	0.0	1	15976	n/a
31.220703125	n/a	1.0	2	15985	n/a
31.236328125	n/a	1.0	2	15993	n/a
31.25390625	n/a	0.0	1	16002	n/a
31.26953125	n/a	0.0	1	16010	n/a
31.287109375	n/a	1.0	2	16019	n/a
31.302734375	n/a	0.0	1	16027	n/a
31.3203125	n/a	1.0	2	16036	n/a
31.3359375	n/a	1.0	2	16044	n/a
31.353515625	n/a	0.0	1	16053	n/a
31.369140625	n/a	0.0	1	16061	n/a
31.38671875	n/a	1.0	2	16070	n/a
31.40234375	n/a	0.0	1	16078	n/a
31.419921875	n/a	1.0	2	16087	n/a
31.435546875	n/a	1.0	2	16095	n/a
31.453125	n/a	0.0	1	16104	n/a
31.470703125	n/a	1.0	2	16113	n/a
31.486328125	n/a	0.0	1	16121	n/a
31.50390625	n/a	1.0	2	16130	n/a
31.51953125	n/a	0.0	1	16138	n/a
31.537109375	n/a	0.0	1	16147	n/a
31.552734375	n/a	1.0	2	16155	n/a
31.5703125	n/a	0.0	1	16164	n/a
31.5859375	n/a	1.0	2	16172	n/a
31.603515625	n/a	0.0	1	16181	n/a
31.619140625	n/a	1.0	2	16189	n/a
31.63671875	n/a	1.0	2	16198	n/a
31.65234375	n/a	0.0	1	16206	n/a
31.669921875	n/a	0.0	1	16215	n/a
31.685546875	n/a	1.0	2	16223	n/a
31.703125	n/a	1.0	2	16232	n/a
31.720703125	n/a	0.0	1	16241	n/a
31.736328125	n/a	1.0	2	16249	n/a
31.75390625	n/a	0.0	1	16258	n/a
31.76953125	n/a	1.0	2	16266	n/a
31.787109375	n/a	0.0	1	16275	n/a
31.802734375	n/a	1.0	2	16283	n/a
31.8203125	n/a	0.0	1	16292	n/a
31.8359375	n/a	0.0	1	16300	n/a
31.853515625	n/a	1.0	2	16309	n/a
31.869140625	n/a	0.0	1	16317	n/a
31.88671875	n/a	1.0	2	16326	n/a
31.90234375	n/a	1.0	2	16334	n/a
31.919921875	n/a	0.0	1	16343	n/a
31.935546875	n/a	0.0	1	16351	n/a
31.953125	n/a	1.0	2	16360	n/a
31.970703125	n/a	1.0	2	16369	n/a
31.986328125	n/a	0.0	1	16377	n/a
32.00390625	n/a	0.0	1	16386	n/a
32.01953125	n/a	1.0	2	16394	n/a
32.037109375	n/a	0.0	1	16403	n/a
32.052734375	n/a	1.0	2	16411	n/a
32.0703125	n/a	0.0	1	16420	n/a
32.0859375	n/a	1.0	2	16428	n/a
32.103515625	n/a	1.0	2	16437	n/a
32.119140625	n/a	0.0	1	16445	n/a
32.13671875	n/a	1.0	2	16454	n/a
32.15234375	n/a	0.0	1	16462	n/a
32.169921875	n/a	0.0	1	16471	n/a
32.185546875	n/a	1.0	2	16479	n/a
32.203125	n/a	0.0	1	16488	n/a
32.220703125	n/a	1.0	2	16497	n/a
32.236328125	n/a	0.0	1	16505	n/a
32.25390625	n/a	1.0	2	16514	n/a
32.26953125	n/a	0.0	1	16522	n/a
32.287109375	n/a	1.0	2	16531	n/a
32.302734375	n/a	1.0	2	16539	n/a
32.3203125	n/a	0.0	1	16548	n/a
32.3359375	n/a	0.0	1	16556	n/a
32.353515625	n/a	1.0	2	16565	n/a
32.369140625	n/a	0.0	1	16573	n/a
32.38671875	n/a	1.0	2	16582	n/a
32.40234375	n/a	0.0	1	16590	n/a
32.419921875	n/a	1.0	2	16599	n/a
32.435546875	n/a	0.0	1	16607	n/a
32.453125	n/a	1.0	2	16616	n/a
32.470703125	n/a	0.0	1	16625	n/a
32.486328125	n/a	1.0	2	16633	n/a
32.50390625	n/a	1.0	2	16642	n/a
32.51953125	n/a	0.0	1	16650	n/a
32.537109375	n/a	1.0	2	16659	n/a
32.552734375	n/a	0.0	1	16667	n/a
32.5703125	n/a	1.0	2	16676	n/a
32.5859375	n/a	0.0	1	16684	n/a
32.603515625	n/a	1.0	2	16693	n/a
32.619140625	n/a	0.0	1	16701	n/a
32.63671875	n/a	1.0	2	16710	n/a
32.65234375	n/a	0.0	1	16718	n/a
32.669921875	n/a	1.0	2	16727	n/a
32.685546875	n/a	0.0	1	16735	n/a
32.703125	n/a	0.0	1	16744	n/a
32.720703125	n/a	1.0	2	16753	n/a
32.736328125	n/a	1.0	2	16761	n/a
32.75390625	n/a	0.0	1	16770	n/a
32.76953125	n/a	0.0	1	16778	n/a
32.787109375	n/a	1.0	2	16787	n/a
32.802734375	n/a	1.0	2	16795	n/a
32.8203125	n/a	0.0	1	16804	n/a
32.8359375	n/a	0.0	1	16812	n/a
32.853515625	n/a	1.0	2	16821	n/a
32.869140625	n/a	1.0	2	16829	n/a
32.88671875	n/a	0.0	1	16838	n/a
32.90234375	n/a	1.0	2	16846	n/a
32.919921875	n/a	0.0	1	16855	n/a
32.935546875	n/a	0.0	1	16863	n/a
32.953125	n/a	1.0	2	16872	n/a
32.970703125	n/a	0.0	1	16881	n/a
32.986328125	n/a	1.0	2	16889	n/a
33.00390625	n/a	1.0	2	16898	n/a
33.01953125	n/a	0.0	1	16906	n/a
33.037109375	n/a	1.0	2	16915	n/a
33.052734375	n/a	0.0	1	16923	n/a
33.0703125	n/a	0.0	1	16932	n/a
33.0859375	n/a	1.0	2	16940	n/a
33.103515625	n/a	1.0	2	16949	n/a
33.119140625	n/a	0.0	1	16957	n/a
33.13671875	n/a	1.0	2	16966	n/a
33.15234375	n/a	0.0	1	16974	n/a
33.169921875	n/a	1.0	2	16983	n/a
33.185546875	n/a	0.0	1	16991	n/a
33.203125	n/a	0.0	1	17000	n/a
33.220703125	n/a	1.0	2	17009	n/a
33.236328125	n/a	1.0	2	17017	n/a
33.25390625	n/a	0.0	1	17026	n/a
33.26953125	n/a	1.0	2	17034	n/a
33.287109375	n/a	0.0	1	17043	n/a
33.302734375	n/a	0.0	1	17051	n/a
33.3203125	n/a	1.0	2	17060	n/a
33.3359375	n/a	1.0	2	17068	n/a
33.353515625	n/a	0.0	1	17077	n/a
33.369140625	n/a	0.0	1	17085	n/a
33.38671875	n/a	1.0	2	17094	n/a
33.40234375	n/a	0.0	1	17102	n/a
33.419921875	n/a	1.0	2	17111	n/a
33.435546875	n/a	1.0	2	17119	n/a
33.453125	n/a	0.0	1	17128	n/a
33.470703125	n/a	0.0	1	17137	n/a
33.486328125	n/a	1.0	2	17145	n/a
33.50390625	n/a	0.0	1	17154	n/a
33.51953125	n/a	1.0	2	17162	n/a
33.537109375	n/a	1.0	2	17171	n/a
33.552734375	n/a	0.0	1	17179	n/a
33.5703125	n/a	1.0	2	17188	n/a
33.5859375	n/a	0.0	1	17196	n/a
33.603515625	n/a	1.0	2	17205	n/a
33.619140625	n/a	0.0	1	17213	n/a
33.63671875	n/a	0.0	1	17222	n/a
33.65234375	n/a	1.0	2	17230	n/a
33.669921875	n/a	0.0	1	17239	n/a
33.685546875	n/a	1.0	2	17247	n/a
33.703125	n/a	0.0	1	17256	n/a
33.720703125	n/a	1.0	2	17265	n/a
33.736328125	n/a	1.0	2	17273	n/a
33.75390625	n/a	0.0	1	17282	n/a
33.76953125	n/a	0.0	1	17290	n/a
33.787109375	n/a	1.0	2	17299	n/a
33.802734375	n/a	1.0	2	17307	n/a
33.8203125	n/a	0.0	1	17316	n/a
33.8359375	n/a	1.0	2	17324	n/a
33.853515625	n/a	0.0	1	17333	n/a
33.869140625	n/a	1.0	2	17341	n/a
33.88671875	n/a	0.0	1	17350	n/a
33.90234375	n/a	1.0	2	17358	n/a
33.919921875	n/a	0.0	1	17367	n/a
33.935546875	n/a	0.0	1	17375	n/a
33.953125	n/a	1.0	2	17384	n/a
33.970703125	n/a	0.0	1	17393	n/a
33.986328125	n/a	1.0	2	17401	n/a
34.00390625	n/a	1.0	2	17410	n/a
34.01953125	n/a	0.0	1	17418	n/a
34.037109375	n/a	0.0	1	17427	n/a
34.052734375	n/a	1.0	2	17435	n/a
34.0703125	n/a	1.0	2	17444	n/a
34.0859375	n/a	0.0	1	17452	n/a
34.103515625	n/a	0.0	1	17461	n/a
34.119140625	n/a	1.0	2	17469	n/a
34.13671875	n/a	0.0	1	17478	n/a
34.15234375	n/a	1.0	2	17486	n/a
34.169921875	n/a	0.0	1	17495	n/a
34.185546875	n/a	1.0	2	17503	n/a
34.203125	n/a	1.0	2	17512	n/a
34.220703125	n/a	0.0	1	17521	n/a
34.236328125	n/a	1.0	2	17529	n/a
34.25390625	n/a	0.0	1	17538	n/a
34.26953125	n/a	0.0	1	17546	n/a
34.287109375	n/a	1.0	2	17555	n/a
34.302734375	n/a	0.0	1	17563	n/a
34.3203125	n/a	1.0	2	17572	n/a
34.3359375	n/a	0.0	1	17580	n/a
34.353515625	n/a	1.0	2	17589	n/a
34.369140625	n/a	0.0	1	17597	n/a
34.38671875	n/a	1.0	2	17606	n/a
34.40234375	n/a	1.0	2	17614	n/a
34.419921875	n/a	0.0	1	17623	n/a
34.435546875	n/a	0.0	1	17631	n/a
34.453125	n/a	1.0	2	17640	n/a
34.470703125	n/a	0.0	1	17649	n/a
34.486328125	n/a	1.0	2	17657	n/a
34.50390625	n/a	0.0	1	17666	n/a
34.51953125	n/a	1.0	2	17674	n/a
34.537109375	n/a	0.0	1	17683	n/a
34.552734375	n/a	1.0	2	17691	n/a
34.5703125	n/a	0.0	1	17700	n/a
34.5859375	n/a	1.0	2	17708	n/a
34.603515625	n/a	1.0	2	17717	n/a
34.619140625	n/a	0.0	1	17725	n/a
34.63671875	n/a	1.0	2	17734	n/a
34.65234375	n/a	0.0	1	17742	n/a
34.669921875	n/a	1.0	2	17751	n/a
34.685546875	n/a	0.0	1	17759	n/a
34.703125	n/a	1.0	2	17768	n/a
34.720703125	n/a	0.0	1	17777	n/a
34.736328125	n/a	1.0	2	17785	n/a
34.75390625	n/a	0.0	1	17794	n/a
34.76953125	n/a	1.0	2	17802	n/a
34.787109375	n/a	0.0	1	17811	n/a
34.802734375	n/a	0.0	1	17819	n/a
34.8203125	n/a	1.0	2	17828	n/a
34.8359375	n/a	1.0	2	17836	n/a
34.853515625	n/a	0.0	1	17845	n/a
34.869140625	n/a	0.0	1	17853	n/a
34.88671875	n/a	1.0	2	17862	n/a
34.90234375	n/a	1.0	2	17870	n/a
34.919921875	n/a	0.0	1	17879	n/a
34.935546875	n/a	0.0	1	17887	n/a
34.953125	n/a	1.0	2	17896	n/a
34.970703125	n/a	1.0	2	17905	n/a
34.986328125	n/a	0.0	1	17913	n/a
35.00390625	n/a	1.0	2	17922	n/a
35.01953125	n/a	0.0	1	17930	n/a
35.037109375	n/a	0.0	1	17939	n/a
35.052734375	n/a	1.0	2	17947	n/a
35.0703125	n/a	0.0	1	17956	n/a
35.0859375	n/a	1.0	2	17964	n/a
35.103515625	n/a	1.0	2	17973	n/a
35.119140625	n/a	0.0	1	17981	n/a
35.13671875	n/a	1.0	2	17990	n/a
35.15234375	n/a	0.0	1	17998	n/a
35.169921875	n/a	0.0	1	18007	n/a
35.185546875	n/a	1.0	2	18015	n/a
35.203125	n/a	1.0	2	18024	n/a
35.220703125	n/a	0.0	1	18033	n/a
35.236328125	n/a	1.0	2	18041	n/a
35.25390625	n/a	0.0	1	18050	n/a
35.26953125	n/a	1.0	2	18058	n/a
35.287109375	n/a	0.0	1	18067	n/a
35.302734375	n/a	0.0	1	18075	n/a
35.3203125	n/a	1.0	2	18084	n/a
35.3359375	n/a	1.0	2	18092	n/a
35.353515625	n/a	0.0	1	18101	n/a
35.369140625	n/a	1.0	2	18109	n/a
35.38671875	n/a	0.0	1	18118	n/a
35.40234375	n/a	0.0	1	18126	n/a
35.419921875	n/a	1.0	2	18135	n/a
35.435546875	n/a	1.0	2	18143	n/a
35.453125	n/a	0.0	1	18152	n/a
35.470703125	n/a	0.0	1	18161	n/a
35.486328125	n/a	1.0	2	18169	n/a
35.50390625	n/a	0.0	1	18178	n/a
35.51953125	n/a	1.0	2	18186	n/a
35.537109375	n/a	1.0	2	18195	n/a
35.552734375	n/a	0.0	1	18203	n/a
35.5703125	n/a	0.0	1	18212	n/a
35.5859375	n/a	1.0	2	18220	n/a
35.603515625	n/a	0.0	1	18229	n/a
35.619140625	n/a	1.0	2	18237	n/a
35.63671875	n/a	1.0	2	18246	n/a
35.65234375	n/a	0.0	1	18254	n/a
35.669921875	n/a	1.0	2	18263	n/a
35.685546875	n/a	0.0	1	18271	n/a
35.703125	n/a	1.0	2	18280	n/a
35.720703125	n/a	0.0	1	18289	n/a
35.736328125	n/a	0.0	1	18297	n/a
35.75390625	n/a	1.0	2	18306	n/a
35.76953125	n/a	0.0	1	18314	n/a
35.787109375	n/a	1.0	2	18323	n/a
35.802734375	n/a	0.0	1	18331	n/a
35.8203125	n/a	1.0	2	18340	n/a
35.8359375	n/a	1.0	2	18348	n/a
35.853515625	n/a	0.0	1	18357	n/a
35.869140625	n/a	0.0	1	18365	n/a
35.88671875	n/a	1.0	2	18374	n/a
35.90234375	n/a	1.0	2	18382	n/a
35.919921875	n/a	0.0	1	18391	n/a
35.935546875	n/a	1.0	2	18399	n/a
35.953125	n/a	0.0	1	18408	n/a
35.970703125	n/a	1.0	2	18417	n/a
35.986328125	n/a	0.0	1	18425	n/a
36.00390625	n/a	1.0	2	18434	n/a
36.01953125	n/a	0.0	1	18442	n/a
36.037109375	n/a	0.0	1	18451	n/a
36.052734375	n/a	1.0	2	18459	n/a
36.0703125	n/a	0.0	1	18468	n/a
36.0859375	n/a	1.0	2	18476	n/a
36.103515625	n/a	1.0	2	18485	n/a
36.119140625	n/a	0.0	1	18493	n/a
36.13671875	n/a	0.0	1	18502	n/a
36.15234375	n/a	1.0	2	18510	n/a
36.169921875	n/a	1.0	2	18519	n/a
36.185546875	n/a	0.0	1	18527	n/a
36.203125	n/a	0.0	1	18536	n/a
36.220703125	n/a	1.0	2	18545	n/a
36.236328125	n/a	0.0	1	18553	n/a
36.25390625	n/a	1.0	2	18562	n/a
36.26953125	n/a	0.0	1	18570	n/a
36.287109375	n/a	1.0	2	18579	n/a
36.302734375	n/a	1.0	2	18587	n/a
36.3203125	n/a	0.0	1	18596	n/a
36.3359375	n/a	1.0	2	18604	n/a
36.353515625	n/a	0.0	1	18613	n/a
36.369140625	n/a	0.0	1	18621	n/a
36.38671875	n/a	1.0	2	18630	n/a
36.40234375	n/a	0.0	1	18638	n/a
36.419921875	n/a	1.0	2	18647	n/a
36.435546875	n/a	0.0	1	18655	n/a
36.453125	n/a	1.0	2	18664	n/a
36.470703125	n/a	0.0	1	18673	n/a
36.486328125	n/a	1.0	2	18681	n/a
36.50390625	n/a	1.0	2	18690	n/a
36.51953125	n/a	0.0	1	18698	n/a
36.537109375	n/a	0.0	1	18707	n/a
36.552734375	n/a	1.0	2	18715	n/a
36.5703125	n/a	0.0	1	18724	n/a
36.5859375	n/a	1.0	2	18732	n/a
36.603515625	n/a	0.0	1	18741	n/a
36.619140625	n/a	1.0	2	18749	n/a
36.63671875	n/a	0.0	1	18758	n/a
36.65234375	n/a	1.0	2	18766	n/a
36.669921875	n/a	0.0	1	18775	n/a
36.685546875	n/a	1.0	2	18783	n/a
36.703125	n/a	1.0	2	18792	n/a
36.720703125	n/a	0.0	1	18801	n/a
36.736328125	n/a	1.0	2	18809	n/a
36.75390625	n/a	0.0	1	18818	n/a
36.76953125	n/a	1.0	2	18826	n/a
36.787109375	n/a	0.0	1	18835	n/a
36.802734375	n/a	1.0	2	18843	n/a
36.8203125	n/a	0.0	1	18852	n/a
36.8359375	n/a	1.0	2	18860	n/a
36.853515625	n/a	0.0	1	18869	n/a
36.869140625	n/a	1.0	2	18877	n/a
36.88671875	n/a	0.0	1	18886	n/a
36.90234375	n/a	0.0	1	18894	n/a
36.919921875	n/a	1.0	2	18903	n/a
36.935546875	n/a	1.0	2	18911	n/a
36.953125	n/a	0.0	1	18920	n/a
36.970703125	n/a	0.0	1	18929	n/a
36.986328125	n/a	1.0	2	18937	n/a
37.00390625	n/a	1.0	2	18946	n/a
37.01953125	n/a	0.0	1	18954	n/a
37.037109375	n/a	0.0	1	18963	n/a
37.052734375	n/a	1.0	2	18971	n/a
37.0703125	n/a	1.0	2	18980	n/a
37.0859375	n/a	0.0	1	18988	n/a
37.103515625	n/a	1.0	2	18997	n/a
37.119140625	n/a	0.0	1	19005	n/a
37.13671875	n/a	0.0	1	19014	n/a
37.15234375	n/a	1.0	2	19022	n/a
37.169921875	n/a	0.0	1	19031	n/a
37.185546875	n/a	1.0	2	19039	n/a
37.203125	n/a	1.0	2	19048	n/a
37.220703125	n/a	0.0	1	19057	n/a
37.236328125	n/a	1.0	2	19065	n/a
37.25390625	n/a	0.0	1	19074	n/a
37.26953125	n/a	0.0	1	19082	n/a
37.287109375	n/a	1.0	2	19091	n/a
37.302734375	n/a	1.0	2	19099	n/a
37.3203125	n/a	0.0	1	19108	n/a
37.3359375	n/a	1.0	2	19116	n/a
37.353515625	n/a	0.0	1	19125	n/a
37.369140625	n/a	1.0	2	19133	n/a
37.38671875	n/a	0.0	1	19142	n/a
37.40234375	n/a	0.0	1	19150	n/a
37.419921875	n/a	1.0	2	19159	n/a
37.435546875	n/a	1.0	2	19167	n/a
37.453125	n/a	0.0	1	19176	n/a
37.470703125	n/a	1.0	2	19185	n/a
37.486328125	n/a	0.0	1	19193	n/a
37.50390625	n/a	0.0	1	19202	n/a
37.51953125	n/a	1.0	2	19210	n/a
37.537109375	n/a	1.0	2	19219	n/a
37.552734375	n/a	0.0	1	19227	n/a
37.5703125	n/a	0.0	1	19236	n/a
37.5859375	n/a	1.0	2	19244	n/a
37.603515625	n/a	0.0	1	19253	n/a
37.619140625	n/a	1.0	2	19261	n/a
37.63671875	n/a	1.0	2	19270	n/a
37.65234375	n/a	0.0	1	19278	n/a
37.669921875	n/a	0.0	1	19287	n/a
37.685546875	n/a	1.0	2	19295	n/a
37.703125	n/a	0.0	1	19304	n/a
37.720703125	n/a	1.0	2	19313	n/a
37.736328125	n/a	1.0	2	19321	n/a
37.75390625	n/a	0.0	1	19330	n/a
37.76953125	n/a	1.0	2	19338	n/a
37.787109375	n/a	0.0	1	19347	n/a
37.802734375	n/a	1.0	2	19355	n/a
37.8203125	n/a	0.0	1	19364	n/a
37.8359375	n/a	0.0	1	19372	n/a
37.853515625	n/a	1.0	2	19381	n/a
37.869140625	n/a	0.0	1	19389	n/a
37.88671875	n/a	1.0	2	19398	n/a
37.90234375	n/a	0.0	1	19406	n/a
37.919921875	n/a	1.0	2	19415	n/a
37.935546875	n/a	1.0	2	19423	n/a
37.953125	n/a	0.0	1	19432	n/a
37.970703125	n/a	0.0	1	19441	n/a
37.986328125	n/a	1.0	2	19449	n/a
38.00390625	n/a	1.0	2	19458	n/a
38.01953125	n/a	0.0	1	19466	n/a
38.037109375	n/a	1.0	2	19475	n/a
38.052734375	n/a	0.0	1	19483	n/a
38.0703125	n/a	1.0	2	19492	n/a
38.0859375	n/a	0.0	1	19500	n/a
38.103515625	n/a	1.0	2	19509	n/a
38.119140625	n/a	0.0	1	19517	n/a
38.13671875	n/a	0.0	1	19526	n/a
38.15234375	n/a	1.0	2	19534	n/a
38.169921875	n/a	0.0	1	19543	n/a
38.185546875	n/a	1.0	2	19551	n/a
38.203125	n/a	1.0	2	19560	n/a
38.220703125	n/a	0.0	1	19569	n/a
38.236328125	n/a	0.0	1	19577	n/a
38.25390625	n/a	1.0	2	19586	n/a
38.26953125	n/a	1.0	2	19594	n/a
38.287109375	n/a	0.0	1	19603	n/a
38.302734375	n/a	0.0	1	19611	n/a
38.3203125	n/a	1.0	2	19620	n/a
38.3359375	n/a	0.0	1	19628	n/a
38.353515625	n/a	1.0	2	19637	n/a
38.369140625	n/a	0.0	1	19645	n/a
38.38671875	n/a	1.0	2	19654	n/a
38.40234375	n/a	1.0	2	19662	n/a
38.419921875	n/a	0.0	1	19671	n/a
38.435546875	n/a	1.0	2	19679	n/a
38.453125	n/a	0.0	1	19688	n/a
38.470703125	n/a	0.0	1	19697	n/a
38.486328125	n/a	1.0	2	19705	n/a
38.50390625	n/a	0.0	1	19714	n/a
38.51953125	n/a	1.0	2	19722	n/a
38.537109375	n/a	0.0	1	19731	n/a
38.552734375	n/a	1.0	2	19739	n/a
38.5703125	n/a	0.0	1	19748	n/a
38.5859375	n/a	1.0	2	19756	n/a
38.603515625	n/a	1.0	2	19765	n/a
38.619140625	n/a	0.0	1	19773	n/a
38.63671875	n/a	0.0	1	19782	n/a
38.65234375	n/a	1.0	2	19790	n/a
38.669921875	n/a	0.0	1	19799	n/a
38.685546875	n/a	1.0	2	19807	n/a
38.703125	n/a	0.0	1	19816	n/a
38.720703125	n/a	1.0	2	19825	n/a
38.736328125	n/a	0.0	1	19833	n/a
38.75390625	n/a	1.0	2	19842	n/a
38.76953125	n/a	0.0	1	19850	n/a
38.787109375	n/a	1.0	2	19859	n/a
38.802734375	n/a	1.0	2	19867	n/a
38.8203125	n/a	0.0	1	19876	n/a
38.8359375	n/a	1.0	2	19884	n/a
38.853515625	n/a	0.0	1	19893	n/a
38.869140625	n/a	1.0	2	19901	n/a
38.88671875	n/a	0.0	1	19910	n/a
38.90234375	n/a	1.0	2	19918	n/a
38.919921875	n/a	0.0	1	19927	n/a
38.935546875	n/a	1.0	2	19935	n/a
38.953125	n/a	0.0	1	19944	n/a
38.970703125	n/a	1.0	2	19953	n/a
38.986328125	n/a	0.0	1	19961	n/a
39.00390625	n/a	0.0	1	19970	n/a
39.01953125	n/a	1.0	2	19978	n/a
39.037109375	n/a	1.0	2	19987	n/a
39.052734375	n/a	0.0	1	19995	n/a
39.0703125	n/a	0.0	1	20004	n/a
39.0859375	n/a	1.0	2	20012	n/a
39.103515625	n/a	1.0	2	20021	n/a
39.119140625	n/a	0.0	1	20029	n/a
39.13671875	n/a	0.0	1	20038	n/a
39.15234375	n/a	1.0	2	20046	n/a
39.169921875	n/a	1.0	2	20055	n/a
39.185546875	n/a	0.0	1	20063	n/a
39.203125	n/a	1.0	2	20072	n/a
39.220703125	n/a	0.0	1	20081	n/a
39.236328125	n/a	0.0	1	20089	n/a
39.25390625	n/a	1.0	2	20098	n/a
39.26953125	n/a	0.0	1	20106	n/a
39.287109375	n/a	1.0	2	20115	n/a
39.302734375	n/a	1.0	2	20123	n/a
39.3203125	n/a	0.0	1	20132	n/a
39.3359375	n/a	1.0	2	20140	n/a
39.353515625	n/a	0.0	1	20149	n/a
39.369140625	n/a	0.0	1	20157	n/a
39.38671875	n/a	1.0	2	20166	n/a
39.40234375	n/a	1.0	2	20174	n/a
39.419921875	n/a	0.0	1	20183	n/a
39.435546875	n/a	1.0	2	20191	n/a
39.453125	n/a	0.0	1	20200	n/a
39.470703125	n/a	1.0	2	20209	n/a
39.486328125	n/a	0.0	1	20217	n/a
39.50390625	n/a	0.0	1	20226	n/a
39.51953125	n/a	1.0	2	20234	n/a
39.537109375	n/a	1.0	2	20243	n/a
39.552734375	n/a	0.0	1	20251	n/a
39.5703125	n/a	1.0	2	20260	n/a
39.5859375	n/a	0.0	1	20268	n/a
39.603515625	n/a	0.0	1	20277	n/a
39.619140625	n/a	1.0	2	20285	n/a
39.63671875	n/a	1.0	2	20294	n/a
39.65234375	n/a	0.0	1	20302	n/a
39.669921875	n/a	0.0	1	20311	n/a
39.685546875	n/a	1.0	2	20319	n/a
39.703125	n/a	0.0	1	20328	n/a
39.720703125	n/a	1.0	2	20337	n/a
39.736328125	n/a	1.0	2	20345	n/a
39.75390625	n/a	0.0	1	20354	n/a
39.76953125	n/a	0.0	1	20362	n/a
39.787109375	n/a	1.0	2	20371	n/a
39.802734375	n/a	0.0	1	20379	n/a
39.8203125	n/a	1.0	2	20388	n/a
39.8359375	n/a	1.0	2	20396	n/a
39.853515625	n/a	0.0	1	20405	n/a
39.869140625	n/a	1.0	2	20413	n/a
39.88671875	n/a	0.0	1	20422	n/a
39.90234375	n/a	1.0	2	20430	n/a
39.919921875	n/a	0.0	1	20439	n/a
39.935546875	n/a	0.0	1	20447	n/a
39.953125	n/a	1.0	2	20456	n/a
39.970703125	n/a	0.0	1	20465	n/a
39.986328125	n/a	1.0	2	20473	n/a
40.00390625	n/a	0.0	1	20482	n/a
40.01953125	n/a	1.0	2	20490	n/a
40.037109375	n/a	1.0	2	20499	n/a
40.052734375	n/a	0.0	1	20507	n/a
40.0703125	n/a	0.0	1	20516	n/a
40.0859375	n/a	1.0	2	20524	n/a
40.103515625	n/a	1.0	2	20533	n/a
40.119140625	n/a	0.0	1	20541	n/a
40.13671875	n/a	1.0	2	20550	n/a
40.15234375	n/a	0.0	1	20558	n/a
40.169921875	n/a	1.0	2	20567	n/a
40.185546875	n/a	0.0	1	20575	n/a
40.203125	n/a	1.0	2	20584	n/a
40.220703125	n/a	0.0	1	20593	n/a
40.236328125	n/a	0.0	1	20601	n/a
40.25390625	n/a	1.0	2	20610	n/a
40.26953125	n/a	0.0	1	20618	n/a
40.287109375	n/a	1.0	2	20627	n/a
40.302734375	n/a	1.0	2	20635	n/a
40.3203125	n/a	0.0	1	20644	n/a
40.3359375	n/a	0.0	1	20652	n/a
40.353515625	n/a	1.0	2	20661	n/a
40.369140625	n/a	1.0	2	20669	n/a
40.38671875	n/a	0.0	1	20678	n/a
40.40234375	n/a	0.0	1	20686	n/a
40.419921875	n/a	1.0	2	20695	n/a
40.435546875	n/a	0.0	1	20703	n/a
40.453125	n/a	1.0	2	20712	n/a
40.470703125	n/a	0.0	1	20721	n/a
40.486328125	n/a	1.0	2	20729	n/a
40.50390625	n/a	1.0	2	20738	n/a
40.51953125	n/a	0.0	1	20746	n/a
40.537109375	n/a	1.0	2	20755	n/a
40.552734375	n/a	0.0	1	20763	n/a
40.5703125	n/a	0.0	1	20772	n/a
40.5859375	n/a	1.0	2	20780	n/a
40.603515625	n/a	0.0	1	20789	n/a
40.619140625	n/a	1.0	2	20797	n/a
40.63671875	n/a	0.0	1	20806	n/a
40.65234375	n/a	1.0	2	20814	n/a
40.669921875	n/a	0.0	1	20823	n/a
40.685546875	n/a	1.0	2	20831	n/a
40.703125	n/a	1.0	2	20840	n/a
40.720703125	n/a	0.0	1	20849	n/a
40.736328125	n/a	0.0	1	20857	n/a
40.75390625	n/a	1.0	2	20866	n/a
40.76953125	n/a	0.0	1	20874	n/a
40.787109375	n/a	1.0	2	20883	n/a
40.802734375	n/a	0.0	1	20891	n/a
40.8203125	n/a	1.0	2	20900	n/a
40.8359375	n/a	0.0	1	20908	n/a
40.853515625	n/a	1.0	2	20917	n/a
40.869140625	n/a	0.0	1	20925	n/a
40.88671875	n/a	1.0	2	20934	n/a
40.90234375	n/a	1.0	2	20942	n/a
40.919921875	n/a	0.0	1	20951	n/a
40.935546875	n/a	1.0	2	20959	n/a
40.953125	n/a	0.0	1	20968	n/a
40.970703125	n/a	1.0	2	20977	n/a
40.986328125	n/a	0.0	1	20985	n/a
41.00390625	n/a	1.0	2	20994	n/a
41.01953125	n/a	0.0	1	21002	n/a
41.037109375	n/a	1.0	2	21011	n/a
41.052734375	n/a	0.0	1	21019	n/a
41.0703125	n/a	1.0	2	21028	n/a
41.0859375	n/a	0.0	1	21036	n/a
41.103515625	n/a	0.0	1	21045	n/a
41.119140625	n/a	1.0	2	21053	n/a
41.13671875	n/a	1.0	2	21062	n/a
41.15234375	n/a	0.0	1	21070	n/a
41.169921875	n/a	0.0	1	21079	n/a
41.185546875	n/a	1.0	2	21087	n/a
41.203125	n/a	1.0	2	21096	n/a
41.220703125	n/a	0.0	1	21105	n/a
41.236328125	n/a	0.0	1	21113	n/a
41.25390625	n/a	1.0	2	21122	n/a
41.26953125	n/a	1.0	2	21130	n/a
41.287109375	n/a	0.0	1	21139	n/a
41.302734375	n/a	1.0	2	21147	n/a
41.3203125	n/a	0.0	1	21156	n/a
41.3359375	n/a	0.0	1	21164	n/a
41.353515625	n/a	1.0	2	21173	n/a
41.369140625	n/a	0.0	1	21181	n/a
41.38671875	n/a	1.0	2	21190	n/a
41.40234375	n/a	1.0	2	21198	n/a
41.419921875	n/a	0.0	1	21207	n/a
41.435546875	n/a	1.0	2	21215	n/a
41.453125	n/a	0.0	1	21224	n/a
41.470703125	n/a	0.0	1	21233	n/a
41.486328125	n/a	1.0	2	21241	n/a
41.50390625	n/a	1.0	2	21250	n/a
41.51953125	n/a	0.0	1	21258	n/a
41.537109375	n/a	1.0	2	21267	n/a
41.552734375	n/a	0.0	1	21275	n/a
41.5703125	n/a	1.0	2	21284	n/a
41.5859375	n/a	0.0	1	21292	n/a
41.603515625	n/a	0.0	1	21301	n/a
41.619140625	n/a	1.0	2	21309	n/a
41.63671875	n/a	1.0	2	21318	n/a
41.65234375	n/a	0.0	1	21326	n/a
41.669921875	n/a	1.0	2	21335	n/a
41.685546875	n/a	0.0	1	21343	n/a
41.703125	n/a	0.0	1	21352	n/a
41.720703125	n/a	1.0	2	21361	n/a
41.736328125	n/a	1.0	2	21369	n/a
41.75390625	n/a	0.0	1	21378	n/a
41.76953125	n/a	0.0	1	21386	n/a
41.787109375	n/a	1.0	2	21395	n/a
41.802734375	n/a	0.0	1	21403	n/a
41.8203125	n/a	1.0	2	21412	n/a
41.8359375	n/a	1.0	2	21420	n/a
41.853515625	n/a	0.0	1	21429	n/a
41.869140625	n/a	0.0	1	21437	n/a
41.88671875	n/a	1.0	2	21446	n/a
41.90234375	n/a	0.0	1	21454	n/a
41.919921875	n/a	1.0	2	21463	n/a
41.935546875	n/a	1.0	2	21471	n/a
41.953125	n/a	0.0	1	21480	n/a
41.970703125	n/a	1.0	2	21489	n/a
41.986328125	n/a	0.0	1	21497	n/a
42.00390625	n/a	1.0	2	21506	n/a
42.01953125	n/a	0.0	1	21514	n/a
42.037109375	n/a	0.0	1	21523	n/a
42.052734375	n/a	1.0	2	21531	n/a
42.0703125	n/a	0.0	1	21540	n/a
42.0859375	n/a	1.0	2	21548	n/a
42.103515625	n/a	0.0	1	21557	n/a
42.119140625	n/a	1.0	2	21565	n/a
42.13671875	n/a	1.0	2	21574	n/a
42.15234375	n/a	0.0	1	21582	n/a
42.169921875	n/a	0.0	1	21591	n/a
42.185546875	n/a	1.0	2	21599	n/a
42.203125	n/a	1.0	2	21608	n/a
42.220703125	n/a	0.0	1	21617	n/a
42.236328125	n/a	1.0	2	21625	n/a
42.25390625	n/a	0.0	1	21634	n/a
42.26953125	n/a	1.0	2	21642	n/a
42.287109375	n/a	0.0	1	21651	n/a
42.302734375	n/a	1.0	2	21659	n/a
42.3203125	n/a	0.0	1	21668	n/a
42.3359375	n/a	0.0	1	21676	n/a
42.353515625	n/a	1.0	2	21685	n/a
42.369140625	n/a	0.0	1	21693	n/a
42.38671875	n/a	1.0	2	21702	n/a
42.40234375	n/a	1.0	2	21710	n/a
42.419921875	n/a	0.0	1	21719	n/a
42.435546875	n/a	0.0	1	21727	n/a
42.453125	n/a	1.0	2	21736	n/a
42.470703125	n/a	1.0	2	21745	n/a
42.486328125	n/a	0.0	1	21753	n/a
42.50390625	n/a	0.0	1	21762	n/a
42.51953125	n/a	1.0	2	21770	n/a
42.537109375	n/a	0.0	1	21779	n/a
42.552734375	n/a	1.0	2	21787	n/a
42.5703125	n/a	0.0	1	21796	n/a
42.5859375	n/a	1.0	2	21804	n/a
42.603515625	n/a	1.0	2	21813	n/a
42.619140625	n/a	0.0	1	21821	n/a
42.63671875	n/a	1.0	2	21830	n/a
42.65234375	n/a	0.0	1	21838	n/a
42.669921875	n/a	0.0	1	21847	n/a
42.685546875	n/a	1.0	2	21855	n/a
42.703125	n/a	0.0	1	21864	n/a
42.720703125	n/a	1.0	2	21873	n/a
42.736328125	n/a	0.0	1	21881	n/a
42.75390625	n/a	1.0	2	21890	n/a
42.76953125	n/a	0.0	1	21898	n/a
42.787109375	n/a	1.0	2	21907	n/a
42.802734375	n/a	1.0	2	21915	n/a
42.8203125	n/a	0.0	1	21924	n/a
42.8359375	n/a	0.0	1	21932	n/a
42.853515625	n/a	1.0	2	21941	n/a
42.869140625	n/a	0.0	1	21949	n/a
42.88671875	n/a	1.0	2	21958	n/a
42.90234375	n/a	0.0	1	21966	n/a
42.919921875	n/a	1.0	2	21975	n/a
42.935546875	n/a	0.0	1	21983	n/a
42.953125	n/a	1.0	2	21992	n/a
42.970703125	n/a	0.0	1	22001	n/a
42.986328125	n/a	1.0	2	22009	n/a
43.00390625	n/a	1.0	2	22018	n/a
43.01953125	n/a	0.0	1	22026	n/a
43.037109375	n/a	1.0	2	22035	n/a
43.052734375	n/a	0.0	1	22043	n/a
43.0703125	n/a	1.0	2	22052	n/a
43.0859375	n/a	0.0	1	22060	n/a
43.103515625	n/a	1.0	2	22069	n/a
43.119140625	n/a	0.0	1	22077	n/a
43.13671875	n/a	1.0	2	22086	n/a
43.15234375	n/a	0.0	1	22094	n/a
43.169921875	n/a	1.0	2	22103	n/a
43.185546875	n/a	0.0	1	22111	n/a
44.470703125	n/a	1.0	2	22769	6.0
44.48828125	n/a	0.0	1	22778	n/a
44.50390625	n/a	1.0	2	22786	n/a
44.521484375	n/a	0.0	1	22795	n/a
44.537109375	n/a	1.0	2	22803	n/a
44.5546875	n/a	0.0	1	22812	n/a
44.5703125	n/a	0.0	1	22820	n/a
44.587890625	n/a	1.0	2	22829	n/a
44.603515625	n/a	0.0	1	22837	n/a
44.62109375	n/a	1.0	2	22846	n/a
44.63671875	n/a	1.0	2	22854	n/a
44.654296875	n/a	0.0	1	22863	n/a
44.669921875	n/a	0.0	1	22871	n/a
44.6875	n/a	1.0	2	22880	n/a
44.703125	n/a	0.0	1	22888	n/a
44.720703125	n/a	1.0	2	22897	n/a
44.73828125	n/a	1.0	2	22906	n/a
44.75390625	n/a	0.0	1	22914	n/a
44.771484375	n/a	0.0	1	22923	n/a
44.787109375	n/a	1.0	2	22931	n/a
44.8046875	n/a	1.0	2	22940	n/a
44.8203125	n/a	0.0	1	22948	n/a
44.837890625	n/a	0.0	1	22957	n/a
44.853515625	n/a	1.0	2	22965	n/a
44.87109375	n/a	0.0	1	22974	n/a
44.88671875	n/a	1.0	2	22982	n/a
44.904296875	n/a	1.0	2	22991	n/a
44.919921875	n/a	0.0	1	22999	n/a
44.9375	n/a	0.0	1	23008	n/a
44.953125	n/a	1.0	2	23016	n/a
44.970703125	n/a	1.0	2	23025	n/a
44.98828125	n/a	0.0	1	23034	n/a
45.00390625	n/a	0.0	1	23042	n/a
45.021484375	n/a	1.0	2	23051	n/a
45.037109375	n/a	1.0	2	23059	n/a
45.0546875	n/a	0.0	1	23068	n/a
45.0703125	n/a	1.0	2	23076	n/a
45.087890625	n/a	0.0	1	23085	n/a
45.103515625	n/a	0.0	1	23093	n/a
45.12109375	n/a	1.0	2	23102	n/a
45.13671875	n/a	1.0	2	23110	n/a
45.154296875	n/a	0.0	1	23119	n/a
45.169921875	n/a	0.0	1	23127	n/a
45.1875	n/a	1.0	2	23136	n/a
45.203125	n/a	0.0	1	23144	n/a
45.220703125	n/a	1.0	2	23153	n/a
45.23828125	n/a	0.0	1	23162	n/a
45.25390625	n/a	1.0	2	23170	n/a
45.271484375	n/a	0.0	1	23179	n/a
45.287109375	n/a	1.0	2	23187	n/a
45.3046875	n/a	1.0	2	23196	n/a
45.3203125	n/a	0.0	1	23204	n/a
45.337890625	n/a	1.0	2	23213	n/a
45.353515625	n/a	0.0	1	23221	n/a
45.37109375	n/a	1.0	2	23230	n/a
45.38671875	n/a	0.0	1	23238	n/a
45.404296875	n/a	1.0	2	23247	n/a
45.419921875	n/a	0.0	1	23255	n/a
45.4375	n/a	1.0	2	23264	n/a
45.453125	n/a	0.0	1	23272	n/a
45.470703125	n/a	1.0	2	23281	n/a
45.48828125	n/a	0.0	1	23290	n/a
45.50390625	n/a	0.0	1	23298	n/a
45.521484375	n/a	1.0	2	23307	n/a
45.537109375	n/a	0.0	1	23315	n/a
45.5546875	n/a	1.0	2	23324	n/a
45.5703125	n/a	0.0	1	23332	n/a
45.587890625	n/a	1.0	2	23341	n/a
45.603515625	n/a	1.0	2	23349	n/a
45.62109375	n/a	0.0	1	23358	n/a
45.63671875	n/a	1.0	2	23366	n/a
45.654296875	n/a	0.0	1	23375	n/a
45.669921875	n/a	1.0	2	23383	n/a
45.6875	n/a	0.0	1	23392	n/a
45.703125	n/a	0.0	1	23400	n/a
45.720703125	n/a	1.0	2	23409	n/a
45.73828125	n/a	0.0	1	23418	n/a
45.75390625	n/a	1.0	2	23426	n/a
45.771484375	n/a	0.0	1	23435	n/a
45.787109375	n/a	1.0	2	23443	n/a
45.8046875	n/a	0.0	1	23452	n/a
45.8203125	n/a	1.0	2	23460	n/a
45.837890625	n/a	0.0	1	23469	n/a
45.853515625	n/a	1.0	2	23477	n/a
45.87109375	n/a	1.0	2	23486	n/a
45.88671875	n/a	0.0	1	23494	n/a
45.904296875	n/a	1.0	2	23503	n/a
45.919921875	n/a	0.0	1	23511	n/a
45.9375	n/a	1.0	2	23520	n/a
45.953125	n/a	0.0	1	23528	n/a
45.970703125	n/a	0.0	1	23537	n/a
45.98828125	n/a	1.0	2	23546	n/a
46.00390625	n/a	1.0	2	23554	n/a
46.021484375	n/a	0.0	1	23563	n/a
46.037109375	n/a	0.0	1	23571	n/a
46.0546875	n/a	1.0	2	23580	n/a
46.0703125	n/a	1.0	2	23588	n/a
46.087890625	n/a	0.0	1	23597	n/a
46.103515625	n/a	1.0	2	23605	n/a
46.12109375	n/a	0.0	1	23614	n/a
46.13671875	n/a	0.0	1	23622	n/a
46.154296875	n/a	1.0	2	23631	n/a
46.169921875	n/a	1.0	2	23639	n/a
46.1875	n/a	0.0	1	23648	n/a
46.203125	n/a	1.0	2	23656	n/a
46.220703125	n/a	0.0	1	23665	n/a
46.23828125	n/a	0.0	1	23674	n/a
46.25390625	n/a	1.0	2	23682	n/a
46.271484375	n/a	0.0	1	23691	n/a
46.287109375	n/a	1.0	2	23699	n/a
46.3046875	n/a	0.0	1	23708	n/a
46.3203125	n/a	1.0	2	23716	n/a
46.337890625	n/a	1.0	2	23725	n/a
46.353515625	n/a	0.0	1	23733	n/a
46.37109375	n/a	0.0	1	23742	n/a
46.38671875	n/a	1.0	2	23750	n/a
46.404296875	n/a	0.0	1	23759	n/a
46.419921875	n/a	1.0	2	23767	n/a
46.4375	n/a	1.0	2	23776	n/a
46.453125	n/a	0.0	1	23784	n/a
46.470703125	n/a	1.0	2	23793	n/a
46.48828125	n/a	0.0	1	23802	n/a
46.50390625	n/a	0.0	1	23810	n/a
46.521484375	n/a	1.0	2	23819	n/a
46.537109375	n/a	1.0	2	23827	n/a
46.5546875	n/a	0.0	1	23836	n/a
46.5703125	n/a	1.0	2	23844	n/a
46.587890625	n/a	0.0	1	23853	n/a
46.603515625	n/a	1.0	2	23861	n/a
46.62109375	n/a	0.0	1	23870	n/a
46.63671875	n/a	1.0	2	23878	n/a
46.654296875	n/a	0.0	1	23887	n/a
46.669921875	n/a	0.0	1	23895	n/a
46.6875	n/a	1.0	2	23904	n/a
46.703125	n/a	0.0	1	23912	n/a
46.720703125	n/a	1.0	2	23921	n/a
46.73828125	n/a	1.0	2	23930	n/a
46.75390625	n/a	0.0	1	23938	n/a
46.771484375	n/a	0.0	1	23947	n/a
46.787109375	n/a	1.0	2	23955	n/a
46.8046875	n/a	0.0	1	23964	n/a
46.8203125	n/a	1.0	2	23972	n/a
46.837890625	n/a	1.0	2	23981	n/a
46.853515625	n/a	0.0	1	23989	n/a
46.87109375	n/a	0.0	1	23998	n/a
46.88671875	n/a	1.0	2	24006	n/a
46.904296875	n/a	1.0	2	24015	n/a
46.919921875	n/a	0.0	1	24023	n/a
46.9375	n/a	0.0	1	24032	n/a
46.953125	n/a	1.0	2	24040	n/a
46.970703125	n/a	0.0	1	24049	n/a
46.98828125	n/a	1.0	2	24058	n/a
47.00390625	n/a	1.0	2	24066	n/a
47.021484375	n/a	0.0	1	24075	n/a
47.037109375	n/a	0.0	1	24083	n/a
47.0546875	n/a	1.0	2	24092	n/a
47.0703125	n/a	1.0	2	24100	n/a
47.087890625	n/a	0.0	1	24109	n/a
47.103515625	n/a	0.0	1	24117	n/a
47.12109375	n/a	1.0	2	24126	n/a
47.13671875	n/a	1.0	2	24134	n/a
47.154296875	n/a	0.0	1	24143	n/a
47.169921875	n/a	1.0	2	24151	n/a
47.1875	n/a	0.0	1	24160	n/a
47.203125	n/a	0.0	1	24168	n/a
47.220703125	n/a	1.0	2	24177	n/a
47.23828125	n/a	1.0	2	24186	n/a
47.25390625	n/a	0.0	1	24194	n/a
47.271484375	n/a	0.0	1	24203	n/a
47.287109375	n/a	1.0	2	24211	n/a
47.3046875	n/a	0.0	1	24220	n/a
47.3203125	n/a	1.0	2	24228	n/a
47.337890625	n/a	0.0	1	24237	n/a
47.353515625	n/a	1.0	2	24245	n/a
47.37109375	n/a	0.0	1	24254	n/a
47.38671875	n/a	1.0	2	24262	n/a
47.404296875	n/a	1.0	2	24271	n/a
47.419921875	n/a	0.0	1	24279	n/a
47.4375	n/a	1.0	2	24288	n/a
47.453125	n/a	0.0	1	24296	n/a
47.470703125	n/a	1.0	2	24305	n/a
47.48828125	n/a	0.0	1	24314	n/a
47.50390625	n/a	1.0	2	24322	n/a
47.521484375	n/a	0.0	1	24331	n/a
47.537109375	n/a	1.0	2	24339	n/a
47.5546875	n/a	0.0	1	24348	n/a
47.5703125	n/a	1.0	2	24356	n/a
47.587890625	n/a	0.0	1	24365	n/a
47.603515625	n/a	0.0	1	24373	n/a
47.62109375	n/a	1.0	2	24382	n/a
47.63671875	n/a	0.0	1	24390	n/a
47.654296875	n/a	1.0	2	24399	n/a
47.669921875	n/a	0.0	1	24407	n/a
47.6875	n/a	1.0	2	24416	n/a
47.703125	n/a	1.0	2	24424	n/a
47.720703125	n/a	0.0	1	24433	n/a
47.73828125	n/a	1.0	2	24442	n/a
47.75390625	n/a	0.0	1	24450	n/a
47.771484375	n/a	1.0	2	24459	n/a
47.787109375	n/a	0.0	1	24467	n/a
47.8046875	n/a	0.0	1	24476	n/a
47.8203125	n/a	1.0	2	24484	n/a
47.837890625	n/a	0.0	1	24493	n/a
47.853515625	n/a	1.0	2	24501	n/a
47.87109375	n/a	0.0	1	24510	n/a
47.88671875	n/a	1.0	2	24518	n/a
47.904296875	n/a	0.0	1	24527	n/a
47.919921875	n/a	1.0	2	24535	n/a
47.9375	n/a	0.0	1	24544	n/a
47.953125	n/a	1.0	2	24552	n/a
47.970703125	n/a	1.0	2	24561	n/a
47.98828125	n/a	0.0	1	24570	n/a
48.00390625	n/a	1.0	2	24578	n/a
48.021484375	n/a	0.0	1	24587	n/a
48.037109375	n/a	1.0	2	24595	n/a
48.0546875	n/a	0.0	1	24604	n/a
48.0703125	n/a	0.0	1	24612	n/a
48.087890625	n/a	1.0	2	24621	n/a
48.103515625	n/a	1.0	2	24629	n/a
48.12109375	n/a	0.0	1	24638	n/a
48.13671875	n/a	0.0	1	24646	n/a
48.154296875	n/a	1.0	2	24655	n/a
48.169921875	n/a	1.0	2	24663	n/a
48.1875	n/a	0.0	1	24672	n/a
48.203125	n/a	1.0	2	24680	n/a
48.220703125	n/a	0.0	1	24689	n/a
48.23828125	n/a	0.0	1	24698	n/a
48.25390625	n/a	1.0	2	24706	n/a
48.271484375	n/a	1.0	2	24715	n/a
48.287109375	n/a	0.0	1	24723	n/a
48.3046875	n/a	1.0	2	24732	n/a
48.3203125	n/a	0.0	1	24740	n/a
48.337890625	n/a	0.0	1	24749	n/a
48.353515625	n/a	1.0	2	24757	n/a
48.37109375	n/a	0.0	1	24766	n/a
48.38671875	n/a	1.0	2	24774	n/a
48.404296875	n/a	0.0	1	24783	n/a
48.419921875	n/a	1.0	2	24791	n/a
48.4375	n/a	1.0	2	24800	n/a
48.453125	n/a	0.0	1	24808	n/a
48.470703125	n/a	0.0	1	24817	n/a
48.48828125	n/a	1.0	2	24826	n/a
48.50390625	n/a	0.0	1	24834	n/a
48.521484375	n/a	1.0	2	24843	n/a
48.537109375	n/a	1.0	2	24851	n/a
48.5546875	n/a	0.0	1	24860	n/a
48.5703125	n/a	1.0	2	24868	n/a
48.587890625	n/a	0.0	1	24877	n/a
48.603515625	n/a	0.0	1	24885	n/a
48.62109375	n/a	1.0	2	24894	n/a
48.63671875	n/a	1.0	2	24902	n/a
48.654296875	n/a	0.0	1	24911	n/a
48.669921875	n/a	1.0	2	24919	n/a
48.6875	n/a	0.0	1	24928	n/a
48.703125	n/a	1.0	2	24936	n/a
48.720703125	n/a	0.0	1	24945	n/a
48.73828125	n/a	1.0	2	24954	n/a
48.75390625	n/a	0.0	1	24962	n/a
48.771484375	n/a	0.0	1	24971	n/a
48.787109375	n/a	1.0	2	24979	n/a
48.8046875	n/a	0.0	1	24988	n/a
48.8203125	n/a	1.0	2	24996	n/a
48.837890625	n/a	1.0	2	25005	n/a
48.853515625	n/a	0.0	1	25013	n/a
48.87109375	n/a	0.0	1	25022	n/a
48.88671875	n/a	1.0	2	25030	n/a
48.904296875	n/a	0.0	1	25039	n/a
48.919921875	n/a	1.0	2	25047	n/a
48.9375	n/a	1.0	2	25056	n/a
48.953125	n/a	0.0	1	25064	n/a
48.970703125	n/a	0.0	1	25073	n/a
48.98828125	n/a	1.0	2	25082	n/a
49.00390625	n/a	1.0	2	25090	n/a
49.021484375	n/a	0.0	1	25099	n/a
49.037109375	n/a	0.0	1	25107	n/a
49.0546875	n/a	1.0	2	25116	n/a
49.0703125	n/a	0.0	1	25124	n/a
49.087890625	n/a	1.0	2	25133	n/a
49.103515625	n/a	1.0	2	25141	n/a
49.12109375	n/a	0.0	1	25150	n/a
49.13671875	n/a	0.0	1	25158	n/a
49.154296875	n/a	1.0	2	25167	n/a
49.169921875	n/a	1.0	2	25175	n/a
49.1875	n/a	0.0	1	25184	n/a
49.203125	n/a	0.0	1	25192	n/a
49.220703125	n/a	1.0	2	25201	n/a
49.23828125	n/a	1.0	2	25210	n/a
49.25390625	n/a	0.0	1	25218	n/a
49.271484375	n/a	1.0	2	25227	n/a
49.287109375	n/a	0.0	1	25235	n/a
49.3046875	n/a	0.0	1	25244	n/a
49.3203125	n/a	1.0	2	25252	n/a
49.337890625	n/a	1.0	2	25261	n/a
49.353515625	n/a	0.0	1	25269	n/a
49.37109375	n/a	0.0	1	25278	n/a
49.38671875	n/a	1.0	2	25286	n/a
49.404296875	n/a	0.0	1	25295	n/a
49.419921875	n/a	1.0	2	25303	n/a
49.4375	n/a	0.0	1	25312	n/a
49.453125	n/a	1.0	2	25320	n/a
49.470703125	n/a	0.0	1	25329	n/a
49.48828125	n/a	1.0	2	25338	n/a
49.50390625	n/a	1.0	2	25346	n/a
49.521484375	n/a	0.0	1	25355	n/a
49.537109375	n/a	1.0	2	25363	n/a
49.5546875	n/a	0.0	1	25372	n/a
49.5703125	n/a	1.0	2	25380	n/a
49.587890625	n/a	0.0	1	25389	n/a
49.603515625	n/a	1.0	2	25397	n/a
49.62109375	n/a	0.0	1	25406	n/a
49.63671875	n/a	1.0	2	25414	n/a
49.654296875	n/a	0.0	1	25423	n/a
49.669921875	n/a	1.0	2	25431	n/a
49.6875	n/a	0.0	1	25440	n/a
49.703125	n/a	0.0	1	25448	n/a
49.720703125	n/a	1.0	2	25457	n/a
49.73828125	n/a	0.0	1	25466	n/a
49.75390625	n/a	1.0	2	25474	n/a
49.771484375	n/a	0.0	1	25483	n/a
49.787109375	n/a	1.0	2	25491	n/a
49.8046875	n/a	1.0	2	25500	n/a
49.8203125	n/a	0.0	1	25508	n/a
49.837890625	n/a	1.0	2	25517	n/a
49.853515625	n/a	0.0	1	25525	n/a
49.87109375	n/a	1.0	2	25534	n/a
49.88671875	n/a	0.0	1	25542	n/a
49.904296875	n/a	0.0	1	25551	n/a
49.919921875	n/a	1.0	2	25559	n/a
49.9375	n/a	0.0	1	25568	n/a
49.953125	n/a	1.0	2	25576	n/a
49.970703125	n/a	0.0	1	25585	n/a
49.98828125	n/a	1.0	2	25594	n/a
50.00390625	n/a	0.0	1	25602	n/a
50.021484375	n/a	1.0	2	25611	n/a
50.037109375	n/a	0.0	1	25619	n/a
50.0546875	n/a	1.0	2	25628	n/a
50.0703125	n/a	1.0	2	25636	n/a
50.087890625	n/a	0.0	1	25645	n/a
50.103515625	n/a	1.0	2	25653	n/a
50.12109375	n/a	0.0	1	25662	n/a
50.13671875	n/a	1.0	2	25670	n/a
50.154296875	n/a	0.0	1	25679	n/a
50.169921875	n/a	0.0	1	25687	n/a
50.1875	n/a	1.0	2	25696	n/a
50.203125	n/a	1.0	2	25704	n/a
50.220703125	n/a	0.0	1	25713	n/a
50.23828125	n/a	0.0	1	25722	n/a
50.25390625	n/a	1.0	2	25730	n/a
50.271484375	n/a	1.0	2	25739	n/a
50.287109375	n/a	0.0	1	25747	n/a
50.3046875	n/a	1.0	2	25756	n/a
50.3203125	n/a	0.0	1	25764	n/a
50.337890625	n/a	0.0	1	25773	n/a
50.353515625	n/a	1.0	2	25781	n/a
50.37109375	n/a	1.0	2	25790	n/a
50.38671875	n/a	0.0	1	25798	n/a
50.404296875	n/a	1.0	2	25807	n/a
50.419921875	n/a	0.0	1	25815	n/a
50.4375	n/a	0.0	1	25824	n/a
50.453125	n/a	1.0	2	25832	n/a
50.470703125	n/a	0.0	1	25841	n/a
50.48828125	n/a	1.0	2	25850	n/a
50.50390625	n/a	0.0	1	25858	n/a
50.521484375	n/a	1.0	2	25867	n/a
50.537109375	n/a	1.0	2	25875	n/a
50.5546875	n/a	0.0	1	25884	n/a
50.5703125	n/a	0.0	1	25892	n/a
50.587890625	n/a	1.0	2	25901	n/a
50.603515625	n/a	0.0	1	25909	n/a
50.62109375	n/a	1.0	2	25918	n/a
50.63671875	n/a	1.0	2	25926	n/a
50.654296875	n/a	0.0	1	25935	n/a
50.669921875	n/a	1.0	2	25943	n/a
50.6875	n/a	0.0	1	25952	n/a
50.703125	n/a	0.0	1	25960	n/a
50.720703125	n/a	1.0	2	25969	n/a
50.73828125	n/a	1.0	2	25978	n/a
50.75390625	n/a	0.0	1	25986	n/a
50.771484375	n/a	1.0	2	25995	n/a
50.787109375	n/a	0.0	1	26003	n/a
50.8046875	n/a	1.0	2	26012	n/a
50.8203125	n/a	0.0	1	26020	n/a
50.837890625	n/a	1.0	2	26029	n/a
50.853515625	n/a	0.0	1	26037	n/a
50.87109375	n/a	0.0	1	26046	n/a
50.88671875	n/a	1.0	2	26054	n/a
50.904296875	n/a	0.0	1	26063	n/a
50.919921875	n/a	1.0	2	26071	n/a
50.9375	n/a	1.0	2	26080	n/a
50.953125	n/a	0.0	1	26088	n/a
50.970703125	n/a	0.0	1	26097	n/a
50.98828125	n/a	1.0	2	26106	n/a
51.00390625	n/a	0.0	1	26114	n/a
51.021484375	n/a	1.0	2	26123	n/a
51.037109375	n/a	1.0	2	26131	n/a
51.0546875	n/a	0.0	1	26140	n/a
51.0703125	n/a	0.0	1	26148	n/a
51.087890625	n/a	1.0	2	26157	n/a
51.103515625	n/a	1.0	2	26165	n/a
51.12109375	n/a	0.0	1	26174	n/a
51.13671875	n/a	0.0	1	26182	n/a
51.154296875	n/a	1.0	2	26191	n/a
51.169921875	n/a	0.0	1	26199	n/a
51.1875	n/a	1.0	2	26208	n/a
51.203125	n/a	1.0	2	26216	n/a
51.220703125	n/a	0.0	1	26225	n/a
51.23828125	n/a	0.0	1	26234	n/a
51.25390625	n/a	1.0	2	26242	n/a
51.271484375	n/a	1.0	2	26251	n/a
51.287109375	n/a	0.0	1	26259	n/a
51.3046875	n/a	0.0	1	26268	n/a
51.3203125	n/a	1.0	2	26276	n/a
51.337890625	n/a	1.0	2	26285	n/a
51.353515625	n/a	0.0	1	26293	n/a
51.37109375	n/a	1.0	2	26302	n/a
51.38671875	n/a	0.0	1	26310	n/a
51.404296875	n/a	0.0	1	26319	n/a
51.419921875	n/a	1.0	2	26327	n/a
51.4375	n/a	1.0	2	26336	n/a
51.453125	n/a	0.0	1	26344	n/a
51.470703125	n/a	0.0	1	26353	n/a
51.48828125	n/a	1.0	2	26362	n/a
51.50390625	n/a	0.0	1	26370	n/a
51.521484375	n/a	1.0	2	26379	n/a
51.537109375	n/a	0.0	1	26387	n/a
51.5546875	n/a	1.0	2	26396	n/a
51.5703125	n/a	0.0	1	26404	n/a
51.587890625	n/a	1.0	2	26413	n/a
51.603515625	n/a	1.0	2	26421	n/a
51.62109375	n/a	0.0	1	26430	n/a
51.63671875	n/a	1.0	2	26438	n/a
51.654296875	n/a	0.0	1	26447	n/a
51.669921875	n/a	1.0	2	26455	n/a
51.6875	n/a	0.0	1	26464	n/a
51.703125	n/a	1.0	2	26472	n/a
51.720703125	n/a	0.0	1	26481	n/a
51.73828125	n/a	1.0	2	26490	n/a
51.75390625	n/a	0.0	1	26498	n/a
51.771484375	n/a	1.0	2	26507	n/a
51.787109375	n/a	0.0	1	26515	n/a
51.8046875	n/a	0.0	1	26524	n/a
51.8203125	n/a	1.0	2	26532	n/a
51.837890625	n/a	0.0	1	26541	n/a
51.853515625	n/a	1.0	2	26549	n/a
51.87109375	n/a	0.0	1	26558	n/a
51.88671875	n/a	1.0	2	26566	n/a
51.904296875	n/a	1.0	2	26575	n/a
51.919921875	n/a	0.0	1	26583	n/a
51.9375	n/a	1.0	2	26592	n/a
51.953125	n/a	0.0	1	26600	n/a
51.970703125	n/a	1.0	2	26609	n/a
51.98828125	n/a	0.0	1	26618	n/a
52.00390625	n/a	0.0	1	26626	n/a
52.021484375	n/a	1.0	2	26635	n/a
52.037109375	n/a	0.0	1	26643	n/a
52.0546875	n/a	1.0	2	26652	n/a
52.0703125	n/a	0.0	1	26660	n/a
52.087890625	n/a	1.0	2	26669	n/a
52.103515625	n/a	0.0	1	26677	n/a
52.12109375	n/a	1.0	2	26686	n/a
52.13671875	n/a	0.0	1	26694	n/a
52.154296875	n/a	1.0	2	26703	n/a
52.169921875	n/a	1.0	2	26711	n/a
52.1875	n/a	0.0	1	26720	n/a
52.203125	n/a	1.0	2	26728	n/a
52.220703125	n/a	0.0	1	26737	n/a
52.23828125	n/a	1.0	2	26746	n/a
52.25390625	n/a	0.0	1	26754	n/a
52.271484375	n/a	0.0	1	26763	n/a
52.287109375	n/a	1.0	2	26771	n/a
52.3046875	n/a	1.0	2	26780	n/a
52.3203125	n/a	0.0	1	26788	n/a
52.337890625	n/a	0.0	1	26797	n/a
52.353515625	n/a	1.0	2	26805	n/a
52.37109375	n/a	1.0	2	26814	n/a
52.38671875	n/a	0.0	1	26822	n/a
52.404296875	n/a	1.0	2	26831	n/a
52.419921875	n/a	0.0	1	26839	n/a
52.4375	n/a	0.0	1	26848	n/a
52.453125	n/a	1.0	2	26856	n/a
52.470703125	n/a	1.0	2	26865	n/a
52.48828125	n/a	0.0	1	26874	n/a
52.50390625	n/a	1.0	2	26882	n/a
52.521484375	n/a	0.0	1	26891	n/a
52.537109375	n/a	0.0	1	26899	n/a
52.5546875	n/a	1.0	2	26908	n/a
52.5703125	n/a	0.0	1	26916	n/a
52.587890625	n/a	1.0	2	26925	n/a
52.603515625	n/a	0.0	1	26933	n/a
52.62109375	n/a	1.0	2	26942	n/a
52.63671875	n/a	1.0	2	26950	n/a
52.654296875	n/a	0.0	1	26959	n/a
52.669921875	n/a	0.0	1	26967	n/a
52.6875	n/a	1.0	2	26976	n/a
52.703125	n/a	0.0	1	26984	n/a
52.720703125	n/a	1.0	2	26993	n/a
52.73828125	n/a	1.0	2	27002	n/a
52.75390625	n/a	0.0	1	27010	n/a
52.771484375	n/a	1.0	2	27019	n/a
52.787109375	n/a	0.0	1	27027	n/a
52.8046875	n/a	0.0	1	27036	n/a
52.8203125	n/a	1.0	2	27044	n/a
52.837890625	n/a	1.0	2	27053	n/a
52.853515625	n/a	0.0	1	27061	n/a
52.87109375	n/a	1.0	2	27070	n/a
52.88671875	n/a	0.0	1	27078	n/a
52.904296875	n/a	1.0	2	27087	n/a
52.919921875	n/a	0.0	1	27095	n/a
52.9375	n/a	1.0	2	27104	n/a
52.953125	n/a	0.0	1	27112	n/a
52.970703125	n/a	0.0	1	27121	n/a
52.98828125	n/a	1.0	2	27130	n/a
53.00390625	n/a	0.0	1	27138	n/a
53.021484375	n/a	1.0	2	27147	n/a
53.037109375	n/a	1.0	2	27155	n/a
53.0546875	n/a	0.0	1	27164	n/a
53.0703125	n/a	0.0	1	27172	n/a
53.087890625	n/a	1.0	2	27181	n/a
53.103515625	n/a	0.0	1	27189	n/a
53.12109375	n/a	1.0	2	27198	n/a
53.13671875	n/a	1.0	2	27206	n/a
53.154296875	n/a	0.0	1	27215	n/a
53.169921875	n/a	0.0	1	27223	n/a
53.1875	n/a	1.0	2	27232	n/a
53.203125	n/a	1.0	2	27240	n/a
53.220703125	n/a	0.0	1	27249	n/a
53.23828125	n/a	0.0	1	27258	n/a
53.25390625	n/a	1.0	2	27266	n/a
53.271484375	n/a	0.0	1	27275	n/a
53.287109375	n/a	1.0	2	27283	n/a
53.3046875	n/a	1.0	2	27292	n/a
53.3203125	n/a	0.0	1	27300	n/a
53.337890625	n/a	0.0	1	27309	n/a
53.353515625	n/a	1.0	2	27317	n/a
53.37109375	n/a	1.0	2	27326	n/a
53.38671875	n/a	0.0	1	27334	n/a
53.404296875	n/a	0.0	1	27343	n/a
53.419921875	n/a	1.0	2	27351	n/a
53.4375	n/a	1.0	2	27360	n/a
53.453125	n/a	0.0	1	27368	n/a
53.470703125	n/a	1.0	2	27377	n/a
53.48828125	n/a	0.0	1	27386	n/a
53.50390625	n/a	0.0	1	27394	n/a
53.521484375	n/a	1.0	2	27403	n/a
53.537109375	n/a	1.0	2	27411	n/a
53.5546875	n/a	0.0	1	27420	n/a
53.5703125	n/a	0.0	1	27428	n/a
53.587890625	n/a	1.0	2	27437	n/a
53.603515625	n/a	0.0	1	27445	n/a
53.62109375	n/a	1.0	2	27454	n/a
53.63671875	n/a	0.0	1	27462	n/a
53.654296875	n/a	1.0	2	27471	n/a
53.669921875	n/a	0.0	1	27479	n/a
53.6875	n/a	1.0	2	27488	n/a
53.703125	n/a	1.0	2	27496	n/a
53.720703125	n/a	0.0	1	27505	n/a
53.73828125	n/a	1.0	2	27514	n/a
53.75390625	n/a	0.0	1	27522	n/a
53.771484375	n/a	1.0	2	27531	n/a
53.787109375	n/a	0.0	1	27539	n/a
53.8046875	n/a	1.0	2	27548	n/a
53.8203125	n/a	0.0	1	27556	n/a
53.837890625	n/a	1.0	2	27565	n/a
53.853515625	n/a	0.0	1	27573	n/a
53.87109375	n/a	1.0	2	27582	n/a
53.88671875	n/a	0.0	1	27590	n/a
53.904296875	n/a	0.0	1	27599	n/a
53.919921875	n/a	1.0	2	27607	n/a
53.9375	n/a	0.0	1	27616	n/a
53.953125	n/a	1.0	2	27624	n/a
53.970703125	n/a	0.0	1	27633	n/a
53.98828125	n/a	1.0	2	27642	n/a
54.00390625	n/a	1.0	2	27650	n/a
54.021484375	n/a	0.0	1	27659	n/a
54.037109375	n/a	1.0	2	27667	n/a
54.0546875	n/a	0.0	1	27676	n/a
54.0703125	n/a	1.0	2	27684	n/a
54.087890625	n/a	0.0	1	27693	n/a
54.103515625	n/a	0.0	1	27701	n/a
54.12109375	n/a	1.0	2	27710	n/a
54.13671875	n/a	0.0	1	27718	n/a
54.154296875	n/a	1.0	2	27727	n/a
54.169921875	n/a	0.0	1	27735	n/a
54.1875	n/a	1.0	2	27744	n/a
54.203125	n/a	0.0	1	27752	n/a
54.220703125	n/a	1.0	2	27761	n/a
54.23828125	n/a	0.0	1	27770	n/a
54.25390625	n/a	1.0	2	27778	n/a
54.271484375	n/a	1.0	2	27787	n/a
54.287109375	n/a	0.0	1	27795	n/a
54.3046875	n/a	1.0	2	27804	n/a
54.3203125	n/a	0.0	1	27812	n/a
54.337890625	n/a	1.0	2	27821	n/a
54.353515625	n/a	0.0	1	27829	n/a
54.37109375	n/a	0.0	1	27838	n/a
54.38671875	n/a	1.0	2	27846	n/a
54.404296875	n/a	1.0	2	27855	n/a
54.419921875	n/a	0.0	1	27863	n/a
54.4375	n/a	0.0	1	27872	n/a
54.453125	n/a	1.0	2	27880	n/a
54.470703125	n/a	1.0	2	27889	n/a
54.48828125	n/a	0.0	1	27898	n/a
54.50390625	n/a	1.0	2	27906	n/a
54.521484375	n/a	0.0	1	27915	n/a
54.537109375	n/a	0.0	1	27923	n/a
54.5546875	n/a	1.0	2	27932	n/a
54.5703125	n/a	1.0	2	27940	n/a
54.587890625	n/a	0.0	1	27949	n/a
54.603515625	n/a	1.0	2	27957	n/a
54.62109375	n/a	0.0	1	27966	n/a
54.63671875	n/a	0.0	1	27974	n/a
54.654296875	n/a	1.0	2	27983	n/a
54.669921875	n/a	0.0	1	27991	n/a
54.6875	n/a	1.0	2	28000	n/a
54.703125	n/a	0.0	1	28008	n/a
54.720703125	n/a	1.0	2	28017	n/a
54.73828125	n/a	1.0	2	28026	n/a
54.75390625	n/a	0.0	1	28034	n/a
54.771484375	n/a	0.0	1	28043	n/a
54.787109375	n/a	1.0	2	28051	n/a
54.8046875	n/a	0.0	1	28060	n/a
54.8203125	n/a	1.0	2	28068	n/a
54.837890625	n/a	1.0	2	28077	n/a
54.853515625	n/a	0.0	1	28085	n/a
54.87109375	n/a	1.0	2	28094	n/a
54.88671875	n/a	0.0	1	28102	n/a
54.904296875	n/a	0.0	1	28111	n/a
54.919921875	n/a	1.0	2	28119	n/a
54.9375	n/a	1.0	2	28128	n/a
54.953125	n/a	0.0	1	28136	n/a
54.970703125	n/a	1.0	2	28145	n/a
54.98828125	n/a	0.0	1	28154	n/a
55.00390625	n/a	1.0	2	28162	n/a
55.021484375	n/a	0.0	1	28171	n/a
55.037109375	n/a	1.0	2	28179	n/a
55.0546875	n/a	0.0	1	28188	n/a
55.0703125	n/a	0.0	1	28196	n/a
55.087890625	n/a	1.0	2	28205	n/a
55.103515625	n/a	0.0	1	28213	n/a
55.12109375	n/a	1.0	2	28222	n/a
55.13671875	n/a	1.0	2	28230	n/a
55.154296875	n/a	0.0	1	28239	n/a
55.169921875	n/a	0.0	1	28247	n/a
55.1875	n/a	1.0	2	28256	n/a
55.203125	n/a	0.0	1	28264	n/a
55.220703125	n/a	1.0	2	28273	n/a
55.23828125	n/a	1.0	2	28282	n/a
55.25390625	n/a	0.0	1	28290	n/a
55.271484375	n/a	0.0	1	28299	n/a
55.287109375	n/a	1.0	2	28307	n/a
55.3046875	n/a	1.0	2	28316	n/a
55.3203125	n/a	0.0	1	28324	n/a
55.337890625	n/a	0.0	1	28333	n/a
55.353515625	n/a	1.0	2	28341	n/a
55.37109375	n/a	0.0	1	28350	n/a
55.38671875	n/a	1.0	2	28358	n/a
55.404296875	n/a	1.0	2	28367	n/a
55.419921875	n/a	0.0	1	28375	n/a
55.4375	n/a	0.0	1	28384	n/a
55.453125	n/a	1.0	2	28392	n/a
55.470703125	n/a	1.0	2	28401	n/a
55.48828125	n/a	0.0	1	28410	n/a
55.50390625	n/a	0.0	1	28418	n/a
55.521484375	n/a	1.0	2	28427	n/a
55.537109375	n/a	1.0	2	28435	n/a
55.5546875	n/a	0.0	1	28444	n/a
55.5703125	n/a	1.0	2	28452	n/a
55.587890625	n/a	0.0	1	28461	n/a
55.603515625	n/a	0.0	1	28469	n/a
55.62109375	n/a	1.0	2	28478	n/a
55.63671875	n/a	1.0	2	28486	n/a
55.654296875	n/a	0.0	1	28495	n/a
55.669921875	n/a	0.0	1	28503	n/a
55.6875	n/a	1.0	2	28512	n/a
55.703125	n/a	0.0	1	28520	n/a
55.720703125	n/a	1.0	2	28529	n/a
55.73828125	n/a	0.0	1	28538	n/a
55.75390625	n/a	1.0	2	28546	n/a
55.771484375	n/a	0.0	1	28555	n/a
55.787109375	n/a	1.0	2	28563	n/a
55.8046875	n/a	1.0	2	28572	n/a
55.8203125	n/a	0.0	1	28580	n/a
55.837890625	n/a	1.0	2	28589	n/a
55.853515625	n/a	0.0	1	28597	n/a
55.87109375	n/a	1.0	2	28606	n/a
55.88671875	n/a	0.0	1	28614	n/a
55.904296875	n/a	1.0	2	28623	n/a
55.919921875	n/a	0.0	1	28631	n/a
55.9375	n/a	1.0	2	28640	n/a
55.953125	n/a	0.0	1	28648	n/a
55.970703125	n/a	1.0	2	28657	n/a
55.98828125	n/a	0.0	1	28666	n/a
56.00390625	n/a	0.0	1	28674	n/a
56.021484375	n/a	1.0	2	28683	n/a
56.037109375	n/a	0.0	1	28691	n/a
56.0546875	n/a	1.0	2	28700	n/a
56.0703125	n/a	0.0	1	28708	n/a
56.087890625	n/a	1.0	2	28717	n/a
56.103515625	n/a	1.0	2	28725	n/a
56.12109375	n/a	0.0	1	28734	n/a
56.13671875	n/a	1.0	2	28742	n/a
56.154296875	n/a	0.0	1	28751	n/a
56.169921875	n/a	1.0	2	28759	n/a
56.1875	n/a	0.0	1	28768	n/a
56.203125	n/a	0.0	1	28776	n/a
56.220703125	n/a	1.0	2	28785	n/a
56.23828125	n/a	0.0	1	28794	n/a
56.25390625	n/a	1.0	2	28802	n/a
56.271484375	n/a	0.0	1	28811	n/a
56.287109375	n/a	1.0	2	28819	n/a
56.3046875	n/a	0.0	1	28828	n/a
56.3203125	n/a	1.0	2	28836	n/a
56.337890625	n/a	0.0	1	28845	n/a
56.353515625	n/a	1.0	2	28853	n/a
56.37109375	n/a	1.0	2	28862	n/a
56.38671875	n/a	0.0	1	28870	n/a
56.404296875	n/a	1.0	2	28879	n/a
56.419921875	n/a	0.0	1	28887	n/a
56.4375	n/a	1.0	2	28896	n/a
56.453125	n/a	0.0	1	28904	n/a
56.470703125	n/a	0.0	1	28913	n/a
56.48828125	n/a	1.0	2	28922	n/a
56.50390625	n/a	1.0	2	28930	n/a
56.521484375	n/a	0.0	1	28939	n/a
56.537109375	n/a	0.0	1	28947	n/a
56.5546875	n/a	1.0	2	28956	n/a
56.5703125	n/a	1.0	2	28964	n/a
56.587890625	n/a	0.0	1	28973	n/a
56.603515625	n/a	1.0	2	28981	n/a
56.62109375	n/a	0.0	1	28990	n/a
56.63671875	n/a	0.0	1	28998	n/a
56.654296875	n/a	1.0	2	29007	n/a
56.669921875	n/a	1.0	2	29015	n/a
56.6875	n/a	0.0	1	29024	n/a
56.703125	n/a	1.0	2	29032	n/a
56.720703125	n/a	0.0	1	29041	n/a
56.73828125	n/a	0.0	1	29050	n/a
56.75390625	n/a	1.0	2	29058	n/a
56.771484375	n/a	0.0	1	29067	n/a
56.787109375	n/a	1.0	2	29075	n/a
56.8046875	n/a	0.0	1	29084	n/a
56.8203125	n/a	1.0	2	29092	n/a
56.837890625	n/a	1.0	2	29101	n/a
56.853515625	n/a	0.0	1	29109	n/a
56.87109375	n/a	0.0	1	29118	n/a
56.88671875	n/a	1.0	2	29126	n/a
56.904296875	n/a	0.0	1	29135	n/a
56.919921875	n/a	1.0	2	29143	n/a
56.9375	n/a	1.0	2	29152	n/a
56.953125	n/a	0.0	1	29160	n/a
56.970703125	n/a	1.0	2	29169	n/a
56.98828125	n/a	0.0	1	29178	n/a
57.00390625	n/a	0.0	1	29186	n/a
57.021484375	n/a	1.0	2	29195	n/a
57.037109375	n/a	1.0	2	29203	n/a
57.0546875	n/a	0.0	1	29212	n/a
57.0703125	n/a	1.0	2	29220	n/a
57.087890625	n/a	0.0	1	29229	n/a
57.103515625	n/a	1.0	2	29237	n/a
57.12109375	n/a	0.0	1	29246	n/a
57.13671875	n/a	1.0	2	29254	n/a
57.154296875	n/a	0.0	1	29263	n/a
57.169921875	n/a	0.0	1	29271	n/a
57.1875	n/a	1.0	2	29280	n/a
57.203125	n/a	0.0	1	29288	n/a
57.220703125	n/a	1.0	2	29297	n/a
57.23828125	n/a	1.0	2	29306	n/a
57.25390625	n/a	0.0	1	29314	n/a
57.271484375	n/a	0.0	1	29323	n/a
57.287109375	n/a	1.0	2	29331	n/a
57.3046875	n/a	0.0	1	29340	n/a
57.3203125	n/a	1.0	2	29348	n/a
57.337890625	n/a	1.0	2	29357	n/a
57.353515625	n/a	0.0	1	29365	n/a
57.37109375	n/a	0.0	1	29374	n/a
57.38671875	n/a	1.0	2	29382	n/a
57.404296875	n/a	1.0	2	29391	n/a
57.419921875	n/a	0.0	1	29399	n/a
57.4375	n/a	0.0	1	29408	n/a
57.453125	n/a	1.0	2	29416	n/a
57.470703125	n/a	0.0	1	29425	n/a
57.48828125	n/a	1.0	2	29434	n/a
57.50390625	n/a	1.0	2	29442	n/a
57.521484375	n/a	0.0	1	29451	n/a
57.537109375	n/a	0.0	1	29459	n/a
57.5546875	n/a	1.0	2	29468	n/a
57.5703125	n/a	1.0	2	29476	n/a
57.587890625	n/a	0.0	1	29485	n/a
57.603515625	n/a	0.0	1	29493	n/a
57.62109375	n/a	1.0	2	29502	n/a
57.63671875	n/a	1.0	2	29510	n/a
57.654296875	n/a	0.0	1	29519	n/a
57.669921875	n/a	1.0	2	29527	n/a
57.6875	n/a	0.0	1	29536	n/a
57.703125	n/a	0.0	1	29544	n/a
57.720703125	n/a	1.0	2	29553	n/a
57.73828125	n/a	1.0	2	29562	n/a
57.75390625	n/a	0.0	1	29570	n/a
57.771484375	n/a	0.0	1	29579	n/a
57.787109375	n/a	1.0	2	29587	n/a
57.8046875	n/a	0.0	1	29596	n/a
57.8203125	n/a	1.0	2	29604	n/a
57.837890625	n/a	0.0	1	29613	n/a
57.853515625	n/a	1.0	2	29621	n/a
57.87109375	n/a	0.0	1	29630	n/a
57.88671875	n/a	1.0	2	29638	n/a
57.904296875	n/a	1.0	2	29647	n/a
57.919921875	n/a	0.0	1	29655	n/a
57.9375	n/a	1.0	2	29664	n/a
57.953125	n/a	0.0	1	29672	n/a
57.970703125	n/a	1.0	2	29681	n/a
57.98828125	n/a	0.0	1	29690	n/a
58.00390625	n/a	1.0	2	29698	n/a
58.021484375	n/a	0.0	1	29707	n/a
58.037109375	n/a	1.0	2	29715	n/a
58.0546875	n/a	0.0	1	29724	n/a
58.0703125	n/a	1.0	2	29732	n/a
58.087890625	n/a	0.0	1	29741	n/a
58.103515625	n/a	0.0	1	29749	n/a
58.12109375	n/a	1.0	2	29758	n/a
58.13671875	n/a	0.0	1	29766	n/a
58.154296875	n/a	1.0	2	29775	n/a
58.169921875	n/a	0.0	1	29783	n/a
58.1875	n/a	1.0	2	29792	n/a
58.203125	n/a	1.0	2	29800	n/a
58.220703125	n/a	0.0	1	29809	n/a
58.23828125	n/a	1.0	2	29818	n/a
58.25390625	n/a	0.0	1	29826	n/a
58.271484375	n/a	1.0	2	29835	n/a
58.287109375	n/a	0.0	1	29843	n/a
58.3046875	n/a	0.0	1	29852	n/a
58.3203125	n/a	1.0	2	29860	n/a
58.337890625	n/a	0.0	1	29869	n/a
58.353515625	n/a	1.0	2	29877	n/a
58.37109375	n/a	0.0	1	29886	n/a
58.38671875	n/a	1.0	2	29894	n/a
58.404296875	n/a	0.0	1	29903	n/a
58.419921875	n/a	1.0	2	29911	n/a
58.4375	n/a	0.0	1	29920	n/a
58.453125	n/a	1.0	2	29928	n/a
58.470703125	n/a	1.0	2	29937	n/a
58.48828125	n/a	0.0	1	29946	n/a
58.50390625	n/a	1.0	2	29954	n/a
58.521484375	n/a	0.0	1	29963	n/a
58.537109375	n/a	1.0	2	29971	n/a
58.5546875	n/a	0.0	1	29980	n/a
58.5703125	n/a	0.0	1	29988	n/a
58.587890625	n/a	1.0	2	29997	n/a
58.603515625	n/a	1.0	2	30005	n/a
58.62109375	n/a	0.0	1	30014	n/a
58.63671875	n/a	0.0	1	30022	n/a
58.654296875	n/a	1.0	2	30031	n/a
58.669921875	n/a	1.0	2	30039	n/a
58.6875	n/a	0.0	1	30048	n/a
58.703125	n/a	1.0	2	30056	n/a
58.720703125	n/a	0.0	1	30065	n/a
58.73828125	n/a	0.0	1	30074	n/a
58.75390625	n/a	1.0	2	30082	n/a
58.771484375	n/a	1.0	2	30091	n/a
58.787109375	n/a	0.0	1	30099	n/a
58.8046875	n/a	1.0	2	30108	n/a
58.8203125	n/a	0.0	1	30116	n/a
58.837890625	n/a	0.0	1	30125	n/a
58.853515625	n/a	1.0	2	30133	n/a
58.87109375	n/a	0.0	1	30142	n/a
58.88671875	n/a	1.0	2	30150	n/a
58.904296875	n/a	0.0	1	30159	n/a
58.919921875	n/a	1.0	2	30167	n/a
58.9375	n/a	1.0	2	30176	n/a
58.953125	n/a	0.0	1	30184	n/a
58.970703125	n/a	0.0	1	30193	n/a
58.98828125	n/a	1.0	2	30202	n/a
59.00390625	n/a	0.0	1	30210	n/a
59.021484375	n/a	1.0	2	30219	n/a
59.037109375	n/a	1.0	2	30227	n/a
59.0546875	n/a	0.0	1	30236	n/a
59.0703125	n/a	1.0	2	30244	n/a
59.087890625	n/a	0.0	1	30253	n/a
59.103515625	n/a	0.0	1	30261	n/a
59.12109375	n/a	1.0	2	30270	n/a
59.13671875	n/a	1.0	2	30278	n/a
59.154296875	n/a	0.0	1	30287	n/a
59.169921875	n/a	1.0	2	30295	n/a
59.1875	n/a	0.0	1	30304	n/a
59.203125	n/a	1.0	2	30312	n/a
59.220703125	n/a	0.0	1	30321	n/a
59.23828125	n/a	1.0	2	30330	n/a
59.25390625	n/a	0.0	1	30338	n/a
59.271484375	n/a	0.0	1	30347	n/a
59.287109375	n/a	1.0	2	30355	n/a
59.3046875	n/a	0.0	1	30364	n/a
59.3203125	n/a	1.0	2	30372	n/a
59.337890625	n/a	1.0	2	30381	n/a
59.353515625	n/a	0.0	1	30389	n/a
59.37109375	n/a	0.0	1	30398	n/a
59.38671875	n/a	1.0	2	30406	n/a
59.404296875	n/a	0.0	1	30415	n/a
59.419921875	n/a	1.0	2	30423	n/a
59.4375	n/a	1.0	2	30432	n/a
59.453125	n/a	0.0	1	30440	n/a
59.470703125	n/a	0.0	1	30449	n/a
59.48828125	n/a	1.0	2	30458	n/a
59.50390625	n/a	1.0	2	30466	n/a
59.521484375	n/a	0.0	1	30475	n/a
59.537109375	n/a	0.0	1	30483	n/a
59.5546875	n/a	1.0	2	30492	n/a
59.5703125	n/a	0.0	1	30500	n/a
59.587890625	n/a	1.0	2	30509	n/a
59.603515625	n/a	1.0	2	30517	n/a
59.62109375	n/a	0.0	1	30526	n/a
59.63671875	n/a	0.0	1	30534	n/a
59.654296875	n/a	1.0	2	30543	n/a
59.669921875	n/a	1.0	2	30551	n/a
59.6875	n/a	0.0	1	30560	n/a
59.703125	n/a	0.0	1	30568	n/a
59.720703125	n/a	1.0	2	30577	n/a
59.73828125	n/a	1.0	2	30586	n/a
59.75390625	n/a	0.0	1	30594	n/a
59.771484375	n/a	1.0	2	30603	n/a
59.787109375	n/a	0.0	1	30611	n/a
59.8046875	n/a	0.0	1	30620	n/a
59.8203125	n/a	1.0	2	30628	n/a
59.837890625	n/a	1.0	2	30637	n/a
59.853515625	n/a	0.0	1	30645	n/a
59.87109375	n/a	0.0	1	30654	n/a
59.88671875	n/a	1.0	2	30662	n/a
59.904296875	n/a	0.0	1	30671	n/a
59.919921875	n/a	1.0	2	30679	n/a
59.9375	n/a	0.0	1	30688	n/a
59.953125	n/a	1.0	2	30696	n/a
59.970703125	n/a	0.0	1	30705	n/a
59.98828125	n/a	1.0	2	30714	n/a
60.00390625	n/a	1.0	2	30722	n/a
60.021484375	n/a	0.0	1	30731	n/a
60.037109375	n/a	1.0	2	30739	n/a
60.0546875	n/a	0.0	1	30748	n/a
60.0703125	n/a	1.0	2	30756	n/a
60.087890625	n/a	0.0	1	30765	n/a
60.103515625	n/a	1.0	2	30773	n/a
60.12109375	n/a	0.0	1	30782	n/a
60.13671875	n/a	1.0	2	30790	n/a
60.154296875	n/a	0.0	1	30799	n/a
60.169921875	n/a	1.0	2	30807	n/a
60.1875	n/a	0.0	1	30816	n/a
60.203125	n/a	0.0	1	30824	n/a
60.220703125	n/a	1.0	2	30833	n/a
60.23828125	n/a	0.0	1	30842	n/a
60.25390625	n/a	1.0	2	30850	n/a
60.271484375	n/a	0.0	1	30859	n/a
60.287109375	n/a	1.0	2	30867	n/a
60.3046875	n/a	1.0	2	30876	n/a
60.3203125	n/a	0.0	1	30884	n/a
60.337890625	n/a	1.0	2	30893	n/a
60.353515625	n/a	0.0	1	30901	n/a
60.37109375	n/a	1.0	2	30910	n/a
60.38671875	n/a	0.0	1	30918	n/a
60.404296875	n/a	0.0	1	30927	n/a
60.419921875	n/a	1.0	2	30935	n/a
60.4375	n/a	0.0	1	30944	n/a
60.453125	n/a	1.0	2	30952	n/a
60.470703125	n/a	0.0	1	30961	n/a
60.48828125	n/a	1.0	2	30970	n/a
60.50390625	n/a	0.0	1	30978	n/a
60.521484375	n/a	1.0	2	30987	n/a
60.537109375	n/a	0.0	1	30995	n/a
60.5546875	n/a	1.0	2	31004	n/a
60.5703125	n/a	1.0	2	31012	n/a
60.587890625	n/a	0.0	1	31021	n/a
60.603515625	n/a	1.0	2	31029	n/a
60.62109375	n/a	0.0	1	31038	n/a
60.63671875	n/a	1.0	2	31046	n/a
60.654296875	n/a	0.0	1	31055	n/a
60.669921875	n/a	0.0	1	31063	n/a
60.6875	n/a	1.0	2	31072	n/a
60.703125	n/a	1.0	2	31080	n/a
60.720703125	n/a	0.0	1	31089	n/a
60.73828125	n/a	0.0	1	31098	n/a
60.75390625	n/a	1.0	2	31106	n/a
60.771484375	n/a	1.0	2	31115	n/a
60.787109375	n/a	0.0	1	31123	n/a
60.8046875	n/a	1.0	2	31132	n/a
60.8203125	n/a	0.0	1	31140	n/a
60.837890625	n/a	0.0	1	31149	n/a
60.853515625	n/a	1.0	2	31157	n/a
60.87109375	n/a	1.0	2	31166	n/a
60.88671875	n/a	0.0	1	31174	n/a
60.904296875	n/a	1.0	2	31183	n/a
60.919921875	n/a	0.0	1	31191	n/a
60.9375	n/a	0.0	1	31200	n/a
60.953125	n/a	1.0	2	31208	n/a
60.970703125	n/a	0.0	1	31217	n/a
60.98828125	n/a	1.0	2	31226	n/a
61.00390625	n/a	0.0	1	31234	n/a
61.021484375	n/a	1.0	2	31243	n/a
61.037109375	n/a	1.0	2	31251	n/a
61.0546875	n/a	0.0	1	31260	n/a
61.0703125	n/a	0.0	1	31268	n/a
61.087890625	n/a	1.0	2	31277	n/a
61.103515625	n/a	0.0	1	31285	n/a
61.12109375	n/a	1.0	2	31294	n/a
61.13671875	n/a	1.0	2	31302	n/a
61.154296875	n/a	0.0	1	31311	n/a
61.169921875	n/a	1.0	2	31319	n/a
61.1875	n/a	0.0	1	31328	n/a
61.203125	n/a	0.0	1	31336	n/a
61.220703125	n/a	1.0	2	31345	n/a
61.23828125	n/a	1.0	2	31354	n/a
61.25390625	n/a	0.0	1	31362	n/a
61.271484375	n/a	1.0	2	31371	n/a
61.287109375	n/a	0.0	1	31379	n/a
61.3046875	n/a	1.0	2	31388	n/a
61.3203125	n/a	0.0	1	31396	n/a
61.337890625	n/a	1.0	2	31405	n/a
61.353515625	n/a	0.0	1	31413	n/a
61.37109375	n/a	0.0	1	31422	n/a
61.38671875	n/a	1.0	2	31430	n/a
61.404296875	n/a	0.0	1	31439	n/a
61.419921875	n/a	1.0	2	31447	n/a
61.4375	n/a	1.0	2	31456	n/a
61.453125	n/a	0.0	1	31464	n/a
61.470703125	n/a	0.0	1	31473	n/a
61.48828125	n/a	1.0	2	31482	n/a
61.50390625	n/a	0.0	1	31490	n/a
61.521484375	n/a	1.0	2	31499	n/a
61.537109375	n/a	1.0	2	31507	n/a
61.5546875	n/a	0.0	1	31516	n/a
61.5703125	n/a	0.0	1	31524	n/a
61.587890625	n/a	1.0	2	31533	n/a
61.603515625	n/a	1.0	2	31541	n/a
61.62109375	n/a	0.0	1	31550	n/a
61.63671875	n/a	0.0	1	31558	n/a
61.654296875	n/a	1.0	2	31567	n/a
61.669921875	n/a	0.0	1	31575	n/a
61.6875	n/a	1.0	2	31584	n/a
61.703125	n/a	1.0	2	31592	n/a
61.720703125	n/a	0.0	1	31601	n/a
61.73828125	n/a	0.0	1	31610	n/a
61.75390625	n/a	1.0	2	31618	n/a
61.771484375	n/a	1.0	2	31627	n/a
61.787109375	n/a	0.0	1	31635	n/a
61.8046875	n/a	0.0	1	31644	n/a
61.8203125	n/a	1.0	2	31652	n/a
61.837890625	n/a	1.0	2	31661	n/a
61.853515625	n/a	0.0	1	31669	n/a
61.87109375	n/a	1.0	2	31678	n/a
61.88671875	n/a	0.0	1	31686	n/a
61.904296875	n/a	0.0	1	31695	n/a
61.919921875	n/a	1.0	2	31703	n/a
61.9375	n/a	1.0	2	31712	n/a
61.953125	n/a	0.0	1	31720	n/a
61.970703125	n/a	0.0	1	31729	n/a
61.98828125	n/a	1.0	2	31738	n/a
62.00390625	n/a	0.0	1	31746	n/a
62.021484375	n/a	1.0	2	31755	n/a
62.037109375	n/a	0.0	1	31763	n/a
62.0546875	n/a	1.0	2	31772	n/a
62.0703125	n/a	0.0	1	31780	n/a
62.087890625	n/a	1.0	2	31789	n/a
62.103515625	n/a	1.0	2	31797	n/a
62.12109375	n/a	0.0	1	31806	n/a
62.13671875	n/a	1.0	2	31814	n/a
62.154296875	n/a	0.0	1	31823	n/a
62.169921875	n/a	1.0	2	31831	n/a
62.1875	n/a	0.0	1	31840	n/a
62.203125	n/a	1.0	2	31848	n/a
62.220703125	n/a	0.0	1	31857	n/a
62.23828125	n/a	1.0	2	31866	n/a
62.25390625	n/a	0.0	1	31874	n/a
62.271484375	n/a	1.0	2	31883	n/a
62.287109375	n/a	0.0	1	31891	n/a
62.3046875	n/a	0.0	1	31900	n/a
62.3203125	n/a	1.0	2	31908	n/a
62.337890625	n/a	0.0	1	31917	n/a
62.353515625	n/a	1.0	2	31925	n/a
62.37109375	n/a	0.0	1	31934	n/a
62.38671875	n/a	1.0	2	31942	n/a
62.404296875	n/a	1.0	2	31951	n/a
62.419921875	n/a	0.0	1	31959	n/a
62.4375	n/a	1.0	2	31968	n/a
62.453125	n/a	0.0	1	31976	n/a
62.470703125	n/a	1.0	2	31985	n/a
62.48828125	n/a	0.0	1	31994	n/a
62.50390625	n/a	0.0	1	32002	n/a
62.521484375	n/a	1.0	2	32011	n/a
62.537109375	n/a	0.0	1	32019	n/a
62.5546875	n/a	1.0	2	32028	n/a
62.5703125	n/a	0.0	1	32036	n/a
62.587890625	n/a	1.0	2	32045	n/a
62.603515625	n/a	0.0	1	32053	n/a
62.62109375	n/a	1.0	2	32062	n/a
62.63671875	n/a	0.0	1	32070	n/a
62.654296875	n/a	1.0	2	32079	n/a
62.669921875	n/a	1.0	2	32087	n/a
62.6875	n/a	0.0	1	32096	n/a
62.703125	n/a	1.0	2	32104	n/a
62.720703125	n/a	0.0	1	32113	n/a
62.73828125	n/a	1.0	2	32122	n/a
62.75390625	n/a	0.0	1	32130	n/a
62.771484375	n/a	0.0	1	32139	n/a
62.787109375	n/a	1.0	2	32147	n/a
62.8046875	n/a	1.0	2	32156	n/a
62.8203125	n/a	0.0	1	32164	n/a
62.837890625	n/a	0.0	1	32173	n/a
62.853515625	n/a	1.0	2	32181	n/a
62.87109375	n/a	1.0	2	32190	n/a
62.88671875	n/a	0.0	1	32198	n/a
62.904296875	n/a	1.0	2	32207	n/a
62.919921875	n/a	0.0	1	32215	n/a
62.9375	n/a	0.0	1	32224	n/a
62.953125	n/a	1.0	2	32232	n/a
62.970703125	n/a	1.0	2	32241	n/a
62.98828125	n/a	0.0	1	32250	n/a
63.00390625	n/a	1.0	2	32258	n/a
63.021484375	n/a	0.0	1	32267	n/a
63.037109375	n/a	0.0	1	32275	n/a
63.0546875	n/a	1.0	2	32284	n/a
63.0703125	n/a	0.0	1	32292	n/a
63.087890625	n/a	1.0	2	32301	n/a
63.103515625	n/a	0.0	1	32309	n/a
63.12109375	n/a	1.0	2	32318	n/a
63.13671875	n/a	1.0	2	32326	n/a
63.154296875	n/a	0.0	1	32335	n/a
63.169921875	n/a	0.0	1	32343	n/a
63.1875	n/a	1.0	2	32352	n/a
63.203125	n/a	0.0	1	32360	n/a
63.220703125	n/a	1.0	2	32369	n/a
63.23828125	n/a	1.0	2	32378	n/a
63.25390625	n/a	0.0	1	32386	n/a
63.271484375	n/a	1.0	2	32395	n/a
63.287109375	n/a	0.0	1	32403	n/a
63.3046875	n/a	0.0	1	32412	n/a
63.3203125	n/a	1.0	2	32420	n/a
63.337890625	n/a	1.0	2	32429	n/a
63.353515625	n/a	0.0	1	32437	n/a
63.37109375	n/a	1.0	2	32446	n/a
63.38671875	n/a	0.0	1	32454	n/a
63.404296875	n/a	1.0	2	32463	n/a
63.419921875	n/a	0.0	1	32471	n/a
63.4375	n/a	1.0	2	32480	n/a
63.453125	n/a	0.0	1	32488	n/a
63.470703125	n/a	0.0	1	32497	n/a
63.48828125	n/a	1.0	2	32506	n/a
63.50390625	n/a	0.0	1	32514	n/a
63.521484375	n/a	1.0	2	32523	n/a
63.537109375	n/a	1.0	2	32531	n/a
63.5546875	n/a	0.0	1	32540	n/a
63.5703125	n/a	0.0	1	32548	n/a
63.587890625	n/a	1.0	2	32557	n/a
63.603515625	n/a	0.0	1	32565	n/a
63.62109375	n/a	1.0	2	32574	n/a
63.63671875	n/a	1.0	2	32582	n/a
63.654296875	n/a	0.0	1	32591	n/a
63.669921875	n/a	0.0	1	32599	n/a
63.6875	n/a	1.0	2	32608	n/a
63.703125	n/a	1.0	2	32616	n/a
63.720703125	n/a	0.0	1	32625	n/a
63.73828125	n/a	0.0	1	32634	n/a
63.75390625	n/a	1.0	2	32642	n/a
63.771484375	n/a	0.0	1	32651	n/a
63.787109375	n/a	1.0	2	32659	n/a
63.8046875	n/a	1.0	2	32668	n/a
63.8203125	n/a	0.0	1	32676	n/a
63.837890625	n/a	0.0	1	32685	n/a
63.853515625	n/a	1.0	2	32693	n/a
63.87109375	n/a	1.0	2	32702	n/a
63.88671875	n/a	0.0	1	32710	n/a
63.904296875	n/a	0.0	1	32719	n/a
63.919921875	n/a	1.0	2	32727	n/a
63.9375	n/a	1.0	2	32736	n/a
63.953125	n/a	0.0	1	32744	n/a
63.970703125	n/a	1.0	2	32753	n/a
63.98828125	n/a	0.0	1	32762	n/a
64.00390625	n/a	0.0	1	32770	n/a
64.021484375	n/a	1.0	2	32779	n/a
64.037109375	n/a	1.0	2	32787	n/a
64.0546875	n/a	0.0	1	32796	n/a
64.0703125	n/a	0.0	1	32804	n/a
64.087890625	n/a	1.0	2	32813	n/a
64.103515625	n/a	0.0	1	32821	n/a
64.12109375	n/a	1.0	2	32830	n/a
64.13671875	n/a	0.0	1	32838	n/a
64.154296875	n/a	1.0	2	32847	n/a
64.169921875	n/a	0.0	1	32855	n/a
64.1875	n/a	1.0	2	32864	n/a
64.203125	n/a	1.0	2	32872	n/a
64.220703125	n/a	0.0	1	32881	n/a
64.23828125	n/a	1.0	2	32890	n/a
64.25390625	n/a	0.0	1	32898	n/a
64.271484375	n/a	1.0	2	32907	n/a
64.287109375	n/a	0.0	1	32915	n/a
64.3046875	n/a	1.0	2	32924	n/a
64.3203125	n/a	0.0	1	32932	n/a
64.337890625	n/a	1.0	2	32941	n/a
64.353515625	n/a	0.0	1	32949	n/a
64.37109375	n/a	1.0	2	32958	n/a
64.38671875	n/a	0.0	1	32966	n/a
64.404296875	n/a	0.0	1	32975	n/a
64.419921875	n/a	1.0	2	32983	n/a
64.4375	n/a	0.0	1	32992	n/a
64.453125	n/a	1.0	2	33000	n/a
64.470703125	n/a	0.0	1	33009	n/a
64.48828125	n/a	1.0	2	33018	n/a
64.50390625	n/a	1.0	2	33026	n/a
64.521484375	n/a	0.0	1	33035	n/a
64.537109375	n/a	1.0	2	33043	n/a
64.5546875	n/a	0.0	1	33052	n/a
64.5703125	n/a	1.0	2	33060	n/a
64.587890625	n/a	0.0	1	33069	n/a
64.603515625	n/a	0.0	1	33077	n/a
64.62109375	n/a	1.0	2	33086	n/a
64.63671875	n/a	0.0	1	33094	n/a
64.654296875	n/a	1.0	2	33103	n/a
64.669921875	n/a	0.0	1	33111	n/a
64.6875	n/a	1.0	2	33120	n/a
64.703125	n/a	0.0	1	33128	n/a
64.720703125	n/a	1.0	2	33137	n/a
64.73828125	n/a	0.0	1	33146	n/a
64.75390625	n/a	1.0	2	33154	n/a
64.771484375	n/a	1.0	2	33163	n/a
64.787109375	n/a	0.0	1	33171	n/a
64.8046875	n/a	1.0	2	33180	n/a
64.8203125	n/a	0.0	1	33188	n/a
64.837890625	n/a	1.0	2	33197	n/a
64.853515625	n/a	0.0	1	33205	n/a
64.87109375	n/a	0.0	1	33214	n/a
64.88671875	n/a	1.0	2	33222	n/a
64.904296875	n/a	1.0	2	33231	n/a
64.919921875	n/a	0.0	1	33239	n/a
64.9375	n/a	0.0	1	33248	n/a
64.953125	n/a	1.0	2	33256	n/a
64.970703125	n/a	1.0	2	33265	n/a
64.98828125	n/a	0.0	1	33274	n/a
65.00390625	n/a	1.0	2	33282	n/a
65.021484375	n/a	0.0	1	33291	n/a
65.037109375	n/a	0.0	1	33299	n/a
65.0546875	n/a	1.0	2	33308	n/a
65.0703125	n/a	1.0	2	33316	n/a
65.087890625	n/a	0.0	1	33325	n/a
65.103515625	n/a	1.0	2	33333	n/a
65.12109375	n/a	0.0	1	33342	n/a
65.13671875	n/a	0.0	1	33350	n/a
65.154296875	n/a	1.0	2	33359	n/a
65.169921875	n/a	0.0	1	33367	n/a
65.1875	n/a	1.0	2	33376	n/a
65.203125	n/a	0.0	1	33384	n/a
65.220703125	n/a	1.0	2	33393	n/a
65.23828125	n/a	1.0	2	33402	n/a
65.25390625	n/a	0.0	1	33410	n/a
65.271484375	n/a	0.0	1	33419	n/a
65.287109375	n/a	1.0	2	33427	n/a
65.3046875	n/a	0.0	1	33436	n/a
65.3203125	n/a	1.0	2	33444	n/a
65.337890625	n/a	1.0	2	33453	n/a
65.353515625	n/a	0.0	1	33461	n/a
65.37109375	n/a	1.0	2	33470	n/a
65.38671875	n/a	0.0	1	33478	n/a
65.404296875	n/a	0.0	1	33487	n/a
65.419921875	n/a	1.0	2	33495	n/a
65.4375	n/a	1.0	2	33504	n/a
65.453125	n/a	0.0	1	33512	n/a
65.470703125	n/a	1.0	2	33521	n/a
65.48828125	n/a	0.0	1	33530	n/a
65.50390625	n/a	1.0	2	33538	n/a
65.521484375	n/a	0.0	1	33547	n/a
65.537109375	n/a	1.0	2	33555	n/a
65.5546875	n/a	0.0	1	33564	n/a
65.5703125	n/a	0.0	1	33572	n/a
65.587890625	n/a	1.0	2	33581	n/a
65.603515625	n/a	0.0	1	33589	n/a
65.62109375	n/a	1.0	2	33598	n/a
65.63671875	n/a	1.0	2	33606	n/a
65.654296875	n/a	0.0	1	33615	n/a
65.669921875	n/a	0.0	1	33623	n/a
65.6875	n/a	1.0	2	33632	n/a
65.703125	n/a	0.0	1	33640	n/a
65.720703125	n/a	1.0	2	33649	n/a
65.73828125	n/a	1.0	2	33658	n/a
65.75390625	n/a	0.0	1	33666	n/a
65.771484375	n/a	0.0	1	33675	n/a
65.787109375	n/a	1.0	2	33683	n/a
65.8046875	n/a	1.0	2	33692	n/a
65.8203125	n/a	0.0	1	33700	n/a
65.837890625	n/a	0.0	1	33709	n/a
65.853515625	n/a	1.0	2	33717	n/a
65.87109375	n/a	0.0	1	33726	n/a
65.88671875	n/a	1.0	2	33734	n/a
65.904296875	n/a	1.0	2	33743	n/a
65.919921875	n/a	0.0	1	33751	n/a
65.9375	n/a	0.0	1	33760	n/a
65.953125	n/a	1.0	2	33768	n/a
65.970703125	n/a	1.0	2	33777	n/a
65.98828125	n/a	0.0	1	33786	n/a
66.00390625	n/a	0.0	1	33794	n/a
66.021484375	n/a	1.0	2	33803	n/a
66.037109375	n/a	1.0	2	33811	n/a
66.0546875	n/a	0.0	1	33820	n/a
66.0703125	n/a	1.0	2	33828	n/a
66.087890625	n/a	0.0	1	33837	n/a
66.103515625	n/a	0.0	1	33845	n/a
66.12109375	n/a	1.0	2	33854	n/a
66.13671875	n/a	1.0	2	33862	n/a
66.154296875	n/a	0.0	1	33871	n/a
66.169921875	n/a	0.0	1	33879	n/a
66.1875	n/a	1.0	2	33888	n/a
66.203125	n/a	0.0	1	33896	n/a
66.220703125	n/a	1.0	2	33905	n/a
66.23828125	n/a	0.0	1	33914	n/a
66.25390625	n/a	1.0	2	33922	n/a
66.271484375	n/a	0.0	1	33931	n/a
66.287109375	n/a	1.0	2	33939	n/a
66.3046875	n/a	1.0	2	33948	n/a
66.3203125	n/a	0.0	1	33956	n/a
66.337890625	n/a	1.0	2	33965	n/a
66.353515625	n/a	0.0	1	33973	n/a
66.37109375	n/a	1.0	2	33982	n/a
66.38671875	n/a	0.0	1	33990	n/a
66.404296875	n/a	1.0	2	33999	n/a
66.419921875	n/a	0.0	1	34007	n/a
66.4375	n/a	1.0	2	34016	n/a
66.453125	n/a	0.0	1	34024	n/a
66.470703125	n/a	1.0	2	34033	n/a
66.48828125	n/a	0.0	1	34042	n/a
66.50390625	n/a	0.0	1	34050	n/a
66.521484375	n/a	1.0	2	34059	n/a
66.537109375	n/a	0.0	1	34067	n/a
66.5546875	n/a	1.0	2	34076	n/a
66.5703125	n/a	0.0	1	34084	n/a
66.587890625	n/a	1.0	2	34093	n/a
66.603515625	n/a	1.0	2	34101	n/a
66.62109375	n/a	0.0	1	34110	n/a
66.63671875	n/a	1.0	2	34118	n/a
66.654296875	n/a	0.0	1	34127	n/a
66.669921875	n/a	1.0	2	34135	n/a
66.6875	n/a	0.0	1	34144	n/a
66.703125	n/a	0.0	1	34152	n/a
66.720703125	n/a	1.0	2	34161	n/a
66.73828125	n/a	0.0	1	34170	n/a
66.75390625	n/a	1.0	2	34178	n/a
66.771484375	n/a	0.0	1	34187	n/a
66.787109375	n/a	1.0	2	34195	n/a
66.8046875	n/a	0.0	1	34204	n/a
66.8203125	n/a	1.0	2	34212	n/a
66.837890625	n/a	0.0	1	34221	n/a
66.853515625	n/a	1.0	2	34229	n/a
66.87109375	n/a	1.0	2	34238	n/a
66.88671875	n/a	0.0	1	34246	n/a
66.904296875	n/a	1.0	2	34255	n/a
66.919921875	n/a	0.0	1	34263	n/a
66.9375	n/a	1.0	2	34272	n/a
66.953125	n/a	0.0	1	34280	n/a
66.970703125	n/a	0.0	1	34289	n/a
66.98828125	n/a	1.0	2	34298	n/a
67.00390625	n/a	1.0	2	34306	n/a
67.021484375	n/a	0.0	1	34315	n/a
67.037109375	n/a	0.0	1	34323	n/a
67.0546875	n/a	1.0	2	34332	n/a
67.0703125	n/a	1.0	2	34340	n/a
67.087890625	n/a	0.0	1	34349	n/a
67.103515625	n/a	1.0	2	34357	n/a
67.12109375	n/a	0.0	1	34366	n/a
67.13671875	n/a	0.0	1	34374	n/a
67.154296875	n/a	1.0	2	34383	n/a
67.169921875	n/a	1.0	2	34391	n/a
67.1875	n/a	0.0	1	34400	n/a
67.203125	n/a	1.0	2	34408	n/a
67.220703125	n/a	0.0	1	34417	n/a
67.23828125	n/a	0.0	1	34426	n/a
67.25390625	n/a	1.0	2	34434	n/a
67.271484375	n/a	0.0	1	34443	n/a
67.287109375	n/a	1.0	2	34451	n/a
67.3046875	n/a	0.0	1	34460	n/a
67.3203125	n/a	1.0	2	34468	n/a
67.337890625	n/a	1.0	2	34477	n/a
67.353515625	n/a	0.0	1	34485	n/a
67.37109375	n/a	0.0	1	34494	n/a
67.38671875	n/a	1.0	2	34502	n/a
67.404296875	n/a	0.0	1	34511	n/a
67.419921875	n/a	1.0	2	34519	n/a
67.4375	n/a	1.0	2	34528	n/a
67.453125	n/a	0.0	1	34536	n/a
67.470703125	n/a	1.0	2	34545	n/a
67.48828125	n/a	0.0	1	34554	n/a
67.50390625	n/a	0.0	1	34562	n/a
67.521484375	n/a	1.0	2	34571	n/a
67.537109375	n/a	1.0	2	34579	n/a
67.5546875	n/a	0.0	1	34588	n/a
67.5703125	n/a	1.0	2	34596	n/a
67.587890625	n/a	0.0	1	34605	n/a
67.603515625	n/a	1.0	2	34613	n/a
67.62109375	n/a	0.0	1	34622	n/a
67.63671875	n/a	1.0	2	34630	n/a
67.654296875	n/a	0.0	1	34639	n/a
67.669921875	n/a	0.0	1	34647	n/a
67.6875	n/a	1.0	2	34656	n/a
67.703125	n/a	0.0	1	34664	n/a
67.720703125	n/a	1.0	2	34673	n/a
67.73828125	n/a	1.0	2	34682	n/a
67.75390625	n/a	0.0	1	34690	n/a
67.771484375	n/a	0.0	1	34699	n/a
67.787109375	n/a	1.0	2	34707	n/a
67.8046875	n/a	0.0	1	34716	n/a
67.8203125	n/a	1.0	2	34724	n/a
67.837890625	n/a	1.0	2	34733	n/a
67.853515625	n/a	0.0	1	34741	n/a
67.87109375	n/a	0.0	1	34750	n/a
67.88671875	n/a	1.0	2	34758	n/a
67.904296875	n/a	1.0	2	34767	n/a
67.919921875	n/a	0.0	1	34775	n/a
67.9375	n/a	0.0	1	34784	n/a
67.953125	n/a	1.0	2	34792	n/a
67.970703125	n/a	0.0	1	34801	n/a
67.98828125	n/a	1.0	2	34810	n/a
68.00390625	n/a	1.0	2	34818	n/a
68.021484375	n/a	0.0	1	34827	n/a
68.037109375	n/a	0.0	1	34835	n/a
68.0546875	n/a	1.0	2	34844	n/a
68.0703125	n/a	1.0	2	34852	n/a
68.087890625	n/a	0.0	1	34861	n/a
68.103515625	n/a	0.0	1	34869	n/a
68.12109375	n/a	1.0	2	34878	n/a
68.13671875	n/a	1.0	2	34886	n/a
68.154296875	n/a	0.0	1	34895	n/a
68.169921875	n/a	1.0	2	34903	n/a
68.1875	n/a	0.0	1	34912	n/a
68.203125	n/a	0.0	1	34920	n/a
68.220703125	n/a	1.0	2	34929	n/a
68.23828125	n/a	1.0	2	34938	n/a
68.25390625	n/a	0.0	1	34946	n/a
68.271484375	n/a	0.0	1	34955	n/a
68.287109375	n/a	1.0	2	34963	n/a
68.3046875	n/a	0.0	1	34972	n/a
68.3203125	n/a	1.0	2	34980	n/a
68.337890625	n/a	0.0	1	34989	n/a
68.353515625	n/a	1.0	2	34997	n/a
68.37109375	n/a	0.0	1	35006	n/a
68.38671875	n/a	1.0	2	35014	n/a
68.404296875	n/a	1.0	2	35023	n/a
68.419921875	n/a	0.0	1	35031	n/a
68.4375	n/a	1.0	2	35040	n/a
68.453125	n/a	0.0	1	35048	n/a
68.470703125	n/a	1.0	2	35057	n/a
68.48828125	n/a	0.0	1	35066	n/a
68.50390625	n/a	1.0	2	35074	n/a
68.521484375	n/a	0.0	1	35083	n/a
68.537109375	n/a	1.0	2	35091	n/a
68.5546875	n/a	0.0	1	35100	n/a
68.5703125	n/a	1.0	2	35108	n/a
68.587890625	n/a	0.0	1	35117	n/a
68.603515625	n/a	0.0	1	35125	n/a
68.62109375	n/a	1.0	2	35134	n/a
68.63671875	n/a	0.0	1	35142	n/a
68.654296875	n/a	1.0	2	35151	n/a
68.669921875	n/a	0.0	1	35159	n/a
68.6875	n/a	1.0	2	35168	n/a
68.703125	n/a	1.0	2	35176	n/a
68.720703125	n/a	0.0	1	35185	n/a
68.73828125	n/a	1.0	2	35194	n/a
68.75390625	n/a	0.0	1	35202	n/a
68.771484375	n/a	1.0	2	35211	n/a
68.787109375	n/a	0.0	1	35219	n/a
68.8046875	n/a	0.0	1	35228	n/a
68.8203125	n/a	1.0	2	35236	n/a
68.837890625	n/a	0.0	1	35245	n/a
68.853515625	n/a	1.0	2	35253	n/a
68.87109375	n/a	0.0	1	35262	n/a
68.88671875	n/a	1.0	2	35270	n/a
68.904296875	n/a	0.0	1	35279	n/a
68.919921875	n/a	1.0	2	35287	n/a
68.9375	n/a	0.0	1	35296	n/a
68.953125	n/a	1.0	2	35304	n/a
68.970703125	n/a	1.0	2	35313	n/a
68.98828125	n/a	0.0	1	35322	n/a
69.00390625	n/a	1.0	2	35330	n/a
69.021484375	n/a	0.0	1	35339	n/a
69.037109375	n/a	1.0	2	35347	n/a
69.0546875	n/a	0.0	1	35356	n/a
69.0703125	n/a	0.0	1	35364	n/a
69.087890625	n/a	1.0	2	35373	n/a
69.103515625	n/a	1.0	2	35381	n/a
69.12109375	n/a	0.0	1	35390	n/a
69.13671875	n/a	0.0	1	35398	n/a
69.154296875	n/a	1.0	2	35407	n/a
69.169921875	n/a	1.0	2	35415	n/a
69.1875	n/a	0.0	1	35424	n/a
69.203125	n/a	1.0	2	35432	n/a
69.220703125	n/a	0.0	1	35441	n/a
69.23828125	n/a	0.0	1	35450	n/a
69.25390625	n/a	1.0	2	35458	n/a
69.271484375	n/a	1.0	2	35467	n/a
69.287109375	n/a	0.0	1	35475	n/a
69.3046875	n/a	1.0	2	35484	n/a
69.3203125	n/a	0.0	1	35492	n/a
69.337890625	n/a	0.0	1	35501	n/a
69.353515625	n/a	1.0	2	35509	n/a
69.37109375	n/a	0.0	1	35518	n/a
69.38671875	n/a	1.0	2	35526	n/a
69.404296875	n/a	0.0	1	35535	n/a
69.419921875	n/a	1.0	2	35543	n/a
69.4375	n/a	1.0	2	35552	n/a
69.453125	n/a	0.0	1	35560	n/a
69.470703125	n/a	0.0	1	35569	n/a
69.48828125	n/a	1.0	2	35578	n/a
69.50390625	n/a	0.0	1	35586	n/a
69.521484375	n/a	1.0	2	35595	n/a
69.537109375	n/a	1.0	2	35603	n/a
69.5546875	n/a	0.0	1	35612	n/a
69.5703125	n/a	1.0	2	35620	n/a
69.587890625	n/a	0.0	1	35629	n/a
69.603515625	n/a	0.0	1	35637	n/a
69.62109375	n/a	1.0	2	35646	n/a
69.63671875	n/a	1.0	2	35654	n/a
69.654296875	n/a	0.0	1	35663	n/a
69.669921875	n/a	1.0	2	35671	n/a
69.6875	n/a	0.0	1	35680	n/a
69.703125	n/a	1.0	2	35688	n/a
69.720703125	n/a	0.0	1	35697	n/a
69.73828125	n/a	1.0	2	35706	n/a
69.75390625	n/a	0.0	1	35714	n/a
69.771484375	n/a	0.0	1	35723	n/a
69.787109375	n/a	1.0	2	35731	n/a
69.8046875	n/a	0.0	1	35740	n/a
69.8203125	n/a	1.0	2	35748	n/a
69.837890625	n/a	1.0	2	35757	n/a
69.853515625	n/a	0.0	1	35765	n/a
69.87109375	n/a	0.0	1	35774	n/a
69.88671875	n/a	1.0	2	35782	n/a
69.904296875	n/a	0.0	1	35791	n/a
69.919921875	n/a	1.0	2	35799	n/a
69.9375	n/a	1.0	2	35808	n/a
69.953125	n/a	0.0	1	35816	n/a
69.970703125	n/a	0.0	1	35825	n/a
69.98828125	n/a	1.0	2	35834	n/a
70.00390625	n/a	1.0	2	35842	n/a
70.021484375	n/a	0.0	1	35851	n/a
70.037109375	n/a	0.0	1	35859	n/a
70.0546875	n/a	1.0	2	35868	n/a
70.0703125	n/a	0.0	1	35876	n/a
70.087890625	n/a	1.0	2	35885	n/a
70.103515625	n/a	1.0	2	35893	n/a
70.12109375	n/a	0.0	1	35902	n/a
70.13671875	n/a	0.0	1	35910	n/a
70.154296875	n/a	1.0	2	35919	n/a
70.169921875	n/a	1.0	2	35927	n/a
70.1875	n/a	0.0	1	35936	n/a
70.203125	n/a	0.0	1	35944	n/a
70.220703125	n/a	1.0	2	35953	n/a
70.23828125	n/a	1.0	2	35962	n/a
70.25390625	n/a	0.0	1	35970	n/a
70.271484375	n/a	1.0	2	35979	n/a
70.287109375	n/a	0.0	1	35987	n/a
70.3046875	n/a	0.0	1	35996	n/a
70.3203125	n/a	1.0	2	36004	n/a
70.337890625	n/a	1.0	2	36013	n/a
70.353515625	n/a	0.0	1	36021	n/a
70.37109375	n/a	0.0	1	36030	n/a
70.38671875	n/a	1.0	2	36038	n/a
70.404296875	n/a	0.0	1	36047	n/a
70.419921875	n/a	1.0	2	36055	n/a
70.4375	n/a	0.0	1	36064	n/a
70.453125	n/a	1.0	2	36072	n/a
70.470703125	n/a	0.0	1	36081	n/a
70.48828125	n/a	1.0	2	36090	n/a
70.50390625	n/a	1.0	2	36098	n/a
70.521484375	n/a	0.0	1	36107	n/a
70.537109375	n/a	1.0	2	36115	n/a
70.5546875	n/a	0.0	1	36124	n/a
70.5703125	n/a	1.0	2	36132	n/a
70.587890625	n/a	0.0	1	36141	n/a
70.603515625	n/a	1.0	2	36149	n/a
70.62109375	n/a	0.0	1	36158	n/a
70.63671875	n/a	1.0	2	36166	n/a
70.654296875	n/a	0.0	1	36175	n/a
70.669921875	n/a	1.0	2	36183	n/a
70.6875	n/a	0.0	1	36192	n/a
70.703125	n/a	0.0	1	36200	n/a
70.720703125	n/a	1.0	2	36209	n/a
70.73828125	n/a	0.0	1	36218	n/a
70.75390625	n/a	1.0	2	36226	n/a
70.771484375	n/a	0.0	1	36235	n/a
70.787109375	n/a	1.0	2	36243	n/a
70.8046875	n/a	1.0	2	36252	n/a
70.8203125	n/a	0.0	1	36260	n/a
70.837890625	n/a	1.0	2	36269	n/a
70.853515625	n/a	0.0	1	36277	n/a
70.87109375	n/a	1.0	2	36286	n/a
70.88671875	n/a	0.0	1	36294	n/a
70.904296875	n/a	0.0	1	36303	n/a
70.919921875	n/a	1.0	2	36311	n/a
70.9375	n/a	0.0	1	36320	n/a
70.953125	n/a	1.0	2	36328	n/a
70.970703125	n/a	0.0	1	36337	n/a
70.98828125	n/a	1.0	2	36346	n/a
71.00390625	n/a	0.0	1	36354	n/a
71.021484375	n/a	1.0	2	36363	n/a
71.037109375	n/a	0.0	1	36371	n/a
71.0546875	n/a	1.0	2	36380	n/a
71.0703125	n/a	1.0	2	36388	n/a
71.087890625	n/a	0.0	1	36397	n/a
71.103515625	n/a	1.0	2	36405	n/a
71.12109375	n/a	0.0	1	36414	n/a
71.13671875	n/a	1.0	2	36422	n/a
71.154296875	n/a	0.0	1	36431	n/a
71.169921875	n/a	0.0	1	36439	n/a
71.1875	n/a	1.0	2	36448	n/a
71.203125	n/a	1.0	2	36456	n/a
71.220703125	n/a	0.0	1	36465	n/a
71.23828125	n/a	0.0	1	36474	n/a
71.25390625	n/a	1.0	2	36482	n/a
71.271484375	n/a	1.0	2	36491	n/a
71.287109375	n/a	0.0	1	36499	n/a
71.3046875	n/a	1.0	2	36508	n/a
71.3203125	n/a	0.0	1	36516	n/a
71.337890625	n/a	0.0	1	36525	n/a
71.353515625	n/a	1.0	2	36533	n/a
71.37109375	n/a	1.0	2	36542	n/a
71.38671875	n/a	0.0	1	36550	n/a
71.404296875	n/a	1.0	2	36559	n/a
71.419921875	n/a	0.0	1	36567	n/a
71.4375	n/a	0.0	1	36576	n/a
71.453125	n/a	1.0	2	36584	n/a
71.470703125	n/a	0.0	1	36593	n/a
71.48828125	n/a	1.0	2	36602	n/a
71.50390625	n/a	0.0	1	36610	n/a
71.521484375	n/a	1.0	2	36619	n/a
71.537109375	n/a	1.0	2	36627	n/a
71.5546875	n/a	0.0	1	36636	n/a
71.5703125	n/a	0.0	1	36644	n/a
71.587890625	n/a	1.0	2	36653	n/a
71.603515625	n/a	0.0	1	36661	n/a
71.62109375	n/a	1.0	2	36670	n/a
71.63671875	n/a	1.0	2	36678	n/a
71.654296875	n/a	0.0	1	36687	n/a
71.669921875	n/a	1.0	2	36695	n/a
71.6875	n/a	0.0	1	36704	n/a
71.703125	n/a	0.0	1	36712	n/a
71.720703125	n/a	1.0	2	36721	n/a
71.73828125	n/a	1.0	2	36730	n/a
71.75390625	n/a	0.0	1	36738	n/a
71.771484375	n/a	1.0	2	36747	n/a
71.787109375	n/a	0.0	1	36755	n/a
71.8046875	n/a	1.0	2	36764	n/a
71.8203125	n/a	0.0	1	36772	n/a
71.837890625	n/a	1.0	2	36781	n/a
71.853515625	n/a	0.0	1	36789	n/a
71.87109375	n/a	0.0	1	36798	n/a
71.88671875	n/a	1.0	2	36806	n/a
71.904296875	n/a	0.0	1	36815	n/a
71.919921875	n/a	1.0	2	36823	n/a
71.9375	n/a	1.0	2	36832	n/a
71.953125	n/a	0.0	1	36840	n/a
71.970703125	n/a	0.0	1	36849	n/a
71.98828125	n/a	1.0	2	36858	n/a
72.00390625	n/a	0.0	1	36866	n/a
72.021484375	n/a	1.0	2	36875	n/a
72.037109375	n/a	1.0	2	36883	n/a
72.0546875	n/a	0.0	1	36892	n/a
72.0703125	n/a	0.0	1	36900	n/a
72.087890625	n/a	1.0	2	36909	n/a
72.103515625	n/a	1.0	2	36917	n/a
72.12109375	n/a	0.0	1	36926	n/a
72.13671875	n/a	0.0	1	36934	n/a
72.154296875	n/a	1.0	2	36943	n/a
72.169921875	n/a	0.0	1	36951	n/a
72.1875	n/a	1.0	2	36960	n/a
72.203125	n/a	1.0	2	36968	n/a
72.220703125	n/a	0.0	1	36977	n/a
72.23828125	n/a	0.0	1	36986	n/a
72.25390625	n/a	1.0	2	36994	n/a
72.271484375	n/a	1.0	2	37003	n/a
72.287109375	n/a	0.0	1	37011	n/a
72.3046875	n/a	0.0	1	37020	n/a
72.3203125	n/a	1.0	2	37028	n/a
72.337890625	n/a	1.0	2	37037	n/a
72.353515625	n/a	0.0	1	37045	n/a
72.37109375	n/a	1.0	2	37054	n/a
72.38671875	n/a	0.0	1	37062	n/a
72.404296875	n/a	0.0	1	37071	n/a
72.419921875	n/a	1.0	2	37079	n/a
72.4375	n/a	1.0	2	37088	n/a
72.453125	n/a	0.0	1	37096	n/a
72.470703125	n/a	0.0	1	37105	n/a
72.48828125	n/a	1.0	2	37114	n/a
72.50390625	n/a	0.0	1	37122	n/a
72.521484375	n/a	1.0	2	37131	n/a
72.537109375	n/a	0.0	1	37139	n/a
72.5546875	n/a	1.0	2	37148	n/a
72.5703125	n/a	0.0	1	37156	n/a
72.587890625	n/a	1.0	2	37165	n/a
72.603515625	n/a	1.0	2	37173	n/a
72.62109375	n/a	0.0	1	37182	n/a
72.63671875	n/a	1.0	2	37190	n/a
72.654296875	n/a	0.0	1	37199	n/a
72.669921875	n/a	1.0	2	37207	n/a
72.6875	n/a	0.0	1	37216	n/a
72.703125	n/a	1.0	2	37224	n/a
72.720703125	n/a	0.0	1	37233	n/a
72.73828125	n/a	1.0	2	37242	n/a
72.75390625	n/a	0.0	1	37250	n/a
72.771484375	n/a	1.0	2	37259	n/a
72.787109375	n/a	0.0	1	37267	n/a
72.8046875	n/a	0.0	1	37276	n/a
72.8203125	n/a	1.0	2	37284	n/a
72.837890625	n/a	0.0	1	37293	n/a
72.853515625	n/a	1.0	2	37301	n/a
72.87109375	n/a	0.0	1	37310	n/a
72.88671875	n/a	1.0	2	37318	n/a
72.904296875	n/a	1.0	2	37327	n/a
72.919921875	n/a	0.0	1	37335	n/a
72.9375	n/a	1.0	2	37344	n/a
72.953125	n/a	0.0	1	37352	n/a
72.970703125	n/a	1.0	2	37361	n/a
72.98828125	n/a	0.0	1	37370	n/a
73.00390625	n/a	0.0	1	37378	n/a
73.021484375	n/a	1.0	2	37387	n/a
73.037109375	n/a	0.0	1	37395	n/a
73.0546875	n/a	1.0	2	37404	n/a
73.0703125	n/a	0.0	1	37412	n/a
73.087890625	n/a	1.0	2	37421	n/a
73.103515625	n/a	0.0	1	37429	n/a
73.12109375	n/a	1.0	2	37438	n/a
73.13671875	n/a	0.0	1	37446	n/a
73.154296875	n/a	1.0	2	37455	n/a
73.169921875	n/a	1.0	2	37463	n/a
73.1875	n/a	0.0	1	37472	n/a
73.203125	n/a	1.0	2	37480	n/a
73.220703125	n/a	0.0	1	37489	n/a
73.23828125	n/a	1.0	2	37498	n/a
73.25390625	n/a	0.0	1	37506	n/a
73.271484375	n/a	0.0	1	37515	n/a
73.287109375	n/a	1.0	2	37523	n/a
73.3046875	n/a	1.0	2	37532	n/a
73.3203125	n/a	0.0	1	37540	n/a
73.337890625	n/a	0.0	1	37549	n/a
73.353515625	n/a	1.0	2	37557	n/a
73.37109375	n/a	1.0	2	37566	n/a
73.38671875	n/a	0.0	1	37574	n/a
73.404296875	n/a	1.0	2	37583	n/a
73.419921875	n/a	0.0	1	37591	n/a
73.4375	n/a	0.0	1	37600	n/a
73.453125	n/a	1.0	2	37608	n/a
73.470703125	n/a	1.0	2	37617	n/a
73.48828125	n/a	0.0	1	37626	n/a
73.50390625	n/a	1.0	2	37634	n/a
73.521484375	n/a	0.0	1	37643	n/a
73.537109375	n/a	0.0	1	37651	n/a
73.5546875	n/a	1.0	2	37660	n/a
73.5703125	n/a	0.0	1	37668	n/a
73.587890625	n/a	1.0	2	37677	n/a
73.603515625	n/a	0.0	1	37685	n/a
73.62109375	n/a	1.0	2	37694	n/a
73.63671875	n/a	1.0	2	37702	n/a
73.654296875	n/a	0.0	1	37711	n/a
73.669921875	n/a	0.0	1	37719	n/a
73.6875	n/a	1.0	2	37728	n/a
73.703125	n/a	0.0	1	37736	n/a
73.720703125	n/a	1.0	2	37745	n/a
73.73828125	n/a	1.0	2	37754	n/a
73.75390625	n/a	0.0	1	37762	n/a
73.771484375	n/a	1.0	2	37771	n/a
73.787109375	n/a	0.0	1	37779	n/a
73.8046875	n/a	0.0	1	37788	n/a
73.8203125	n/a	1.0	2	37796	n/a
73.837890625	n/a	1.0	2	37805	n/a
73.853515625	n/a	0.0	1	37813	n/a
73.87109375	n/a	1.0	2	37822	n/a
73.88671875	n/a	0.0	1	37830	n/a
73.904296875	n/a	1.0	2	37839	n/a
73.919921875	n/a	0.0	1	37847	n/a
73.9375	n/a	1.0	2	37856	n/a
73.953125	n/a	0.0	1	37864	n/a
73.970703125	n/a	0.0	1	37873	n/a
73.98828125	n/a	1.0	2	37882	n/a
74.00390625	n/a	0.0	1	37890	n/a
74.021484375	n/a	1.0	2	37899	n/a
74.037109375	n/a	1.0	2	37907	n/a
74.0546875	n/a	0.0	1	37916	n/a
74.0703125	n/a	0.0	1	37924	n/a
74.087890625	n/a	1.0	2	37933	n/a
74.103515625	n/a	0.0	1	37941	n/a
74.12109375	n/a	1.0	2	37950	n/a
74.13671875	n/a	1.0	2	37958	n/a
74.154296875	n/a	0.0	1	37967	n/a
74.169921875	n/a	0.0	1	37975	n/a
74.1875	n/a	1.0	2	37984	n/a
74.203125	n/a	1.0	2	37992	n/a
74.220703125	n/a	0.0	1	38001	n/a
74.23828125	n/a	0.0	1	38010	n/a
74.25390625	n/a	1.0	2	38018	n/a
74.271484375	n/a	0.0	1	38027	n/a
74.287109375	n/a	1.0	2	38035	n/a
74.3046875	n/a	1.0	2	38044	n/a
74.3203125	n/a	0.0	1	38052	n/a
74.337890625	n/a	0.0	1	38061	n/a
74.353515625	n/a	1.0	2	38069	n/a
74.37109375	n/a	1.0	2	38078	n/a
74.38671875	n/a	0.0	1	38086	n/a
74.404296875	n/a	0.0	1	38095	n/a
74.419921875	n/a	1.0	2	38103	n/a
74.4375	n/a	1.0	2	38112	n/a
74.453125	n/a	0.0	1	38120	n/a
74.470703125	n/a	1.0	2	38129	n/a
74.48828125	n/a	0.0	1	38138	n/a
74.50390625	n/a	0.0	1	38146	n/a
74.521484375	n/a	1.0	2	38155	n/a
74.537109375	n/a	1.0	2	38163	n/a
74.5546875	n/a	0.0	1	38172	n/a
74.5703125	n/a	0.0	1	38180	n/a
74.587890625	n/a	1.0	2	38189	n/a
74.603515625	n/a	0.0	1	38197	n/a
74.62109375	n/a	1.0	2	38206	n/a
74.63671875	n/a	0.0	1	38214	n/a
74.654296875	n/a	1.0	2	38223	n/a
74.669921875	n/a	0.0	1	38231	n/a
74.6875	n/a	1.0	2	38240	n/a
74.703125	n/a	1.0	2	38248	n/a
74.720703125	n/a	0.0	1	38257	n/a
74.73828125	n/a	1.0	2	38266	n/a
74.75390625	n/a	0.0	1	38274	n/a
74.771484375	n/a	1.0	2	38283	n/a
74.787109375	n/a	0.0	1	38291	n/a
74.8046875	n/a	1.0	2	38300	n/a
74.8203125	n/a	0.0	1	38308	n/a
74.837890625	n/a	1.0	2	38317	n/a
74.853515625	n/a	0.0	1	38325	n/a
74.87109375	n/a	1.0	2	38334	n/a
74.88671875	n/a	0.0	1	38342	n/a
74.904296875	n/a	0.0	1	38351	n/a
74.919921875	n/a	1.0	2	38359	n/a
74.9375	n/a	0.0	1	38368	n/a
74.953125	n/a	1.0	2	38376	n/a
74.970703125	n/a	0.0	1	38385	n/a
74.98828125	n/a	1.0	2	38394	n/a
75.00390625	n/a	1.0	2	38402	n/a
75.021484375	n/a	0.0	1	38411	n/a
75.037109375	n/a	1.0	2	38419	n/a
75.0546875	n/a	0.0	1	38428	n/a
75.0703125	n/a	1.0	2	38436	n/a
75.087890625	n/a	0.0	1	38445	n/a
75.103515625	n/a	0.0	1	38453	n/a
75.12109375	n/a	1.0	2	38462	n/a
75.13671875	n/a	0.0	1	38470	n/a
75.154296875	n/a	1.0	2	38479	n/a
75.169921875	n/a	0.0	1	38487	n/a
75.1875	n/a	1.0	2	38496	n/a
75.203125	n/a	0.0	1	38504	n/a
75.220703125	n/a	1.0	2	38513	n/a
75.23828125	n/a	0.0	1	38522	n/a
75.25390625	n/a	1.0	2	38530	n/a
75.271484375	n/a	1.0	2	38539	n/a
75.287109375	n/a	0.0	1	38547	n/a
75.3046875	n/a	1.0	2	38556	n/a
75.3203125	n/a	0.0	1	38564	n/a
75.337890625	n/a	1.0	2	38573	n/a
75.353515625	n/a	0.0	1	38581	n/a
75.37109375	n/a	0.0	1	38590	n/a
75.38671875	n/a	1.0	2	38598	n/a
75.404296875	n/a	1.0	2	38607	n/a
75.419921875	n/a	0.0	1	38615	n/a
75.4375	n/a	0.0	1	38624	n/a
75.453125	n/a	1.0	2	38632	n/a
75.470703125	n/a	1.0	2	38641	n/a
75.48828125	n/a	0.0	1	38650	n/a
75.50390625	n/a	1.0	2	38658	n/a
75.521484375	n/a	0.0	1	38667	n/a
75.537109375	n/a	0.0	1	38675	n/a
75.5546875	n/a	1.0	2	38684	n/a
75.5703125	n/a	1.0	2	38692	n/a
75.587890625	n/a	0.0	1	38701	n/a
75.603515625	n/a	1.0	2	38709	n/a
75.62109375	n/a	0.0	1	38718	n/a
75.63671875	n/a	0.0	1	38726	n/a
75.654296875	n/a	1.0	2	38735	n/a
75.669921875	n/a	0.0	1	38743	n/a
75.6875	n/a	1.0	2	38752	n/a
75.703125	n/a	0.0	1	38760	n/a
75.720703125	n/a	1.0	2	38769	n/a
75.73828125	n/a	1.0	2	38778	n/a
75.75390625	n/a	0.0	1	38786	n/a
75.771484375	n/a	0.0	1	38795	n/a
75.787109375	n/a	1.0	2	38803	n/a
75.8046875	n/a	0.0	1	38812	n/a
75.8203125	n/a	1.0	2	38820	n/a
75.837890625	n/a	1.0	2	38829	n/a
75.853515625	n/a	0.0	1	38837	n/a
75.87109375	n/a	1.0	2	38846	n/a
75.88671875	n/a	0.0	1	38854	n/a
75.904296875	n/a	0.0	1	38863	n/a
75.919921875	n/a	1.0	2	38871	n/a
75.9375	n/a	1.0	2	38880	n/a
75.953125	n/a	0.0	1	38888	n/a
77.275390625	n/a	1.0	2	39565	14.0
77.29296875	n/a	0.0	1	39574	n/a
77.30859375	n/a	1.0	2	39582	n/a
77.326171875	n/a	0.0	1	39591	n/a
77.341796875	n/a	0.0	1	39599	n/a
77.359375	n/a	1.0	2	39608	n/a
77.375	n/a	0.0	1	39616	n/a
77.392578125	n/a	1.0	2	39625	n/a
77.408203125	n/a	1.0	2	39633	n/a
77.42578125	n/a	0.0	1	39642	n/a
77.44140625	n/a	1.0	2	39650	n/a
77.458984375	n/a	0.0	1	39659	n/a
77.474609375	n/a	0.0	1	39667	n/a
77.4921875	n/a	1.0	2	39676	n/a
77.5078125	n/a	0.0	1	39684	n/a
77.525390625	n/a	1.0	2	39693	n/a
77.54296875	n/a	0.0	1	39702	n/a
77.55859375	n/a	1.0	2	39710	n/a
77.576171875	n/a	1.0	2	39719	n/a
77.591796875	n/a	0.0	1	39727	n/a
77.609375	n/a	1.0	2	39736	n/a
77.625	n/a	0.0	1	39744	n/a
77.642578125	n/a	0.0	1	39753	n/a
77.658203125	n/a	1.0	2	39761	n/a
77.67578125	n/a	0.0	1	39770	n/a
77.69140625	n/a	1.0	2	39778	n/a
77.708984375	n/a	1.0	2	39787	n/a
77.724609375	n/a	0.0	1	39795	n/a
77.7421875	n/a	1.0	2	39804	n/a
77.7578125	n/a	0.0	1	39812	n/a
77.775390625	n/a	1.0	2	39821	n/a
77.79296875	n/a	0.0	1	39830	n/a
77.80859375	n/a	0.0	1	39838	n/a
77.826171875	n/a	1.0	2	39847	n/a
77.841796875	n/a	1.0	2	39855	n/a
77.859375	n/a	0.0	1	39864	n/a
77.875	n/a	1.0	2	39872	n/a
77.892578125	n/a	0.0	1	39881	n/a
77.908203125	n/a	0.0	1	39889	n/a
77.92578125	n/a	1.0	2	39898	n/a
77.94140625	n/a	0.0	1	39906	n/a
77.958984375	n/a	1.0	2	39915	n/a
77.974609375	n/a	1.0	2	39923	n/a
77.9921875	n/a	0.0	1	39932	n/a
78.0078125	n/a	1.0	2	39940	n/a
78.025390625	n/a	0.0	1	39949	n/a
78.04296875	n/a	1.0	2	39958	n/a
78.05859375	n/a	0.0	1	39966	n/a
78.076171875	n/a	1.0	2	39975	n/a
78.091796875	n/a	0.0	1	39983	n/a
78.109375	n/a	0.0	1	39992	n/a
78.125	n/a	1.0	2	40000	n/a
78.142578125	n/a	1.0	2	40009	n/a
78.158203125	n/a	0.0	1	40017	n/a
78.17578125	n/a	0.0	1	40026	n/a
78.19140625	n/a	1.0	2	40034	n/a
78.208984375	n/a	1.0	2	40043	n/a
78.224609375	n/a	0.0	1	40051	n/a
78.2421875	n/a	0.0	1	40060	n/a
78.2578125	n/a	1.0	2	40068	n/a
78.275390625	n/a	1.0	2	40077	n/a
78.29296875	n/a	0.0	1	40086	n/a
78.30859375	n/a	1.0	2	40094	n/a
78.326171875	n/a	0.0	1	40103	n/a
78.341796875	n/a	1.0	2	40111	n/a
78.359375	n/a	0.0	1	40120	n/a
78.375	n/a	0.0	1	40128	n/a
78.392578125	n/a	1.0	2	40137	n/a
78.408203125	n/a	1.0	2	40145	n/a
78.42578125	n/a	0.0	1	40154	n/a
78.44140625	n/a	0.0	1	40162	n/a
78.458984375	n/a	1.0	2	40171	n/a
78.474609375	n/a	0.0	1	40179	n/a
78.4921875	n/a	1.0	2	40188	n/a
78.5078125	n/a	0.0	1	40196	n/a
78.525390625	n/a	1.0	2	40205	n/a
78.54296875	n/a	1.0	2	40214	n/a
78.55859375	n/a	0.0	1	40222	n/a
78.576171875	n/a	1.0	2	40231	n/a
78.591796875	n/a	0.0	1	40239	n/a
78.609375	n/a	1.0	2	40248	n/a
78.625	n/a	0.0	1	40256	n/a
78.642578125	n/a	0.0	1	40265	n/a
78.658203125	n/a	1.0	2	40273	n/a
78.67578125	n/a	0.0	1	40282	n/a
78.69140625	n/a	1.0	2	40290	n/a
78.708984375	n/a	0.0	1	40299	n/a
78.724609375	n/a	1.0	2	40307	n/a
78.7421875	n/a	1.0	2	40316	n/a
78.7578125	n/a	0.0	1	40324	n/a
78.775390625	n/a	1.0	2	40333	n/a
78.79296875	n/a	0.0	1	40342	n/a
78.80859375	n/a	1.0	2	40350	n/a
78.826171875	n/a	0.0	1	40359	n/a
78.841796875	n/a	0.0	1	40367	n/a
78.859375	n/a	1.0	2	40376	n/a
78.875	n/a	0.0	1	40384	n/a
78.892578125	n/a	1.0	2	40393	n/a
78.908203125	n/a	1.0	2	40401	n/a
78.92578125	n/a	0.0	1	40410	n/a
78.94140625	n/a	0.0	1	40418	n/a
78.958984375	n/a	1.0	2	40427	n/a
78.974609375	n/a	0.0	1	40435	n/a
78.9921875	n/a	1.0	2	40444	n/a
79.0078125	n/a	0.0	1	40452	n/a
79.025390625	n/a	1.0	2	40461	n/a
79.04296875	n/a	1.0	2	40470	n/a
79.05859375	n/a	0.0	1	40478	n/a
79.076171875	n/a	0.0	1	40487	n/a
79.091796875	n/a	1.0	2	40495	n/a
79.109375	n/a	0.0	1	40504	n/a
79.125	n/a	1.0	2	40512	n/a
79.142578125	n/a	1.0	2	40521	n/a
79.158203125	n/a	0.0	1	40529	n/a
79.17578125	n/a	1.0	2	40538	n/a
79.19140625	n/a	0.0	1	40546	n/a
79.208984375	n/a	0.0	1	40555	n/a
79.224609375	n/a	1.0	2	40563	n/a
79.2421875	n/a	0.0	1	40572	n/a
79.2578125	n/a	1.0	2	40580	n/a
79.275390625	n/a	0.0	1	40589	n/a
79.29296875	n/a	1.0	2	40598	n/a
79.30859375	n/a	1.0	2	40606	n/a
79.326171875	n/a	0.0	1	40615	n/a
79.341796875	n/a	0.0	1	40623	n/a
79.359375	n/a	1.0	2	40632	n/a
79.375	n/a	1.0	2	40640	n/a
79.392578125	n/a	0.0	1	40649	n/a
79.408203125	n/a	1.0	2	40657	n/a
79.42578125	n/a	0.0	1	40666	n/a
79.44140625	n/a	0.0	1	40674	n/a
79.458984375	n/a	1.0	2	40683	n/a
79.474609375	n/a	0.0	1	40691	n/a
79.4921875	n/a	1.0	2	40700	n/a
79.5078125	n/a	1.0	2	40708	n/a
79.525390625	n/a	0.0	1	40717	n/a
79.54296875	n/a	1.0	2	40726	n/a
79.55859375	n/a	0.0	1	40734	n/a
79.576171875	n/a	0.0	1	40743	n/a
79.591796875	n/a	1.0	2	40751	n/a
79.609375	n/a	0.0	1	40760	n/a
79.625	n/a	1.0	2	40768	n/a
79.642578125	n/a	0.0	1	40777	n/a
79.658203125	n/a	1.0	2	40785	n/a
79.67578125	n/a	1.0	2	40794	n/a
79.69140625	n/a	0.0	1	40802	n/a
79.708984375	n/a	1.0	2	40811	n/a
79.724609375	n/a	0.0	1	40819	n/a
79.7421875	n/a	0.0	1	40828	n/a
79.7578125	n/a	1.0	2	40836	n/a
79.775390625	n/a	0.0	1	40845	n/a
79.79296875	n/a	1.0	2	40854	n/a
79.80859375	n/a	1.0	2	40862	n/a
79.826171875	n/a	0.0	1	40871	n/a
79.841796875	n/a	1.0	2	40879	n/a
79.859375	n/a	0.0	1	40888	n/a
79.875	n/a	1.0	2	40896	n/a
79.892578125	n/a	0.0	1	40905	n/a
79.908203125	n/a	0.0	1	40913	n/a
79.92578125	n/a	1.0	2	40922	n/a
79.94140625	n/a	1.0	2	40930	n/a
79.958984375	n/a	0.0	1	40939	n/a
79.974609375	n/a	1.0	2	40947	n/a
79.9921875	n/a	0.0	1	40956	n/a
80.0078125	n/a	0.0	1	40964	n/a
80.025390625	n/a	1.0	2	40973	n/a
80.04296875	n/a	0.0	1	40982	n/a
80.05859375	n/a	1.0	2	40990	n/a
80.076171875	n/a	1.0	2	40999	n/a
80.091796875	n/a	0.0	1	41007	n/a
80.109375	n/a	1.0	2	41016	n/a
80.125	n/a	0.0	1	41024	n/a
80.142578125	n/a	1.0	2	41033	n/a
80.158203125	n/a	0.0	1	41041	n/a
80.17578125	n/a	1.0	2	41050	n/a
80.19140625	n/a	0.0	1	41058	n/a
80.208984375	n/a	0.0	1	41067	n/a
80.224609375	n/a	1.0	2	41075	n/a
80.2421875	n/a	1.0	2	41084	n/a
80.2578125	n/a	0.0	1	41092	n/a
80.275390625	n/a	0.0	1	41101	n/a
80.29296875	n/a	1.0	2	41110	n/a
80.30859375	n/a	1.0	2	41118	n/a
80.326171875	n/a	0.0	1	41127	n/a
80.341796875	n/a	0.0	1	41135	n/a
80.359375	n/a	1.0	2	41144	n/a
80.375	n/a	1.0	2	41152	n/a
80.392578125	n/a	0.0	1	41161	n/a
80.408203125	n/a	1.0	2	41169	n/a
80.42578125	n/a	0.0	1	41178	n/a
80.44140625	n/a	1.0	2	41186	n/a
80.458984375	n/a	0.0	1	41195	n/a
80.474609375	n/a	0.0	1	41203	n/a
80.4921875	n/a	1.0	2	41212	n/a
80.5078125	n/a	1.0	2	41220	n/a
80.525390625	n/a	0.0	1	41229	n/a
80.54296875	n/a	0.0	1	41238	n/a
80.55859375	n/a	1.0	2	41246	n/a
80.576171875	n/a	0.0	1	41255	n/a
80.591796875	n/a	1.0	2	41263	n/a
80.609375	n/a	0.0	1	41272	n/a
80.625	n/a	1.0	2	41280	n/a
80.642578125	n/a	1.0	2	41289	n/a
80.658203125	n/a	0.0	1	41297	n/a
80.67578125	n/a	1.0	2	41306	n/a
80.69140625	n/a	0.0	1	41314	n/a
80.708984375	n/a	1.0	2	41323	n/a
80.724609375	n/a	0.0	1	41331	n/a
80.7421875	n/a	0.0	1	41340	n/a
80.7578125	n/a	1.0	2	41348	n/a
80.775390625	n/a	0.0	1	41357	n/a
80.79296875	n/a	1.0	2	41366	n/a
80.80859375	n/a	0.0	1	41374	n/a
80.826171875	n/a	1.0	2	41383	n/a
80.841796875	n/a	1.0	2	41391	n/a
80.859375	n/a	0.0	1	41400	n/a
80.875	n/a	1.0	2	41408	n/a
80.892578125	n/a	0.0	1	41417	n/a
80.908203125	n/a	1.0	2	41425	n/a
80.92578125	n/a	0.0	1	41434	n/a
80.94140625	n/a	0.0	1	41442	n/a
80.958984375	n/a	1.0	2	41451	n/a
80.974609375	n/a	0.0	1	41459	n/a
80.9921875	n/a	1.0	2	41468	n/a
81.0078125	n/a	1.0	2	41476	n/a
81.025390625	n/a	0.0	1	41485	n/a
81.04296875	n/a	0.0	1	41494	n/a
81.05859375	n/a	1.0	2	41502	n/a
81.076171875	n/a	0.0	1	41511	n/a
81.091796875	n/a	1.0	2	41519	n/a
81.109375	n/a	0.0	1	41528	n/a
81.125	n/a	1.0	2	41536	n/a
81.142578125	n/a	1.0	2	41545	n/a
81.158203125	n/a	0.0	1	41553	n/a
81.17578125	n/a	0.0	1	41562	n/a
81.19140625	n/a	1.0	2	41570	n/a
81.208984375	n/a	0.0	1	41579	n/a
81.224609375	n/a	1.0	2	41587	n/a
81.2421875	n/a	1.0	2	41596	n/a
81.2578125	n/a	0.0	1	41604	n/a
81.275390625	n/a	1.0	2	41613	n/a
81.29296875	n/a	0.0	1	41622	n/a
81.30859375	n/a	0.0	1	41630	n/a
81.326171875	n/a	1.0	2	41639	n/a
81.341796875	n/a	0.0	1	41647	n/a
81.359375	n/a	1.0	2	41656	n/a
81.375	n/a	0.0	1	41664	n/a
81.392578125	n/a	1.0	2	41673	n/a
81.408203125	n/a	1.0	2	41681	n/a
81.42578125	n/a	0.0	1	41690	n/a
81.44140625	n/a	0.0	1	41698	n/a
81.458984375	n/a	1.0	2	41707	n/a
81.474609375	n/a	1.0	2	41715	n/a
81.4921875	n/a	0.0	1	41724	n/a
81.5078125	n/a	1.0	2	41732	n/a
81.525390625	n/a	0.0	1	41741	n/a
81.54296875	n/a	0.0	1	41750	n/a
81.55859375	n/a	1.0	2	41758	n/a
81.576171875	n/a	0.0	1	41767	n/a
81.591796875	n/a	1.0	2	41775	n/a
81.609375	n/a	1.0	2	41784	n/a
81.625	n/a	0.0	1	41792	n/a
81.642578125	n/a	1.0	2	41801	n/a
81.658203125	n/a	0.0	1	41809	n/a
81.67578125	n/a	0.0	1	41818	n/a
81.69140625	n/a	1.0	2	41826	n/a
81.708984375	n/a	0.0	1	41835	n/a
81.724609375	n/a	1.0	2	41843	n/a
81.7421875	n/a	0.0	1	41852	n/a
81.7578125	n/a	1.0	2	41860	n/a
81.775390625	n/a	1.0	2	41869	n/a
81.79296875	n/a	0.0	1	41878	n/a
81.80859375	n/a	1.0	2	41886	n/a
81.826171875	n/a	0.0	1	41895	n/a
81.841796875	n/a	0.0	1	41903	n/a
81.859375	n/a	1.0	2	41912	n/a
81.875	n/a	0.0	1	41920	n/a
81.892578125	n/a	1.0	2	41929	n/a
81.908203125	n/a	1.0	2	41937	n/a
81.92578125	n/a	0.0	1	41946	n/a
81.94140625	n/a	1.0	2	41954	n/a
81.958984375	n/a	0.0	1	41963	n/a
81.974609375	n/a	1.0	2	41971	n/a
81.9921875	n/a	0.0	1	41980	n/a
82.0078125	n/a	0.0	1	41988	n/a
82.025390625	n/a	1.0	2	41997	n/a
82.04296875	n/a	1.0	2	42006	n/a
82.05859375	n/a	0.0	1	42014	n/a
82.076171875	n/a	1.0	2	42023	n/a
82.091796875	n/a	0.0	1	42031	n/a
82.109375	n/a	0.0	1	42040	n/a
82.125	n/a	1.0	2	42048	n/a
82.142578125	n/a	0.0	1	42057	n/a
82.158203125	n/a	1.0	2	42065	n/a
82.17578125	n/a	1.0	2	42074	n/a
82.19140625	n/a	0.0	1	42082	n/a
82.208984375	n/a	1.0	2	42091	n/a
82.224609375	n/a	0.0	1	42099	n/a
82.2421875	n/a	1.0	2	42108	n/a
82.2578125	n/a	0.0	1	42116	n/a
82.275390625	n/a	1.0	2	42125	n/a
82.29296875	n/a	0.0	1	42134	n/a
82.30859375	n/a	0.0	1	42142	n/a
82.326171875	n/a	1.0	2	42151	n/a
82.341796875	n/a	1.0	2	42159	n/a
82.359375	n/a	0.0	1	42168	n/a
82.375	n/a	0.0	1	42176	n/a
82.392578125	n/a	1.0	2	42185	n/a
82.408203125	n/a	1.0	2	42193	n/a
82.42578125	n/a	0.0	1	42202	n/a
82.44140625	n/a	0.0	1	42210	n/a
82.458984375	n/a	1.0	2	42219	n/a
82.474609375	n/a	1.0	2	42227	n/a
82.4921875	n/a	0.0	1	42236	n/a
82.5078125	n/a	1.0	2	42244	n/a
82.525390625	n/a	0.0	1	42253	n/a
82.54296875	n/a	1.0	2	42262	n/a
82.55859375	n/a	0.0	1	42270	n/a
82.576171875	n/a	0.0	1	42279	n/a
82.591796875	n/a	1.0	2	42287	n/a
82.609375	n/a	1.0	2	42296	n/a
82.625	n/a	0.0	1	42304	n/a
82.642578125	n/a	0.0	1	42313	n/a
82.658203125	n/a	1.0	2	42321	n/a
82.67578125	n/a	0.0	1	42330	n/a
82.69140625	n/a	1.0	2	42338	n/a
82.708984375	n/a	0.0	1	42347	n/a
82.724609375	n/a	1.0	2	42355	n/a
82.7421875	n/a	1.0	2	42364	n/a
82.7578125	n/a	0.0	1	42372	n/a
82.775390625	n/a	1.0	2	42381	n/a
82.79296875	n/a	0.0	1	42390	n/a
82.80859375	n/a	1.0	2	42398	n/a
82.826171875	n/a	0.0	1	42407	n/a
82.841796875	n/a	0.0	1	42415	n/a
82.859375	n/a	1.0	2	42424	n/a
82.875	n/a	0.0	1	42432	n/a
82.892578125	n/a	1.0	2	42441	n/a
82.908203125	n/a	0.0	1	42449	n/a
82.92578125	n/a	1.0	2	42458	n/a
82.94140625	n/a	1.0	2	42466	n/a
82.958984375	n/a	0.0	1	42475	n/a
82.974609375	n/a	1.0	2	42483	n/a
82.9921875	n/a	0.0	1	42492	n/a
83.0078125	n/a	1.0	2	42500	n/a
83.025390625	n/a	0.0	1	42509	n/a
83.04296875	n/a	0.0	1	42518	n/a
83.05859375	n/a	1.0	2	42526	n/a
83.076171875	n/a	0.0	1	42535	n/a
83.091796875	n/a	1.0	2	42543	n/a
83.109375	n/a	1.0	2	42552	n/a
83.125	n/a	0.0	1	42560	n/a
83.142578125	n/a	0.0	1	42569	n/a
83.158203125	n/a	1.0	2	42577	n/a
83.17578125	n/a	0.0	1	42586	n/a
83.19140625	n/a	1.0	2	42594	n/a
83.208984375	n/a	0.0	1	42603	n/a
83.224609375	n/a	1.0	2	42611	n/a
83.2421875	n/a	1.0	2	42620	n/a
83.2578125	n/a	0.0	1	42628	n/a
83.275390625	n/a	0.0	1	42637	n/a
83.29296875	n/a	1.0	2	42646	n/a
83.30859375	n/a	0.0	1	42654	n/a
83.326171875	n/a	1.0	2	42663	n/a
83.341796875	n/a	1.0	2	42671	n/a
83.359375	n/a	0.0	1	42680	n/a
83.375	n/a	1.0	2	42688	n/a
83.392578125	n/a	0.0	1	42697	n/a
83.408203125	n/a	0.0	1	42705	n/a
83.42578125	n/a	1.0	2	42714	n/a
83.44140625	n/a	0.0	1	42722	n/a
83.458984375	n/a	1.0	2	42731	n/a
83.474609375	n/a	0.0	1	42739	n/a
83.4921875	n/a	1.0	2	42748	n/a
83.5078125	n/a	1.0	2	42756	n/a
83.525390625	n/a	0.0	1	42765	n/a
83.54296875	n/a	0.0	1	42774	n/a
83.55859375	n/a	1.0	2	42782	n/a
83.576171875	n/a	1.0	2	42791	n/a
83.591796875	n/a	0.0	1	42799	n/a
83.609375	n/a	1.0	2	42808	n/a
83.625	n/a	0.0	1	42816	n/a
83.642578125	n/a	0.0	1	42825	n/a
83.658203125	n/a	1.0	2	42833	n/a
83.67578125	n/a	0.0	1	42842	n/a
83.69140625	n/a	1.0	2	42850	n/a
83.708984375	n/a	1.0	2	42859	n/a
83.724609375	n/a	0.0	1	42867	n/a
83.7421875	n/a	1.0	2	42876	n/a
83.7578125	n/a	0.0	1	42884	n/a
83.775390625	n/a	0.0	1	42893	n/a
83.79296875	n/a	1.0	2	42902	n/a
83.80859375	n/a	0.0	1	42910	n/a
83.826171875	n/a	1.0	2	42919	n/a
83.841796875	n/a	0.0	1	42927	n/a
83.859375	n/a	1.0	2	42936	n/a
83.875	n/a	1.0	2	42944	n/a
83.892578125	n/a	0.0	1	42953	n/a
83.908203125	n/a	1.0	2	42961	n/a
83.92578125	n/a	0.0	1	42970	n/a
83.94140625	n/a	0.0	1	42978	n/a
83.958984375	n/a	1.0	2	42987	n/a
83.974609375	n/a	0.0	1	42995	n/a
83.9921875	n/a	1.0	2	43004	n/a
84.0078125	n/a	1.0	2	43012	n/a
84.025390625	n/a	0.0	1	43021	n/a
84.04296875	n/a	1.0	2	43030	n/a
84.05859375	n/a	0.0	1	43038	n/a
84.076171875	n/a	1.0	2	43047	n/a
84.091796875	n/a	0.0	1	43055	n/a
84.109375	n/a	0.0	1	43064	n/a
84.125	n/a	1.0	2	43072	n/a
84.142578125	n/a	1.0	2	43081	n/a
84.158203125	n/a	0.0	1	43089	n/a
84.17578125	n/a	1.0	2	43098	n/a
84.19140625	n/a	0.0	1	43106	n/a
84.208984375	n/a	0.0	1	43115	n/a
84.224609375	n/a	1.0	2	43123	n/a
84.2421875	n/a	0.0	1	43132	n/a
84.2578125	n/a	1.0	2	43140	n/a
84.275390625	n/a	1.0	2	43149	n/a
84.29296875	n/a	0.0	1	43158	n/a
84.30859375	n/a	1.0	2	43166	n/a
84.326171875	n/a	0.0	1	43175	n/a
84.341796875	n/a	1.0	2	43183	n/a
84.359375	n/a	0.0	1	43192	n/a
84.375	n/a	1.0	2	43200	n/a
84.392578125	n/a	0.0	1	43209	n/a
84.408203125	n/a	0.0	1	43217	n/a
84.42578125	n/a	1.0	2	43226	n/a
84.44140625	n/a	1.0	2	43234	n/a
84.458984375	n/a	0.0	1	43243	n/a
84.474609375	n/a	0.0	1	43251	n/a
84.4921875	n/a	1.0	2	43260	n/a
84.5078125	n/a	1.0	2	43268	n/a
84.525390625	n/a	0.0	1	43277	n/a
84.54296875	n/a	0.0	1	43286	n/a
84.55859375	n/a	1.0	2	43294	n/a
84.576171875	n/a	1.0	2	43303	n/a
84.591796875	n/a	0.0	1	43311	n/a
84.609375	n/a	1.0	2	43320	n/a
84.625	n/a	0.0	1	43328	n/a
84.642578125	n/a	1.0	2	43337	n/a
84.658203125	n/a	0.0	1	43345	n/a
84.67578125	n/a	0.0	1	43354	n/a
84.69140625	n/a	1.0	2	43362	n/a
84.708984375	n/a	1.0	2	43371	n/a
84.724609375	n/a	0.0	1	43379	n/a
84.7421875	n/a	0.0	1	43388	n/a
84.7578125	n/a	1.0	2	43396	n/a
84.775390625	n/a	0.0	1	43405	n/a
84.79296875	n/a	1.0	2	43414	n/a
84.80859375	n/a	0.0	1	43422	n/a
84.826171875	n/a	1.0	2	43431	n/a
84.841796875	n/a	1.0	2	43439	n/a
84.859375	n/a	0.0	1	43448	n/a
84.875	n/a	1.0	2	43456	n/a
84.892578125	n/a	0.0	1	43465	n/a
84.908203125	n/a	1.0	2	43473	n/a
84.92578125	n/a	0.0	1	43482	n/a
84.94140625	n/a	0.0	1	43490	n/a
84.958984375	n/a	1.0	2	43499	n/a
84.974609375	n/a	0.0	1	43507	n/a
84.9921875	n/a	1.0	2	43516	n/a
85.0078125	n/a	0.0	1	43524	n/a
85.025390625	n/a	1.0	2	43533	n/a
85.04296875	n/a	1.0	2	43542	n/a
85.05859375	n/a	0.0	1	43550	n/a
85.076171875	n/a	1.0	2	43559	n/a
85.091796875	n/a	0.0	1	43567	n/a
85.109375	n/a	1.0	2	43576	n/a
85.125	n/a	0.0	1	43584	n/a
85.142578125	n/a	0.0	1	43593	n/a
85.158203125	n/a	1.0	2	43601	n/a
85.17578125	n/a	0.0	1	43610	n/a
85.19140625	n/a	1.0	2	43618	n/a
85.208984375	n/a	1.0	2	43627	n/a
85.224609375	n/a	0.0	1	43635	n/a
85.2421875	n/a	0.0	1	43644	n/a
85.2578125	n/a	1.0	2	43652	n/a
85.275390625	n/a	0.0	1	43661	n/a
85.29296875	n/a	1.0	2	43670	n/a
85.30859375	n/a	0.0	1	43678	n/a
85.326171875	n/a	1.0	2	43687	n/a
85.341796875	n/a	1.0	2	43695	n/a
85.359375	n/a	0.0	1	43704	n/a
85.375	n/a	0.0	1	43712	n/a
85.392578125	n/a	1.0	2	43721	n/a
85.408203125	n/a	0.0	1	43729	n/a
85.42578125	n/a	1.0	2	43738	n/a
85.44140625	n/a	1.0	2	43746	n/a
85.458984375	n/a	0.0	1	43755	n/a
85.474609375	n/a	1.0	2	43763	n/a
85.4921875	n/a	0.0	1	43772	n/a
85.5078125	n/a	0.0	1	43780	n/a
85.525390625	n/a	1.0	2	43789	n/a
85.54296875	n/a	0.0	1	43798	n/a
85.55859375	n/a	1.0	2	43806	n/a
85.576171875	n/a	0.0	1	43815	n/a
85.591796875	n/a	1.0	2	43823	n/a
85.609375	n/a	1.0	2	43832	n/a
85.625	n/a	0.0	1	43840	n/a
85.642578125	n/a	0.0	1	43849	n/a
85.658203125	n/a	1.0	2	43857	n/a
85.67578125	n/a	1.0	2	43866	n/a
85.69140625	n/a	0.0	1	43874	n/a
85.708984375	n/a	1.0	2	43883	n/a
85.724609375	n/a	0.0	1	43891	n/a
85.7421875	n/a	0.0	1	43900	n/a
85.7578125	n/a	1.0	2	43908	n/a
85.775390625	n/a	0.0	1	43917	n/a
85.79296875	n/a	1.0	2	43926	n/a
85.80859375	n/a	1.0	2	43934	n/a
85.826171875	n/a	0.0	1	43943	n/a
85.841796875	n/a	1.0	2	43951	n/a
85.859375	n/a	0.0	1	43960	n/a
85.875	n/a	0.0	1	43968	n/a
85.892578125	n/a	1.0	2	43977	n/a
85.908203125	n/a	0.0	1	43985	n/a
85.92578125	n/a	1.0	2	43994	n/a
85.94140625	n/a	0.0	1	44002	n/a
85.958984375	n/a	1.0	2	44011	n/a
85.974609375	n/a	1.0	2	44019	n/a
85.9921875	n/a	0.0	1	44028	n/a
86.0078125	n/a	1.0	2	44036	n/a
86.025390625	n/a	0.0	1	44045	n/a
86.04296875	n/a	0.0	1	44054	n/a
86.05859375	n/a	1.0	2	44062	n/a
86.076171875	n/a	0.0	1	44071	n/a
86.091796875	n/a	1.0	2	44079	n/a
86.109375	n/a	1.0	2	44088	n/a
86.125	n/a	0.0	1	44096	n/a
86.142578125	n/a	1.0	2	44105	n/a
86.158203125	n/a	0.0	1	44113	n/a
86.17578125	n/a	1.0	2	44122	n/a
86.19140625	n/a	0.0	1	44130	n/a
86.208984375	n/a	0.0	1	44139	n/a
86.224609375	n/a	1.0	2	44147	n/a
86.2421875	n/a	1.0	2	44156	n/a
86.2578125	n/a	0.0	1	44164	n/a
86.275390625	n/a	1.0	2	44173	n/a
86.29296875	n/a	0.0	1	44182	n/a
86.30859375	n/a	0.0	1	44190	n/a
86.326171875	n/a	1.0	2	44199	n/a
86.341796875	n/a	0.0	1	44207	n/a
86.359375	n/a	1.0	2	44216	n/a
86.375	n/a	1.0	2	44224	n/a
86.392578125	n/a	0.0	1	44233	n/a
86.408203125	n/a	1.0	2	44241	n/a
86.42578125	n/a	0.0	1	44250	n/a
86.44140625	n/a	1.0	2	44258	n/a
86.458984375	n/a	0.0	1	44267	n/a
86.474609375	n/a	1.0	2	44275	n/a
86.4921875	n/a	0.0	1	44284	n/a
86.5078125	n/a	0.0	1	44292	n/a
86.525390625	n/a	1.0	2	44301	n/a
86.54296875	n/a	1.0	2	44310	n/a
86.55859375	n/a	0.0	1	44318	n/a
86.576171875	n/a	0.0	1	44327	n/a
86.591796875	n/a	1.0	2	44335	n/a
86.609375	n/a	1.0	2	44344	n/a
86.625	n/a	0.0	1	44352	n/a
86.642578125	n/a	0.0	1	44361	n/a
86.658203125	n/a	1.0	2	44369	n/a
86.67578125	n/a	1.0	2	44378	n/a
86.69140625	n/a	0.0	1	44386	n/a
86.708984375	n/a	1.0	2	44395	n/a
86.724609375	n/a	0.0	1	44403	n/a
86.7421875	n/a	1.0	2	44412	n/a
86.7578125	n/a	0.0	1	44420	n/a
86.775390625	n/a	0.0	1	44429	n/a
86.79296875	n/a	1.0	2	44438	n/a
86.80859375	n/a	1.0	2	44446	n/a
86.826171875	n/a	0.0	1	44455	n/a
86.841796875	n/a	0.0	1	44463	n/a
86.859375	n/a	1.0	2	44472	n/a
86.875	n/a	0.0	1	44480	n/a
86.892578125	n/a	1.0	2	44489	n/a
86.908203125	n/a	0.0	1	44497	n/a
86.92578125	n/a	1.0	2	44506	n/a
86.94140625	n/a	1.0	2	44514	n/a
86.958984375	n/a	0.0	1	44523	n/a
86.974609375	n/a	1.0	2	44531	n/a
86.9921875	n/a	0.0	1	44540	n/a
87.0078125	n/a	1.0	2	44548	n/a
87.025390625	n/a	0.0	1	44557	n/a
87.04296875	n/a	0.0	1	44566	n/a
87.05859375	n/a	1.0	2	44574	n/a
87.076171875	n/a	0.0	1	44583	n/a
87.091796875	n/a	1.0	2	44591	n/a
87.109375	n/a	0.0	1	44600	n/a
87.125	n/a	1.0	2	44608	n/a
87.142578125	n/a	1.0	2	44617	n/a
87.158203125	n/a	0.0	1	44625	n/a
87.17578125	n/a	1.0	2	44634	n/a
87.19140625	n/a	0.0	1	44642	n/a
87.208984375	n/a	1.0	2	44651	n/a
87.224609375	n/a	0.0	1	44659	n/a
87.2421875	n/a	0.0	1	44668	n/a
87.2578125	n/a	1.0	2	44676	n/a
87.275390625	n/a	0.0	1	44685	n/a
87.29296875	n/a	1.0	2	44694	n/a
87.30859375	n/a	1.0	2	44702	n/a
87.326171875	n/a	0.0	1	44711	n/a
87.341796875	n/a	0.0	1	44719	n/a
87.359375	n/a	1.0	2	44728	n/a
87.375	n/a	0.0	1	44736	n/a
87.392578125	n/a	1.0	2	44745	n/a
87.408203125	n/a	0.0	1	44753	n/a
87.42578125	n/a	1.0	2	44762	n/a
87.44140625	n/a	1.0	2	44770	n/a
87.458984375	n/a	0.0	1	44779	n/a
87.474609375	n/a	0.0	1	44787	n/a
87.4921875	n/a	1.0	2	44796	n/a
87.5078125	n/a	0.0	1	44804	n/a
87.525390625	n/a	1.0	2	44813	n/a
87.54296875	n/a	1.0	2	44822	n/a
87.55859375	n/a	0.0	1	44830	n/a
87.576171875	n/a	1.0	2	44839	n/a
87.591796875	n/a	0.0	1	44847	n/a
87.609375	n/a	0.0	1	44856	n/a
87.625	n/a	1.0	2	44864	n/a
87.642578125	n/a	0.0	1	44873	n/a
87.658203125	n/a	1.0	2	44881	n/a
87.67578125	n/a	0.0	1	44890	n/a
87.69140625	n/a	1.0	2	44898	n/a
87.708984375	n/a	1.0	2	44907	n/a
87.724609375	n/a	0.0	1	44915	n/a
87.7421875	n/a	0.0	1	44924	n/a
87.7578125	n/a	1.0	2	44932	n/a
87.775390625	n/a	1.0	2	44941	n/a
87.79296875	n/a	0.0	1	44950	n/a
87.80859375	n/a	1.0	2	44958	n/a
87.826171875	n/a	0.0	1	44967	n/a
87.841796875	n/a	0.0	1	44975	n/a
87.859375	n/a	1.0	2	44984	n/a
87.875	n/a	0.0	1	44992	n/a
87.892578125	n/a	1.0	2	45001	n/a
87.908203125	n/a	1.0	2	45009	n/a
87.92578125	n/a	0.0	1	45018	n/a
87.94140625	n/a	1.0	2	45026	n/a
87.958984375	n/a	0.0	1	45035	n/a
87.974609375	n/a	0.0	1	45043	n/a
87.9921875	n/a	1.0	2	45052	n/a
88.0078125	n/a	0.0	1	45060	n/a
88.025390625	n/a	1.0	2	45069	n/a
88.04296875	n/a	0.0	1	45078	n/a
88.05859375	n/a	1.0	2	45086	n/a
88.076171875	n/a	1.0	2	45095	n/a
88.091796875	n/a	0.0	1	45103	n/a
88.109375	n/a	1.0	2	45112	n/a
88.125	n/a	0.0	1	45120	n/a
88.142578125	n/a	0.0	1	45129	n/a
88.158203125	n/a	1.0	2	45137	n/a
88.17578125	n/a	0.0	1	45146	n/a
88.19140625	n/a	1.0	2	45154	n/a
88.208984375	n/a	1.0	2	45163	n/a
88.224609375	n/a	0.0	1	45171	n/a
88.2421875	n/a	1.0	2	45180	n/a
88.2578125	n/a	0.0	1	45188	n/a
88.275390625	n/a	1.0	2	45197	n/a
88.29296875	n/a	0.0	1	45206	n/a
88.30859375	n/a	0.0	1	45214	n/a
88.326171875	n/a	1.0	2	45223	n/a
88.341796875	n/a	1.0	2	45231	n/a
88.359375	n/a	0.0	1	45240	n/a
88.375	n/a	1.0	2	45248	n/a
88.392578125	n/a	0.0	1	45257	n/a
88.408203125	n/a	0.0	1	45265	n/a
88.42578125	n/a	1.0	2	45274	n/a
88.44140625	n/a	0.0	1	45282	n/a
88.458984375	n/a	1.0	2	45291	n/a
88.474609375	n/a	1.0	2	45299	n/a
88.4921875	n/a	0.0	1	45308	n/a
88.5078125	n/a	1.0	2	45316	n/a
88.525390625	n/a	0.0	1	45325	n/a
88.54296875	n/a	1.0	2	45334	n/a
88.55859375	n/a	0.0	1	45342	n/a
88.576171875	n/a	1.0	2	45351	n/a
88.591796875	n/a	0.0	1	45359	n/a
88.609375	n/a	0.0	1	45368	n/a
88.625	n/a	1.0	2	45376	n/a
88.642578125	n/a	1.0	2	45385	n/a
88.658203125	n/a	0.0	1	45393	n/a
88.67578125	n/a	0.0	1	45402	n/a
88.69140625	n/a	1.0	2	45410	n/a
88.708984375	n/a	1.0	2	45419	n/a
88.724609375	n/a	0.0	1	45427	n/a
88.7421875	n/a	0.0	1	45436	n/a
88.7578125	n/a	1.0	2	45444	n/a
88.775390625	n/a	1.0	2	45453	n/a
88.79296875	n/a	0.0	1	45462	n/a
88.80859375	n/a	1.0	2	45470	n/a
88.826171875	n/a	0.0	1	45479	n/a
88.841796875	n/a	1.0	2	45487	n/a
88.859375	n/a	0.0	1	45496	n/a
88.875	n/a	0.0	1	45504	n/a
88.892578125	n/a	1.0	2	45513	n/a
88.908203125	n/a	1.0	2	45521	n/a
88.92578125	n/a	0.0	1	45530	n/a
88.94140625	n/a	0.0	1	45538	n/a
88.958984375	n/a	1.0	2	45547	n/a
88.974609375	n/a	0.0	1	45555	n/a
88.9921875	n/a	1.0	2	45564	n/a
89.0078125	n/a	0.0	1	45572	n/a
89.025390625	n/a	1.0	2	45581	n/a
89.04296875	n/a	1.0	2	45590	n/a
89.05859375	n/a	0.0	1	45598	n/a
89.076171875	n/a	1.0	2	45607	n/a
89.091796875	n/a	0.0	1	45615	n/a
89.109375	n/a	1.0	2	45624	n/a
89.125	n/a	0.0	1	45632	n/a
89.142578125	n/a	0.0	1	45641	n/a
89.158203125	n/a	1.0	2	45649	n/a
89.17578125	n/a	0.0	1	45658	n/a
89.19140625	n/a	1.0	2	45666	n/a
89.208984375	n/a	0.0	1	45675	n/a
89.224609375	n/a	1.0	2	45683	n/a
89.2421875	n/a	1.0	2	45692	n/a
89.2578125	n/a	0.0	1	45700	n/a
89.275390625	n/a	1.0	2	45709	n/a
89.29296875	n/a	0.0	1	45718	n/a
89.30859375	n/a	1.0	2	45726	n/a
89.326171875	n/a	0.0	1	45735	n/a
89.341796875	n/a	0.0	1	45743	n/a
89.359375	n/a	1.0	2	45752	n/a
89.375	n/a	0.0	1	45760	n/a
89.392578125	n/a	1.0	2	45769	n/a
89.408203125	n/a	1.0	2	45777	n/a
89.42578125	n/a	0.0	1	45786	n/a
89.44140625	n/a	0.0	1	45794	n/a
89.458984375	n/a	1.0	2	45803	n/a
89.474609375	n/a	0.0	1	45811	n/a
89.4921875	n/a	1.0	2	45820	n/a
89.5078125	n/a	0.0	1	45828	n/a
89.525390625	n/a	1.0	2	45837	n/a
89.54296875	n/a	1.0	2	45846	n/a
89.55859375	n/a	0.0	1	45854	n/a
89.576171875	n/a	0.0	1	45863	n/a
89.591796875	n/a	1.0	2	45871	n/a
89.609375	n/a	0.0	1	45880	n/a
89.625	n/a	1.0	2	45888	n/a
89.642578125	n/a	1.0	2	45897	n/a
89.658203125	n/a	0.0	1	45905	n/a
89.67578125	n/a	1.0	2	45914	n/a
89.69140625	n/a	0.0	1	45922	n/a
89.708984375	n/a	0.0	1	45931	n/a
89.724609375	n/a	1.0	2	45939	n/a
89.7421875	n/a	0.0	1	45948	n/a
89.7578125	n/a	1.0	2	45956	n/a
89.775390625	n/a	0.0	1	45965	n/a
89.79296875	n/a	1.0	2	45974	n/a
89.80859375	n/a	1.0	2	45982	n/a
89.826171875	n/a	0.0	1	45991	n/a
89.841796875	n/a	0.0	1	45999	n/a
89.859375	n/a	1.0	2	46008	n/a
89.875	n/a	1.0	2	46016	n/a
89.892578125	n/a	0.0	1	46025	n/a
89.908203125	n/a	1.0	2	46033	n/a
89.92578125	n/a	0.0	1	46042	n/a
89.94140625	n/a	0.0	1	46050	n/a
89.958984375	n/a	1.0	2	46059	n/a
89.974609375	n/a	0.0	1	46067	n/a
89.9921875	n/a	1.0	2	46076	n/a
90.0078125	n/a	1.0	2	46084	n/a
90.025390625	n/a	0.0	1	46093	n/a
90.04296875	n/a	1.0	2	46102	n/a
90.05859375	n/a	0.0	1	46110	n/a
90.076171875	n/a	0.0	1	46119	n/a
90.091796875	n/a	1.0	2	46127	n/a
90.109375	n/a	0.0	1	46136	n/a
90.125	n/a	1.0	2	46144	n/a
90.142578125	n/a	0.0	1	46153	n/a
90.158203125	n/a	1.0	2	46161	n/a
90.17578125	n/a	1.0	2	46170	n/a
90.19140625	n/a	0.0	1	46178	n/a
90.208984375	n/a	1.0	2	46187	n/a
90.224609375	n/a	0.0	1	46195	n/a
90.2421875	n/a	0.0	1	46204	n/a
90.2578125	n/a	1.0	2	46212	n/a
90.275390625	n/a	0.0	1	46221	n/a
90.29296875	n/a	1.0	2	46230	n/a
90.30859375	n/a	1.0	2	46238	n/a
90.326171875	n/a	0.0	1	46247	n/a
90.341796875	n/a	1.0	2	46255	n/a
90.359375	n/a	0.0	1	46264	n/a
90.375	n/a	1.0	2	46272	n/a
90.392578125	n/a	0.0	1	46281	n/a
90.408203125	n/a	0.0	1	46289	n/a
90.42578125	n/a	1.0	2	46298	n/a
90.44140625	n/a	1.0	2	46306	n/a
90.458984375	n/a	0.0	1	46315	n/a
90.474609375	n/a	1.0	2	46323	n/a
90.4921875	n/a	0.0	1	46332	n/a
90.5078125	n/a	0.0	1	46340	n/a
90.525390625	n/a	1.0	2	46349	n/a
90.54296875	n/a	0.0	1	46358	n/a
90.55859375	n/a	1.0	2	46366	n/a
90.576171875	n/a	1.0	2	46375	n/a
90.591796875	n/a	0.0	1	46383	n/a
90.609375	n/a	1.0	2	46392	n/a
90.625	n/a	0.0	1	46400	n/a
90.642578125	n/a	1.0	2	46409	n/a
90.658203125	n/a	0.0	1	46417	n/a
90.67578125	n/a	1.0	2	46426	n/a
90.69140625	n/a	0.0	1	46434	n/a
90.708984375	n/a	0.0	1	46443	n/a
90.724609375	n/a	1.0	2	46451	n/a
90.7421875	n/a	1.0	2	46460	n/a
90.7578125	n/a	0.0	1	46468	n/a
90.775390625	n/a	0.0	1	46477	n/a
90.79296875	n/a	1.0	2	46486	n/a
90.80859375	n/a	1.0	2	46494	n/a
90.826171875	n/a	0.0	1	46503	n/a
90.841796875	n/a	0.0	1	46511	n/a
90.859375	n/a	1.0	2	46520	n/a
90.875	n/a	1.0	2	46528	n/a
90.892578125	n/a	0.0	1	46537	n/a
90.908203125	n/a	1.0	2	46545	n/a
90.92578125	n/a	0.0	1	46554	n/a
90.94140625	n/a	1.0	2	46562	n/a
90.958984375	n/a	0.0	1	46571	n/a
90.974609375	n/a	0.0	1	46579	n/a
90.9921875	n/a	1.0	2	46588	n/a
91.0078125	n/a	1.0	2	46596	n/a
91.025390625	n/a	0.0	1	46605	n/a
91.04296875	n/a	0.0	1	46614	n/a
91.05859375	n/a	1.0	2	46622	n/a
91.076171875	n/a	0.0	1	46631	n/a
91.091796875	n/a	1.0	2	46639	n/a
91.109375	n/a	0.0	1	46648	n/a
91.125	n/a	1.0	2	46656	n/a
91.142578125	n/a	1.0	2	46665	n/a
91.158203125	n/a	0.0	1	46673	n/a
91.17578125	n/a	1.0	2	46682	n/a
91.19140625	n/a	0.0	1	46690	n/a
91.208984375	n/a	1.0	2	46699	n/a
91.224609375	n/a	0.0	1	46707	n/a
91.2421875	n/a	0.0	1	46716	n/a
91.2578125	n/a	1.0	2	46724	n/a
91.275390625	n/a	0.0	1	46733	n/a
91.29296875	n/a	1.0	2	46742	n/a
91.30859375	n/a	0.0	1	46750	n/a
91.326171875	n/a	1.0	2	46759	n/a
91.341796875	n/a	1.0	2	46767	n/a
91.359375	n/a	0.0	1	46776	n/a
91.375	n/a	1.0	2	46784	n/a
91.392578125	n/a	0.0	1	46793	n/a
91.408203125	n/a	1.0	2	46801	n/a
91.42578125	n/a	0.0	1	46810	n/a
91.44140625	n/a	0.0	1	46818	n/a
91.458984375	n/a	1.0	2	46827	n/a
91.474609375	n/a	0.0	1	46835	n/a
91.4921875	n/a	1.0	2	46844	n/a
91.5078125	n/a	1.0	2	46852	n/a
91.525390625	n/a	0.0	1	46861	n/a
91.54296875	n/a	0.0	1	46870	n/a
91.55859375	n/a	1.0	2	46878	n/a
91.576171875	n/a	0.0	1	46887	n/a
91.591796875	n/a	1.0	2	46895	n/a
91.609375	n/a	0.0	1	46904	n/a
91.625	n/a	1.0	2	46912	n/a
91.642578125	n/a	1.0	2	46921	n/a
91.658203125	n/a	0.0	1	46929	n/a
91.67578125	n/a	0.0	1	46938	n/a
91.69140625	n/a	1.0	2	46946	n/a
91.708984375	n/a	0.0	1	46955	n/a
91.724609375	n/a	1.0	2	46963	n/a
91.7421875	n/a	1.0	2	46972	n/a
91.7578125	n/a	0.0	1	46980	n/a
91.775390625	n/a	1.0	2	46989	n/a
91.79296875	n/a	0.0	1	46998	n/a
91.80859375	n/a	0.0	1	47006	n/a
91.826171875	n/a	1.0	2	47015	n/a
91.841796875	n/a	0.0	1	47023	n/a
91.859375	n/a	1.0	2	47032	n/a
91.875	n/a	0.0	1	47040	n/a
91.892578125	n/a	1.0	2	47049	n/a
91.908203125	n/a	1.0	2	47057	n/a
91.92578125	n/a	0.0	1	47066	n/a
91.94140625	n/a	0.0	1	47074	n/a
91.958984375	n/a	1.0	2	47083	n/a
91.974609375	n/a	1.0	2	47091	n/a
91.9921875	n/a	0.0	1	47100	n/a
92.0078125	n/a	1.0	2	47108	n/a
92.025390625	n/a	0.0	1	47117	n/a
92.04296875	n/a	0.0	1	47126	n/a
92.05859375	n/a	1.0	2	47134	n/a
92.076171875	n/a	0.0	1	47143	n/a
92.091796875	n/a	1.0	2	47151	n/a
92.109375	n/a	1.0	2	47160	n/a
92.125	n/a	0.0	1	47168	n/a
92.142578125	n/a	1.0	2	47177	n/a
92.158203125	n/a	0.0	1	47185	n/a
92.17578125	n/a	0.0	1	47194	n/a
92.19140625	n/a	1.0	2	47202	n/a
92.208984375	n/a	0.0	1	47211	n/a
92.224609375	n/a	1.0	2	47219	n/a
92.2421875	n/a	0.0	1	47228	n/a
92.2578125	n/a	1.0	2	47236	n/a
92.275390625	n/a	1.0	2	47245	n/a
92.29296875	n/a	0.0	1	47254	n/a
92.30859375	n/a	1.0	2	47262	n/a
92.326171875	n/a	0.0	1	47271	n/a
92.341796875	n/a	0.0	1	47279	n/a
92.359375	n/a	1.0	2	47288	n/a
92.375	n/a	0.0	1	47296	n/a
92.392578125	n/a	1.0	2	47305	n/a
92.408203125	n/a	1.0	2	47313	n/a
92.42578125	n/a	0.0	1	47322	n/a
92.44140625	n/a	1.0	2	47330	n/a
92.458984375	n/a	0.0	1	47339	n/a
92.474609375	n/a	1.0	2	47347	n/a
92.4921875	n/a	0.0	1	47356	n/a
92.5078125	n/a	0.0	1	47364	n/a
92.525390625	n/a	1.0	2	47373	n/a
92.54296875	n/a	1.0	2	47382	n/a
92.55859375	n/a	0.0	1	47390	n/a
92.576171875	n/a	1.0	2	47399	n/a
92.591796875	n/a	0.0	1	47407	n/a
92.609375	n/a	0.0	1	47416	n/a
92.625	n/a	1.0	2	47424	n/a
92.642578125	n/a	0.0	1	47433	n/a
92.658203125	n/a	1.0	2	47441	n/a
92.67578125	n/a	1.0	2	47450	n/a
92.69140625	n/a	0.0	1	47458	n/a
92.708984375	n/a	1.0	2	47467	n/a
92.724609375	n/a	0.0	1	47475	n/a
92.7421875	n/a	1.0	2	47484	n/a
92.7578125	n/a	0.0	1	47492	n/a
92.775390625	n/a	1.0	2	47501	n/a
92.79296875	n/a	0.0	1	47510	n/a
92.80859375	n/a	0.0	1	47518	n/a
92.826171875	n/a	1.0	2	47527	n/a
92.841796875	n/a	1.0	2	47535	n/a
92.859375	n/a	0.0	1	47544	n/a
92.875	n/a	0.0	1	47552	n/a
92.892578125	n/a	1.0	2	47561	n/a
92.908203125	n/a	1.0	2	47569	n/a
92.92578125	n/a	0.0	1	47578	n/a
92.94140625	n/a	0.0	1	47586	n/a
92.958984375	n/a	1.0	2	47595	n/a
92.974609375	n/a	1.0	2	47603	n/a
92.9921875	n/a	0.0	1	47612	n/a
93.0078125	n/a	1.0	2	47620	n/a
93.025390625	n/a	0.0	1	47629	n/a
93.04296875	n/a	1.0	2	47638	n/a
93.05859375	n/a	0.0	1	47646	n/a
93.076171875	n/a	0.0	1	47655	n/a
93.091796875	n/a	1.0	2	47663	n/a
93.109375	n/a	1.0	2	47672	n/a
93.125	n/a	0.0	1	47680	n/a
93.142578125	n/a	0.0	1	47689	n/a
93.158203125	n/a	1.0	2	47697	n/a
93.17578125	n/a	0.0	1	47706	n/a
93.19140625	n/a	1.0	2	47714	n/a
93.208984375	n/a	0.0	1	47723	n/a
93.224609375	n/a	1.0	2	47731	n/a
93.2421875	n/a	1.0	2	47740	n/a
93.2578125	n/a	0.0	1	47748	n/a
93.275390625	n/a	1.0	2	47757	n/a
93.29296875	n/a	0.0	1	47766	n/a
93.30859375	n/a	1.0	2	47774	n/a
93.326171875	n/a	0.0	1	47783	n/a
93.341796875	n/a	0.0	1	47791	n/a
93.359375	n/a	1.0	2	47800	n/a
93.375	n/a	0.0	1	47808	n/a
93.392578125	n/a	1.0	2	47817	n/a
93.408203125	n/a	0.0	1	47825	n/a
93.42578125	n/a	1.0	2	47834	n/a
93.44140625	n/a	1.0	2	47842	n/a
93.458984375	n/a	0.0	1	47851	n/a
93.474609375	n/a	1.0	2	47859	n/a
93.4921875	n/a	0.0	1	47868	n/a
93.5078125	n/a	1.0	2	47876	n/a
93.525390625	n/a	0.0	1	47885	n/a
93.54296875	n/a	0.0	1	47894	n/a
93.55859375	n/a	1.0	2	47902	n/a
93.576171875	n/a	0.0	1	47911	n/a
93.591796875	n/a	1.0	2	47919	n/a
93.609375	n/a	1.0	2	47928	n/a
93.625	n/a	0.0	1	47936	n/a
93.642578125	n/a	0.0	1	47945	n/a
93.658203125	n/a	1.0	2	47953	n/a
93.67578125	n/a	0.0	1	47962	n/a
93.69140625	n/a	1.0	2	47970	n/a
93.708984375	n/a	0.0	1	47979	n/a
93.724609375	n/a	1.0	2	47987	n/a
93.7421875	n/a	1.0	2	47996	n/a
93.7578125	n/a	0.0	1	48004	n/a
93.775390625	n/a	0.0	1	48013	n/a
93.79296875	n/a	1.0	2	48022	n/a
93.80859375	n/a	0.0	1	48030	n/a
93.826171875	n/a	1.0	2	48039	n/a
93.841796875	n/a	1.0	2	48047	n/a
93.859375	n/a	0.0	1	48056	n/a
93.875	n/a	1.0	2	48064	n/a
93.892578125	n/a	0.0	1	48073	n/a
93.908203125	n/a	0.0	1	48081	n/a
93.92578125	n/a	1.0	2	48090	n/a
93.94140625	n/a	0.0	1	48098	n/a
93.958984375	n/a	1.0	2	48107	n/a
93.974609375	n/a	0.0	1	48115	n/a
93.9921875	n/a	1.0	2	48124	n/a
94.0078125	n/a	1.0	2	48132	n/a
94.025390625	n/a	0.0	1	48141	n/a
94.04296875	n/a	0.0	1	48150	n/a
94.05859375	n/a	1.0	2	48158	n/a
94.076171875	n/a	1.0	2	48167	n/a
94.091796875	n/a	0.0	1	48175	n/a
94.109375	n/a	1.0	2	48184	n/a
94.125	n/a	0.0	1	48192	n/a
94.142578125	n/a	0.0	1	48201	n/a
94.158203125	n/a	1.0	2	48209	n/a
94.17578125	n/a	0.0	1	48218	n/a
94.19140625	n/a	1.0	2	48226	n/a
94.208984375	n/a	1.0	2	48235	n/a
94.224609375	n/a	0.0	1	48243	n/a
94.2421875	n/a	1.0	2	48252	n/a
94.2578125	n/a	0.0	1	48260	n/a
94.275390625	n/a	0.0	1	48269	n/a
94.29296875	n/a	1.0	2	48278	n/a
94.30859375	n/a	0.0	1	48286	n/a
94.326171875	n/a	1.0	2	48295	n/a
94.341796875	n/a	0.0	1	48303	n/a
94.359375	n/a	1.0	2	48312	n/a
94.375	n/a	1.0	2	48320	n/a
94.392578125	n/a	0.0	1	48329	n/a
94.408203125	n/a	1.0	2	48337	n/a
94.42578125	n/a	0.0	1	48346	n/a
94.44140625	n/a	0.0	1	48354	n/a
94.458984375	n/a	1.0	2	48363	n/a
94.474609375	n/a	0.0	1	48371	n/a
94.4921875	n/a	1.0	2	48380	n/a
94.5078125	n/a	1.0	2	48388	n/a
94.525390625	n/a	0.0	1	48397	n/a
94.54296875	n/a	1.0	2	48406	n/a
94.55859375	n/a	0.0	1	48414	n/a
94.576171875	n/a	1.0	2	48423	n/a
94.591796875	n/a	0.0	1	48431	n/a
94.609375	n/a	0.0	1	48440	n/a
94.625	n/a	1.0	2	48448	n/a
94.642578125	n/a	1.0	2	48457	n/a
94.658203125	n/a	0.0	1	48465	n/a
94.67578125	n/a	1.0	2	48474	n/a
94.69140625	n/a	0.0	1	48482	n/a
94.708984375	n/a	0.0	1	48491	n/a
94.724609375	n/a	1.0	2	48499	n/a
94.7421875	n/a	0.0	1	48508	n/a
94.7578125	n/a	1.0	2	48516	n/a
94.775390625	n/a	1.0	2	48525	n/a
94.79296875	n/a	0.0	1	48534	n/a
94.80859375	n/a	1.0	2	48542	n/a
94.826171875	n/a	0.0	1	48551	n/a
94.841796875	n/a	1.0	2	48559	n/a
94.859375	n/a	0.0	1	48568	n/a
94.875	n/a	1.0	2	48576	n/a
94.892578125	n/a	0.0	1	48585	n/a
94.908203125	n/a	0.0	1	48593	n/a
94.92578125	n/a	1.0	2	48602	n/a
94.94140625	n/a	1.0	2	48610	n/a
94.958984375	n/a	0.0	1	48619	n/a
94.974609375	n/a	0.0	1	48627	n/a
94.9921875	n/a	1.0	2	48636	n/a
95.0078125	n/a	1.0	2	48644	n/a
95.025390625	n/a	0.0	1	48653	n/a
95.04296875	n/a	0.0	1	48662	n/a
95.05859375	n/a	1.0	2	48670	n/a
95.076171875	n/a	1.0	2	48679	n/a
95.091796875	n/a	0.0	1	48687	n/a
95.109375	n/a	1.0	2	48696	n/a
95.125	n/a	0.0	1	48704	n/a
95.142578125	n/a	1.0	2	48713	n/a
95.158203125	n/a	0.0	1	48721	n/a
95.17578125	n/a	0.0	1	48730	n/a
95.19140625	n/a	1.0	2	48738	n/a
95.208984375	n/a	1.0	2	48747	n/a
95.224609375	n/a	0.0	1	48755	n/a
95.2421875	n/a	0.0	1	48764	n/a
95.2578125	n/a	1.0	2	48772	n/a
95.275390625	n/a	0.0	1	48781	n/a
95.29296875	n/a	1.0	2	48790	n/a
95.30859375	n/a	0.0	1	48798	n/a
95.326171875	n/a	1.0	2	48807	n/a
95.341796875	n/a	1.0	2	48815	n/a
95.359375	n/a	0.0	1	48824	n/a
95.375	n/a	1.0	2	48832	n/a
95.392578125	n/a	0.0	1	48841	n/a
95.408203125	n/a	1.0	2	48849	n/a
95.42578125	n/a	0.0	1	48858	n/a
95.44140625	n/a	0.0	1	48866	n/a
95.458984375	n/a	1.0	2	48875	n/a
95.474609375	n/a	0.0	1	48883	n/a
95.4921875	n/a	1.0	2	48892	n/a
95.5078125	n/a	0.0	1	48900	n/a
95.525390625	n/a	1.0	2	48909	n/a
95.54296875	n/a	1.0	2	48918	n/a
95.55859375	n/a	0.0	1	48926	n/a
95.576171875	n/a	1.0	2	48935	n/a
95.591796875	n/a	0.0	1	48943	n/a
95.609375	n/a	1.0	2	48952	n/a
95.625	n/a	0.0	1	48960	n/a
95.642578125	n/a	0.0	1	48969	n/a
95.658203125	n/a	1.0	2	48977	n/a
95.67578125	n/a	0.0	1	48986	n/a
95.69140625	n/a	1.0	2	48994	n/a
95.708984375	n/a	1.0	2	49003	n/a
95.724609375	n/a	0.0	1	49011	n/a
95.7421875	n/a	0.0	1	49020	n/a
95.7578125	n/a	1.0	2	49028	n/a
95.775390625	n/a	0.0	1	49037	n/a
95.79296875	n/a	1.0	2	49046	n/a
95.80859375	n/a	0.0	1	49054	n/a
95.826171875	n/a	1.0	2	49063	n/a
95.841796875	n/a	1.0	2	49071	n/a
95.859375	n/a	0.0	1	49080	n/a
95.875	n/a	0.0	1	49088	n/a
95.892578125	n/a	1.0	2	49097	n/a
95.908203125	n/a	0.0	1	49105	n/a
95.92578125	n/a	1.0	2	49114	n/a
95.94140625	n/a	1.0	2	49122	n/a
95.958984375	n/a	0.0	1	49131	n/a
95.974609375	n/a	1.0	2	49139	n/a
95.9921875	n/a	0.0	1	49148	n/a
96.0078125	n/a	0.0	1	49156	n/a
96.025390625	n/a	1.0	2	49165	n/a
96.04296875	n/a	0.0	1	49174	n/a
96.05859375	n/a	1.0	2	49182	n/a
96.076171875	n/a	0.0	1	49191	n/a
96.091796875	n/a	1.0	2	49199	n/a
96.109375	n/a	1.0	2	49208	n/a
96.125	n/a	0.0	1	49216	n/a
96.142578125	n/a	0.0	1	49225	n/a
96.158203125	n/a	1.0	2	49233	n/a
96.17578125	n/a	1.0	2	49242	n/a
96.19140625	n/a	0.0	1	49250	n/a
96.208984375	n/a	1.0	2	49259	n/a
96.224609375	n/a	0.0	1	49267	n/a
96.2421875	n/a	0.0	1	49276	n/a
96.2578125	n/a	1.0	2	49284	n/a
96.275390625	n/a	0.0	1	49293	n/a
96.29296875	n/a	1.0	2	49302	n/a
96.30859375	n/a	1.0	2	49310	n/a
96.326171875	n/a	0.0	1	49319	n/a
96.341796875	n/a	1.0	2	49327	n/a
96.359375	n/a	0.0	1	49336	n/a
96.375	n/a	0.0	1	49344	n/a
96.392578125	n/a	1.0	2	49353	n/a
96.408203125	n/a	0.0	1	49361	n/a
96.42578125	n/a	1.0	2	49370	n/a
96.44140625	n/a	0.0	1	49378	n/a
96.458984375	n/a	1.0	2	49387	n/a
96.474609375	n/a	1.0	2	49395	n/a
96.4921875	n/a	0.0	1	49404	n/a
96.5078125	n/a	1.0	2	49412	n/a
96.525390625	n/a	0.0	1	49421	n/a
96.54296875	n/a	0.0	1	49430	n/a
96.55859375	n/a	1.0	2	49438	n/a
96.576171875	n/a	0.0	1	49447	n/a
96.591796875	n/a	1.0	2	49455	n/a
96.609375	n/a	1.0	2	49464	n/a
96.625	n/a	0.0	1	49472	n/a
96.642578125	n/a	1.0	2	49481	n/a
96.658203125	n/a	0.0	1	49489	n/a
96.67578125	n/a	1.0	2	49498	n/a
96.69140625	n/a	0.0	1	49506	n/a
96.708984375	n/a	0.0	1	49515	n/a
96.724609375	n/a	1.0	2	49523	n/a
96.7421875	n/a	1.0	2	49532	n/a
96.7578125	n/a	0.0	1	49540	n/a
96.775390625	n/a	1.0	2	49549	n/a
96.79296875	n/a	0.0	1	49558	n/a
96.80859375	n/a	0.0	1	49566	n/a
96.826171875	n/a	1.0	2	49575	n/a
96.841796875	n/a	0.0	1	49583	n/a
96.859375	n/a	1.0	2	49592	n/a
96.875	n/a	1.0	2	49600	n/a
96.892578125	n/a	0.0	1	49609	n/a
96.908203125	n/a	1.0	2	49617	n/a
96.92578125	n/a	0.0	1	49626	n/a
96.94140625	n/a	1.0	2	49634	n/a
96.958984375	n/a	0.0	1	49643	n/a
96.974609375	n/a	1.0	2	49651	n/a
96.9921875	n/a	0.0	1	49660	n/a
97.0078125	n/a	0.0	1	49668	n/a
97.025390625	n/a	1.0	2	49677	n/a
97.04296875	n/a	1.0	2	49686	n/a
97.05859375	n/a	0.0	1	49694	n/a
97.076171875	n/a	0.0	1	49703	n/a
97.091796875	n/a	1.0	2	49711	n/a
97.109375	n/a	1.0	2	49720	n/a
97.125	n/a	0.0	1	49728	n/a
97.142578125	n/a	0.0	1	49737	n/a
97.158203125	n/a	1.0	2	49745	n/a
97.17578125	n/a	1.0	2	49754	n/a
97.19140625	n/a	0.0	1	49762	n/a
97.208984375	n/a	1.0	2	49771	n/a
97.224609375	n/a	0.0	1	49779	n/a
97.2421875	n/a	1.0	2	49788	n/a
97.2578125	n/a	0.0	1	49796	n/a
97.275390625	n/a	0.0	1	49805	n/a
97.29296875	n/a	1.0	2	49814	n/a
97.30859375	n/a	1.0	2	49822	n/a
97.326171875	n/a	0.0	1	49831	n/a
97.341796875	n/a	0.0	1	49839	n/a
97.359375	n/a	1.0	2	49848	n/a
97.375	n/a	0.0	1	49856	n/a
97.392578125	n/a	1.0	2	49865	n/a
97.408203125	n/a	0.0	1	49873	n/a
97.42578125	n/a	1.0	2	49882	n/a
97.44140625	n/a	1.0	2	49890	n/a
97.458984375	n/a	0.0	1	49899	n/a
97.474609375	n/a	1.0	2	49907	n/a
97.4921875	n/a	0.0	1	49916	n/a
97.5078125	n/a	1.0	2	49924	n/a
97.525390625	n/a	0.0	1	49933	n/a
97.54296875	n/a	0.0	1	49942	n/a
97.55859375	n/a	1.0	2	49950	n/a
97.576171875	n/a	0.0	1	49959	n/a
97.591796875	n/a	1.0	2	49967	n/a
97.609375	n/a	0.0	1	49976	n/a
97.625	n/a	1.0	2	49984	n/a
97.642578125	n/a	1.0	2	49993	n/a
97.658203125	n/a	0.0	1	50001	n/a
97.67578125	n/a	1.0	2	50010	n/a
97.69140625	n/a	0.0	1	50018	n/a
97.708984375	n/a	1.0	2	50027	n/a
97.724609375	n/a	0.0	1	50035	n/a
97.7421875	n/a	0.0	1	50044	n/a
97.7578125	n/a	1.0	2	50052	n/a
97.775390625	n/a	0.0	1	50061	n/a
97.79296875	n/a	1.0	2	50070	n/a
97.80859375	n/a	1.0	2	50078	n/a
97.826171875	n/a	0.0	1	50087	n/a
97.841796875	n/a	0.0	1	50095	n/a
97.859375	n/a	1.0	2	50104	n/a
97.875	n/a	0.0	1	50112	n/a
97.892578125	n/a	1.0	2	50121	n/a
97.908203125	n/a	0.0	1	50129	n/a
97.92578125	n/a	1.0	2	50138	n/a
97.94140625	n/a	1.0	2	50146	n/a
97.958984375	n/a	0.0	1	50155	n/a
97.974609375	n/a	0.0	1	50163	n/a
97.9921875	n/a	1.0	2	50172	n/a
98.0078125	n/a	0.0	1	50180	n/a
98.025390625	n/a	1.0	2	50189	n/a
98.04296875	n/a	1.0	2	50198	n/a
98.05859375	n/a	0.0	1	50206	n/a
98.076171875	n/a	1.0	2	50215	n/a
98.091796875	n/a	0.0	1	50223	n/a
98.109375	n/a	0.0	1	50232	n/a
98.125	n/a	1.0	2	50240	n/a
98.142578125	n/a	0.0	1	50249	n/a
98.158203125	n/a	1.0	2	50257	n/a
98.17578125	n/a	0.0	1	50266	n/a
98.19140625	n/a	1.0	2	50274	n/a
98.208984375	n/a	1.0	2	50283	n/a
98.224609375	n/a	0.0	1	50291	n/a
98.2421875	n/a	0.0	1	50300	n/a
98.2578125	n/a	1.0	2	50308	n/a
98.275390625	n/a	1.0	2	50317	n/a
98.29296875	n/a	0.0	1	50326	n/a
98.30859375	n/a	1.0	2	50334	n/a
98.326171875	n/a	0.0	1	50343	n/a
98.341796875	n/a	0.0	1	50351	n/a
98.359375	n/a	1.0	2	50360	n/a
98.375	n/a	0.0	1	50368	n/a
98.392578125	n/a	1.0	2	50377	n/a
98.408203125	n/a	1.0	2	50385	n/a
98.42578125	n/a	0.0	1	50394	n/a
98.44140625	n/a	1.0	2	50402	n/a
98.458984375	n/a	0.0	1	50411	n/a
98.474609375	n/a	0.0	1	50419	n/a
98.4921875	n/a	1.0	2	50428	n/a
98.5078125	n/a	0.0	1	50436	n/a
98.525390625	n/a	1.0	2	50445	n/a
98.54296875	n/a	0.0	1	50454	n/a
98.55859375	n/a	1.0	2	50462	n/a
98.576171875	n/a	1.0	2	50471	n/a
98.591796875	n/a	0.0	1	50479	n/a
98.609375	n/a	1.0	2	50488	n/a
98.625	n/a	0.0	1	50496	n/a
98.642578125	n/a	0.0	1	50505	n/a
98.658203125	n/a	1.0	2	50513	n/a
98.67578125	n/a	0.0	1	50522	n/a
98.69140625	n/a	1.0	2	50530	n/a
98.708984375	n/a	1.0	2	50539	n/a
98.724609375	n/a	0.0	1	50547	n/a
98.7421875	n/a	1.0	2	50556	n/a
98.7578125	n/a	0.0	1	50564	n/a
98.775390625	n/a	1.0	2	50573	n/a
98.79296875	n/a	0.0	1	50582	n/a
98.80859375	n/a	0.0	1	50590	n/a
98.826171875	n/a	1.0	2	50599	n/a
98.841796875	n/a	1.0	2	50607	n/a
98.859375	n/a	0.0	1	50616	n/a
98.875	n/a	1.0	2	50624	n/a
98.892578125	n/a	0.0	1	50633	n/a
98.908203125	n/a	0.0	1	50641	n/a
98.92578125	n/a	1.0	2	50650	n/a
98.94140625	n/a	0.0	1	50658	n/a
98.958984375	n/a	1.0	2	50667	n/a
98.974609375	n/a	1.0	2	50675	n/a
98.9921875	n/a	0.0	1	50684	n/a
99.0078125	n/a	1.0	2	50692	n/a
99.025390625	n/a	0.0	1	50701	n/a
99.04296875	n/a	1.0	2	50710	n/a
99.05859375	n/a	0.0	1	50718	n/a
99.076171875	n/a	1.0	2	50727	n/a
99.091796875	n/a	0.0	1	50735	n/a
99.109375	n/a	0.0	1	50744	n/a
99.125	n/a	1.0	2	50752	n/a
99.142578125	n/a	1.0	2	50761	n/a
99.158203125	n/a	0.0	1	50769	n/a
99.17578125	n/a	0.0	1	50778	n/a
99.19140625	n/a	1.0	2	50786	n/a
99.208984375	n/a	1.0	2	50795	n/a
99.224609375	n/a	0.0	1	50803	n/a
99.2421875	n/a	0.0	1	50812	n/a
99.2578125	n/a	1.0	2	50820	n/a
99.275390625	n/a	1.0	2	50829	n/a
99.29296875	n/a	0.0	1	50838	n/a
99.30859375	n/a	1.0	2	50846	n/a
99.326171875	n/a	0.0	1	50855	n/a
99.341796875	n/a	1.0	2	50863	n/a
99.359375	n/a	0.0	1	50872	n/a
99.375	n/a	0.0	1	50880	n/a
99.392578125	n/a	1.0	2	50889	n/a
99.408203125	n/a	1.0	2	50897	n/a
99.42578125	n/a	0.0	1	50906	n/a
99.44140625	n/a	0.0	1	50914	n/a
99.458984375	n/a	1.0	2	50923	n/a
99.474609375	n/a	0.0	1	50931	n/a
99.4921875	n/a	1.0	2	50940	n/a
99.5078125	n/a	0.0	1	50948	n/a
99.525390625	n/a	1.0	2	50957	n/a
99.54296875	n/a	1.0	2	50966	n/a
99.55859375	n/a	0.0	1	50974	n/a
99.576171875	n/a	1.0	2	50983	n/a
99.591796875	n/a	0.0	1	50991	n/a
99.609375	n/a	1.0	2	51000	n/a
99.625	n/a	0.0	1	51008	n/a
99.642578125	n/a	0.0	1	51017	n/a
99.658203125	n/a	1.0	2	51025	n/a
99.67578125	n/a	0.0	1	51034	n/a
99.69140625	n/a	1.0	2	51042	n/a
99.708984375	n/a	0.0	1	51051	n/a
99.724609375	n/a	1.0	2	51059	n/a
99.7421875	n/a	1.0	2	51068	n/a
99.7578125	n/a	0.0	1	51076	n/a
99.775390625	n/a	1.0	2	51085	n/a
99.79296875	n/a	0.0	1	51094	n/a
99.80859375	n/a	1.0	2	51102	n/a
99.826171875	n/a	0.0	1	51111	n/a
99.841796875	n/a	0.0	1	51119	n/a
99.859375	n/a	1.0	2	51128	n/a
99.875	n/a	0.0	1	51136	n/a
99.892578125	n/a	1.0	2	51145	n/a
99.908203125	n/a	1.0	2	51153	n/a
99.92578125	n/a	0.0	1	51162	n/a
99.94140625	n/a	0.0	1	51170	n/a
99.958984375	n/a	1.0	2	51179	n/a
99.974609375	n/a	0.0	1	51187	n/a
99.9921875	n/a	1.0	2	51196	n/a
100.0078125	n/a	0.0	1	51204	n/a
100.025390625	n/a	1.0	2	51213	n/a
100.04296875	n/a	1.0	2	51222	n/a
100.05859375	n/a	0.0	1	51230	n/a
100.076171875	n/a	0.0	1	51239	n/a
100.091796875	n/a	1.0	2	51247	n/a
100.109375	n/a	0.0	1	51256	n/a
100.125	n/a	1.0	2	51264	n/a
100.142578125	n/a	1.0	2	51273	n/a
100.158203125	n/a	0.0	1	51281	n/a
100.17578125	n/a	1.0	2	51290	n/a
100.19140625	n/a	0.0	1	51298	n/a
100.208984375	n/a	0.0	1	51307	n/a
100.224609375	n/a	1.0	2	51315	n/a
100.2421875	n/a	0.0	1	51324	n/a
100.2578125	n/a	1.0	2	51332	n/a
100.275390625	n/a	0.0	1	51341	n/a
100.29296875	n/a	1.0	2	51350	n/a
100.30859375	n/a	1.0	2	51358	n/a
100.326171875	n/a	0.0	1	51367	n/a
100.341796875	n/a	0.0	1	51375	n/a
100.359375	n/a	1.0	2	51384	n/a
100.375	n/a	1.0	2	51392	n/a
100.392578125	n/a	0.0	1	51401	n/a
100.408203125	n/a	1.0	2	51409	n/a
100.42578125	n/a	0.0	1	51418	n/a
100.44140625	n/a	0.0	1	51426	n/a
100.458984375	n/a	1.0	2	51435	n/a
100.474609375	n/a	0.0	1	51443	n/a
100.4921875	n/a	1.0	2	51452	n/a
100.5078125	n/a	1.0	2	51460	n/a
100.525390625	n/a	0.0	1	51469	n/a
100.54296875	n/a	1.0	2	51478	n/a
100.55859375	n/a	0.0	1	51486	n/a
100.576171875	n/a	0.0	1	51495	n/a
100.591796875	n/a	1.0	2	51503	n/a
100.609375	n/a	0.0	1	51512	n/a
100.625	n/a	1.0	2	51520	n/a
100.642578125	n/a	0.0	1	51529	n/a
100.658203125	n/a	1.0	2	51537	n/a
100.67578125	n/a	1.0	2	51546	n/a
100.69140625	n/a	0.0	1	51554	n/a
100.708984375	n/a	1.0	2	51563	n/a
100.724609375	n/a	0.0	1	51571	n/a
100.7421875	n/a	0.0	1	51580	n/a
100.7578125	n/a	1.0	2	51588	n/a
100.775390625	n/a	0.0	1	51597	n/a
100.79296875	n/a	1.0	2	51606	n/a
100.80859375	n/a	1.0	2	51614	n/a
100.826171875	n/a	0.0	1	51623	n/a
100.841796875	n/a	1.0	2	51631	n/a
100.859375	n/a	0.0	1	51640	n/a
100.875	n/a	1.0	2	51648	n/a
100.892578125	n/a	0.0	1	51657	n/a
100.908203125	n/a	0.0	1	51665	n/a
100.92578125	n/a	1.0	2	51674	n/a
100.94140625	n/a	1.0	2	51682	n/a
100.958984375	n/a	0.0	1	51691	n/a
100.974609375	n/a	1.0	2	51699	n/a
100.9921875	n/a	0.0	1	51708	n/a
101.0078125	n/a	0.0	1	51716	n/a
101.025390625	n/a	1.0	2	51725	n/a
101.04296875	n/a	0.0	1	51734	n/a
101.05859375	n/a	1.0	2	51742	n/a
101.076171875	n/a	1.0	2	51751	n/a
101.091796875	n/a	0.0	1	51759	n/a
101.109375	n/a	1.0	2	51768	n/a
101.125	n/a	0.0	1	51776	n/a
101.142578125	n/a	1.0	2	51785	n/a
101.158203125	n/a	0.0	1	51793	n/a
101.17578125	n/a	1.0	2	51802	n/a
101.19140625	n/a	0.0	1	51810	n/a
101.208984375	n/a	0.0	1	51819	n/a
101.224609375	n/a	1.0	2	51827	n/a
101.2421875	n/a	1.0	2	51836	n/a
101.2578125	n/a	0.0	1	51844	n/a
101.275390625	n/a	0.0	1	51853	n/a
101.29296875	n/a	1.0	2	51862	n/a
101.30859375	n/a	1.0	2	51870	n/a
101.326171875	n/a	0.0	1	51879	n/a
101.341796875	n/a	0.0	1	51887	n/a
101.359375	n/a	1.0	2	51896	n/a
101.375	n/a	1.0	2	51904	n/a
101.392578125	n/a	0.0	1	51913	n/a
101.408203125	n/a	1.0	2	51921	n/a
101.42578125	n/a	0.0	1	51930	n/a
101.44140625	n/a	1.0	2	51938	n/a
101.458984375	n/a	0.0	1	51947	n/a
101.474609375	n/a	0.0	1	51955	n/a
101.4921875	n/a	1.0	2	51964	n/a
101.5078125	n/a	1.0	2	51972	n/a
101.525390625	n/a	0.0	1	51981	n/a
101.54296875	n/a	0.0	1	51990	n/a
101.55859375	n/a	1.0	2	51998	n/a
101.576171875	n/a	0.0	1	52007	n/a
101.591796875	n/a	1.0	2	52015	n/a
101.609375	n/a	0.0	1	52024	n/a
101.625	n/a	1.0	2	52032	n/a
101.642578125	n/a	1.0	2	52041	n/a
101.658203125	n/a	0.0	1	52049	n/a
101.67578125	n/a	1.0	2	52058	n/a
101.69140625	n/a	0.0	1	52066	n/a
101.708984375	n/a	1.0	2	52075	n/a
101.724609375	n/a	0.0	1	52083	n/a
101.7421875	n/a	0.0	1	52092	n/a
101.7578125	n/a	1.0	2	52100	n/a
101.775390625	n/a	0.0	1	52109	n/a
101.79296875	n/a	1.0	2	52118	n/a
101.80859375	n/a	0.0	1	52126	n/a
101.826171875	n/a	1.0	2	52135	n/a
101.841796875	n/a	1.0	2	52143	n/a
101.859375	n/a	0.0	1	52152	n/a
101.875	n/a	1.0	2	52160	n/a
101.892578125	n/a	0.0	1	52169	n/a
101.908203125	n/a	1.0	2	52177	n/a
101.92578125	n/a	0.0	1	52186	n/a
101.94140625	n/a	0.0	1	52194	n/a
101.958984375	n/a	1.0	2	52203	n/a
101.974609375	n/a	0.0	1	52211	n/a
101.9921875	n/a	1.0	2	52220	n/a
102.0078125	n/a	1.0	2	52228	n/a
102.025390625	n/a	0.0	1	52237	n/a
102.04296875	n/a	0.0	1	52246	n/a
102.05859375	n/a	1.0	2	52254	n/a
102.076171875	n/a	0.0	1	52263	n/a
102.091796875	n/a	1.0	2	52271	n/a
102.109375	n/a	0.0	1	52280	n/a
102.125	n/a	1.0	2	52288	n/a
102.142578125	n/a	1.0	2	52297	n/a
102.158203125	n/a	0.0	1	52305	n/a
102.17578125	n/a	0.0	1	52314	n/a
102.19140625	n/a	1.0	2	52322	n/a
102.208984375	n/a	0.0	1	52331	n/a
102.224609375	n/a	1.0	2	52339	n/a
102.2421875	n/a	1.0	2	52348	n/a
102.2578125	n/a	0.0	1	52356	n/a
102.275390625	n/a	1.0	2	52365	n/a
102.29296875	n/a	0.0	1	52374	n/a
102.30859375	n/a	0.0	1	52382	n/a
102.326171875	n/a	1.0	2	52391	n/a
102.341796875	n/a	0.0	1	52399	n/a
102.359375	n/a	1.0	2	52408	n/a
102.375	n/a	0.0	1	52416	n/a
102.392578125	n/a	1.0	2	52425	n/a
102.408203125	n/a	1.0	2	52433	n/a
102.42578125	n/a	0.0	1	52442	n/a
102.44140625	n/a	0.0	1	52450	n/a
102.458984375	n/a	1.0	2	52459	n/a
102.474609375	n/a	1.0	2	52467	n/a
102.4921875	n/a	0.0	1	52476	n/a
102.5078125	n/a	1.0	2	52484	n/a
102.525390625	n/a	0.0	1	52493	n/a
102.54296875	n/a	0.0	1	52502	n/a
102.55859375	n/a	1.0	2	52510	n/a
102.576171875	n/a	0.0	1	52519	n/a
102.591796875	n/a	1.0	2	52527	n/a
102.609375	n/a	1.0	2	52536	n/a
102.625	n/a	0.0	1	52544	n/a
102.642578125	n/a	1.0	2	52553	n/a
102.658203125	n/a	0.0	1	52561	n/a
102.67578125	n/a	0.0	1	52570	n/a
102.69140625	n/a	1.0	2	52578	n/a
102.708984375	n/a	0.0	1	52587	n/a
102.724609375	n/a	1.0	2	52595	n/a
102.7421875	n/a	0.0	1	52604	n/a
102.7578125	n/a	1.0	2	52612	n/a
102.775390625	n/a	1.0	2	52621	n/a
102.79296875	n/a	0.0	1	52630	n/a
102.80859375	n/a	1.0	2	52638	n/a
102.826171875	n/a	0.0	1	52647	n/a
102.841796875	n/a	0.0	1	52655	n/a
102.859375	n/a	1.0	2	52664	n/a
102.875	n/a	0.0	1	52672	n/a
102.892578125	n/a	1.0	2	52681	n/a
102.908203125	n/a	1.0	2	52689	n/a
102.92578125	n/a	0.0	1	52698	n/a
102.94140625	n/a	1.0	2	52706	n/a
102.958984375	n/a	0.0	1	52715	n/a
102.974609375	n/a	1.0	2	52723	n/a
102.9921875	n/a	0.0	1	52732	n/a
103.0078125	n/a	0.0	1	52740	n/a
103.025390625	n/a	1.0	2	52749	n/a
103.04296875	n/a	1.0	2	52758	n/a
103.05859375	n/a	0.0	1	52766	n/a
103.076171875	n/a	1.0	2	52775	n/a
103.091796875	n/a	0.0	1	52783	n/a
103.109375	n/a	0.0	1	52792	n/a
103.125	n/a	1.0	2	52800	n/a
103.142578125	n/a	0.0	1	52809	n/a
103.158203125	n/a	1.0	2	52817	n/a
103.17578125	n/a	1.0	2	52826	n/a
103.19140625	n/a	0.0	1	52834	n/a
103.208984375	n/a	1.0	2	52843	n/a
103.224609375	n/a	0.0	1	52851	n/a
103.2421875	n/a	1.0	2	52860	n/a
103.2578125	n/a	0.0	1	52868	n/a
103.275390625	n/a	1.0	2	52877	n/a
103.29296875	n/a	0.0	1	52886	n/a
103.30859375	n/a	0.0	1	52894	n/a
103.326171875	n/a	1.0	2	52903	n/a
103.341796875	n/a	1.0	2	52911	n/a
103.359375	n/a	0.0	1	52920	n/a
103.375	n/a	0.0	1	52928	n/a
103.392578125	n/a	1.0	2	52937	n/a
103.408203125	n/a	1.0	2	52945	n/a
103.42578125	n/a	0.0	1	52954	n/a
103.44140625	n/a	0.0	1	52962	n/a
103.458984375	n/a	1.0	2	52971	n/a
103.474609375	n/a	1.0	2	52979	n/a
103.4921875	n/a	0.0	1	52988	n/a
103.5078125	n/a	1.0	2	52996	n/a
103.525390625	n/a	0.0	1	53005	n/a
103.54296875	n/a	1.0	2	53014	n/a
103.55859375	n/a	0.0	1	53022	n/a
103.576171875	n/a	0.0	1	53031	n/a
103.591796875	n/a	1.0	2	53039	n/a
103.609375	n/a	1.0	2	53048	n/a
103.625	n/a	0.0	1	53056	n/a
103.642578125	n/a	0.0	1	53065	n/a
103.658203125	n/a	1.0	2	53073	n/a
103.67578125	n/a	0.0	1	53082	n/a
103.69140625	n/a	1.0	2	53090	n/a
103.708984375	n/a	0.0	1	53099	n/a
103.724609375	n/a	1.0	2	53107	n/a
103.7421875	n/a	1.0	2	53116	n/a
103.7578125	n/a	0.0	1	53124	n/a
103.775390625	n/a	1.0	2	53133	n/a
103.79296875	n/a	0.0	1	53142	n/a
103.80859375	n/a	1.0	2	53150	n/a
103.826171875	n/a	0.0	1	53159	n/a
103.841796875	n/a	0.0	1	53167	n/a
103.859375	n/a	1.0	2	53176	n/a
103.875	n/a	0.0	1	53184	n/a
103.892578125	n/a	1.0	2	53193	n/a
103.908203125	n/a	0.0	1	53201	n/a
103.92578125	n/a	1.0	2	53210	n/a
103.94140625	n/a	1.0	2	53218	n/a
103.958984375	n/a	0.0	1	53227	n/a
103.974609375	n/a	1.0	2	53235	n/a
103.9921875	n/a	0.0	1	53244	n/a
104.0078125	n/a	1.0	2	53252	n/a
104.025390625	n/a	0.0	1	53261	n/a
104.04296875	n/a	0.0	1	53270	n/a
104.05859375	n/a	1.0	2	53278	n/a
104.076171875	n/a	0.0	1	53287	n/a
104.091796875	n/a	1.0	2	53295	n/a
104.109375	n/a	1.0	2	53304	n/a
104.125	n/a	0.0	1	53312	n/a
104.142578125	n/a	0.0	1	53321	n/a
104.158203125	n/a	1.0	2	53329	n/a
104.17578125	n/a	0.0	1	53338	n/a
104.19140625	n/a	1.0	2	53346	n/a
104.208984375	n/a	0.0	1	53355	n/a
104.224609375	n/a	1.0	2	53363	n/a
104.2421875	n/a	1.0	2	53372	n/a
104.2578125	n/a	0.0	1	53380	n/a
104.275390625	n/a	0.0	1	53389	n/a
104.29296875	n/a	1.0	2	53398	n/a
104.30859375	n/a	0.0	1	53406	n/a
104.326171875	n/a	1.0	2	53415	n/a
104.341796875	n/a	1.0	2	53423	n/a
104.359375	n/a	0.0	1	53432	n/a
104.375	n/a	1.0	2	53440	n/a
104.392578125	n/a	0.0	1	53449	n/a
104.408203125	n/a	0.0	1	53457	n/a
104.42578125	n/a	1.0	2	53466	n/a
104.44140625	n/a	0.0	1	53474	n/a
104.458984375	n/a	1.0	2	53483	n/a
104.474609375	n/a	0.0	1	53491	n/a
104.4921875	n/a	1.0	2	53500	n/a
104.5078125	n/a	1.0	2	53508	n/a
104.525390625	n/a	0.0	1	53517	n/a
104.54296875	n/a	0.0	1	53526	n/a
104.55859375	n/a	1.0	2	53534	n/a
104.576171875	n/a	1.0	2	53543	n/a
104.591796875	n/a	0.0	1	53551	n/a
104.609375	n/a	1.0	2	53560	n/a
104.625	n/a	0.0	1	53568	n/a
104.642578125	n/a	0.0	1	53577	n/a
104.658203125	n/a	1.0	2	53585	n/a
104.67578125	n/a	0.0	1	53594	n/a
104.69140625	n/a	1.0	2	53602	n/a
104.708984375	n/a	1.0	2	53611	n/a
104.724609375	n/a	0.0	1	53619	n/a
104.7421875	n/a	1.0	2	53628	n/a
104.7578125	n/a	0.0	1	53636	n/a
104.775390625	n/a	0.0	1	53645	n/a
104.79296875	n/a	1.0	2	53654	n/a
104.80859375	n/a	0.0	1	53662	n/a
104.826171875	n/a	1.0	2	53671	n/a
104.841796875	n/a	0.0	1	53679	n/a
104.859375	n/a	1.0	2	53688	n/a
104.875	n/a	1.0	2	53696	n/a
104.892578125	n/a	0.0	1	53705	n/a
104.908203125	n/a	1.0	2	53713	n/a
104.92578125	n/a	0.0	1	53722	n/a
104.94140625	n/a	0.0	1	53730	n/a
104.958984375	n/a	1.0	2	53739	n/a
104.974609375	n/a	0.0	1	53747	n/a
104.9921875	n/a	1.0	2	53756	n/a
105.0078125	n/a	1.0	2	53764	n/a
105.025390625	n/a	0.0	1	53773	n/a
105.04296875	n/a	1.0	2	53782	n/a
105.05859375	n/a	0.0	1	53790	n/a
105.076171875	n/a	1.0	2	53799	n/a
105.091796875	n/a	0.0	1	53807	n/a
105.109375	n/a	0.0	1	53816	n/a
105.125	n/a	1.0	2	53824	n/a
105.142578125	n/a	1.0	2	53833	n/a
105.158203125	n/a	0.0	1	53841	n/a
105.17578125	n/a	1.0	2	53850	n/a
105.19140625	n/a	0.0	1	53858	n/a
105.208984375	n/a	0.0	1	53867	n/a
105.224609375	n/a	1.0	2	53875	n/a
105.2421875	n/a	0.0	1	53884	n/a
105.2578125	n/a	1.0	2	53892	n/a
105.275390625	n/a	1.0	2	53901	n/a
105.29296875	n/a	0.0	1	53910	n/a
105.30859375	n/a	1.0	2	53918	n/a
105.326171875	n/a	0.0	1	53927	n/a
105.341796875	n/a	1.0	2	53935	n/a
105.359375	n/a	0.0	1	53944	n/a
105.375	n/a	1.0	2	53952	n/a
105.392578125	n/a	0.0	1	53961	n/a
105.408203125	n/a	0.0	1	53969	n/a
105.42578125	n/a	1.0	2	53978	n/a
105.44140625	n/a	1.0	2	53986	n/a
105.458984375	n/a	0.0	1	53995	n/a
105.474609375	n/a	0.0	1	54003	n/a
105.4921875	n/a	1.0	2	54012	n/a
105.5078125	n/a	1.0	2	54020	n/a
105.525390625	n/a	0.0	1	54029	n/a
105.54296875	n/a	0.0	1	54038	n/a
105.55859375	n/a	1.0	2	54046	n/a
105.576171875	n/a	1.0	2	54055	n/a
105.591796875	n/a	0.0	1	54063	n/a
105.609375	n/a	1.0	2	54072	n/a
105.625	n/a	0.0	1	54080	n/a
105.642578125	n/a	1.0	2	54089	n/a
105.658203125	n/a	0.0	1	54097	n/a
105.67578125	n/a	0.0	1	54106	n/a
105.69140625	n/a	1.0	2	54114	n/a
105.708984375	n/a	1.0	2	54123	n/a
105.724609375	n/a	0.0	1	54131	n/a
105.7421875	n/a	0.0	1	54140	n/a
105.7578125	n/a	1.0	2	54148	n/a
105.775390625	n/a	0.0	1	54157	n/a
105.79296875	n/a	1.0	2	54166	n/a
105.80859375	n/a	0.0	1	54174	n/a
105.826171875	n/a	1.0	2	54183	n/a
105.841796875	n/a	1.0	2	54191	n/a
105.859375	n/a	0.0	1	54200	n/a
105.875	n/a	1.0	2	54208	n/a
105.892578125	n/a	0.0	1	54217	n/a
105.908203125	n/a	1.0	2	54225	n/a
105.92578125	n/a	0.0	1	54234	n/a
105.94140625	n/a	0.0	1	54242	n/a
105.958984375	n/a	1.0	2	54251	n/a
105.974609375	n/a	0.0	1	54259	n/a
105.9921875	n/a	1.0	2	54268	n/a
106.0078125	n/a	0.0	1	54276	n/a
106.025390625	n/a	1.0	2	54285	n/a
106.04296875	n/a	1.0	2	54294	n/a
106.05859375	n/a	0.0	1	54302	n/a
106.076171875	n/a	1.0	2	54311	n/a
106.091796875	n/a	0.0	1	54319	n/a
106.109375	n/a	1.0	2	54328	n/a
106.125	n/a	0.0	1	54336	n/a
106.142578125	n/a	0.0	1	54345	n/a
106.158203125	n/a	1.0	2	54353	n/a
106.17578125	n/a	0.0	1	54362	n/a
106.19140625	n/a	1.0	2	54370	n/a
106.208984375	n/a	1.0	2	54379	n/a
106.224609375	n/a	0.0	1	54387	n/a
106.2421875	n/a	0.0	1	54396	n/a
106.2578125	n/a	1.0	2	54404	n/a
106.275390625	n/a	0.0	1	54413	n/a
106.29296875	n/a	1.0	2	54422	n/a
106.30859375	n/a	0.0	1	54430	n/a
106.326171875	n/a	1.0	2	54439	n/a
106.341796875	n/a	1.0	2	54447	n/a
106.359375	n/a	0.0	1	54456	n/a
106.375	n/a	0.0	1	54464	n/a
106.392578125	n/a	1.0	2	54473	n/a
106.408203125	n/a	0.0	1	54481	n/a
106.42578125	n/a	1.0	2	54490	n/a
106.44140625	n/a	1.0	2	54498	n/a
106.458984375	n/a	0.0	1	54507	n/a
106.474609375	n/a	1.0	2	54515	n/a
106.4921875	n/a	0.0	1	54524	n/a
106.5078125	n/a	0.0	1	54532	n/a
106.525390625	n/a	1.0	2	54541	n/a
106.54296875	n/a	0.0	1	54550	n/a
106.55859375	n/a	1.0	2	54558	n/a
106.576171875	n/a	0.0	1	54567	n/a
106.591796875	n/a	1.0	2	54575	n/a
106.609375	n/a	1.0	2	54584	n/a
106.625	n/a	0.0	1	54592	n/a
106.642578125	n/a	0.0	1	54601	n/a
106.658203125	n/a	1.0	2	54609	n/a
106.67578125	n/a	1.0	2	54618	n/a
106.69140625	n/a	0.0	1	54626	n/a
106.708984375	n/a	1.0	2	54635	n/a
106.724609375	n/a	0.0	1	54643	n/a
106.7421875	n/a	0.0	1	54652	n/a
106.7578125	n/a	1.0	2	54660	n/a
106.775390625	n/a	0.0	1	54669	n/a
106.79296875	n/a	1.0	2	54678	n/a
106.80859375	n/a	1.0	2	54686	n/a
106.826171875	n/a	0.0	1	54695	n/a
106.841796875	n/a	1.0	2	54703	n/a
106.859375	n/a	0.0	1	54712	n/a
106.875	n/a	0.0	1	54720	n/a
106.892578125	n/a	1.0	2	54729	n/a
106.908203125	n/a	0.0	1	54737	n/a
106.92578125	n/a	1.0	2	54746	n/a
106.94140625	n/a	0.0	1	54754	n/a
106.958984375	n/a	1.0	2	54763	n/a
106.974609375	n/a	1.0	2	54771	n/a
106.9921875	n/a	0.0	1	54780	n/a
107.0078125	n/a	1.0	2	54788	n/a
107.025390625	n/a	0.0	1	54797	n/a
107.04296875	n/a	0.0	1	54806	n/a
107.05859375	n/a	1.0	2	54814	n/a
107.076171875	n/a	0.0	1	54823	n/a
107.091796875	n/a	1.0	2	54831	n/a
107.109375	n/a	1.0	2	54840	n/a
107.125	n/a	0.0	1	54848	n/a
107.142578125	n/a	1.0	2	54857	n/a
107.158203125	n/a	0.0	1	54865	n/a
107.17578125	n/a	1.0	2	54874	n/a
107.19140625	n/a	0.0	1	54882	n/a
107.208984375	n/a	0.0	1	54891	n/a
107.224609375	n/a	1.0	2	54899	n/a
107.2421875	n/a	1.0	2	54908	n/a
107.2578125	n/a	0.0	1	54916	n/a
107.275390625	n/a	1.0	2	54925	n/a
107.29296875	n/a	0.0	1	54934	n/a
107.30859375	n/a	0.0	1	54942	n/a
107.326171875	n/a	1.0	2	54951	n/a
107.341796875	n/a	0.0	1	54959	n/a
107.359375	n/a	1.0	2	54968	n/a
107.375	n/a	1.0	2	54976	n/a
107.392578125	n/a	0.0	1	54985	n/a
107.408203125	n/a	1.0	2	54993	n/a
107.42578125	n/a	0.0	1	55002	n/a
107.44140625	n/a	1.0	2	55010	n/a
107.458984375	n/a	0.0	1	55019	n/a
107.474609375	n/a	1.0	2	55027	n/a
107.4921875	n/a	0.0	1	55036	n/a
107.5078125	n/a	0.0	1	55044	n/a
107.525390625	n/a	1.0	2	55053	n/a
107.54296875	n/a	1.0	2	55062	n/a
107.55859375	n/a	0.0	1	55070	n/a
107.576171875	n/a	0.0	1	55079	n/a
107.591796875	n/a	1.0	2	55087	n/a
107.609375	n/a	1.0	2	55096	n/a
107.625	n/a	0.0	1	55104	n/a
107.642578125	n/a	0.0	1	55113	n/a
107.658203125	n/a	1.0	2	55121	n/a
107.67578125	n/a	1.0	2	55130	n/a
107.69140625	n/a	0.0	1	55138	n/a
107.708984375	n/a	1.0	2	55147	n/a
107.724609375	n/a	0.0	1	55155	n/a
107.7421875	n/a	1.0	2	55164	n/a
107.7578125	n/a	0.0	1	55172	n/a
107.775390625	n/a	0.0	1	55181	n/a
107.79296875	n/a	1.0	2	55190	n/a
107.80859375	n/a	1.0	2	55198	n/a
107.826171875	n/a	0.0	1	55207	n/a
107.841796875	n/a	0.0	1	55215	n/a
107.859375	n/a	1.0	2	55224	n/a
107.875	n/a	0.0	1	55232	n/a
107.892578125	n/a	1.0	2	55241	n/a
107.908203125	n/a	0.0	1	55249	n/a
107.92578125	n/a	1.0	2	55258	n/a
107.94140625	n/a	1.0	2	55266	n/a
107.958984375	n/a	0.0	1	55275	n/a
107.974609375	n/a	1.0	2	55283	n/a
107.9921875	n/a	0.0	1	55292	n/a
108.0078125	n/a	1.0	2	55300	n/a
108.025390625	n/a	0.0	1	55309	n/a
108.04296875	n/a	0.0	1	55318	n/a
108.05859375	n/a	1.0	2	55326	n/a
108.076171875	n/a	0.0	1	55335	n/a
108.091796875	n/a	1.0	2	55343	n/a
108.109375	n/a	0.0	1	55352	n/a
108.125	n/a	1.0	2	55360	n/a
108.142578125	n/a	1.0	2	55369	n/a
108.158203125	n/a	0.0	1	55377	n/a
108.17578125	n/a	1.0	2	55386	n/a
108.19140625	n/a	0.0	1	55394	n/a
108.208984375	n/a	1.0	2	55403	n/a
108.224609375	n/a	0.0	1	55411	n/a
108.2421875	n/a	0.0	1	55420	n/a
108.2578125	n/a	1.0	2	55428	n/a
108.275390625	n/a	0.0	1	55437	n/a
108.29296875	n/a	1.0	2	55446	n/a
108.30859375	n/a	1.0	2	55454	n/a
108.326171875	n/a	0.0	1	55463	n/a
108.341796875	n/a	0.0	1	55471	n/a
108.359375	n/a	1.0	2	55480	n/a
108.375	n/a	0.0	1	55488	n/a
108.392578125	n/a	1.0	2	55497	n/a
108.408203125	n/a	0.0	1	55505	n/a
108.42578125	n/a	1.0	2	55514	n/a
108.44140625	n/a	1.0	2	55522	n/a
108.458984375	n/a	0.0	1	55531	n/a
108.474609375	n/a	0.0	1	55539	n/a
108.4921875	n/a	1.0	2	55548	n/a
108.5078125	n/a	0.0	1	55556	n/a
108.525390625	n/a	1.0	2	55565	n/a
108.54296875	n/a	1.0	2	55574	n/a
108.55859375	n/a	0.0	1	55582	n/a
108.576171875	n/a	1.0	2	55591	n/a
108.591796875	n/a	0.0	1	55599	n/a
108.609375	n/a	0.0	1	55608	n/a
108.625	n/a	1.0	2	55616	n/a
108.642578125	n/a	0.0	1	55625	n/a
108.658203125	n/a	1.0	2	55633	n/a
108.67578125	n/a	0.0	1	55642	n/a
108.69140625	n/a	1.0	2	55650	n/a
108.708984375	n/a	1.0	2	55659	n/a
108.724609375	n/a	0.0	1	55667	n/a
108.7421875	n/a	0.0	1	55676	n/a
108.7578125	n/a	1.0	2	55684	n/a
110.04296875	n/a	1.0	2	56342	2.0
110.060546875	n/a	0.0	1	56351	n/a
110.076171875	n/a	1.0	2	56359	n/a
110.09375	n/a	0.0	1	56368	n/a
110.109375	n/a	1.0	2	56376	n/a
110.126953125	n/a	0.0	1	56385	n/a
110.142578125	n/a	0.0	1	56393	n/a
110.16015625	n/a	1.0	2	56402	n/a
110.17578125	n/a	1.0	2	56410	n/a
110.193359375	n/a	0.0	1	56419	n/a
110.208984375	n/a	0.0	1	56427	n/a
110.2265625	n/a	1.0	2	56436	n/a
110.2421875	n/a	1.0	2	56444	n/a
110.259765625	n/a	0.0	1	56453	n/a
110.275390625	n/a	1.0	2	56461	n/a
110.29296875	n/a	0.0	1	56470	n/a
110.310546875	n/a	0.0	1	56479	n/a
110.326171875	n/a	1.0	2	56487	n/a
110.34375	n/a	1.0	2	56496	n/a
110.359375	n/a	0.0	1	56504	n/a
110.376953125	n/a	1.0	2	56513	n/a
110.392578125	n/a	0.0	1	56521	n/a
110.41015625	n/a	1.0	2	56530	n/a
110.42578125	n/a	0.0	1	56538	n/a
110.443359375	n/a	0.0	1	56547	n/a
110.458984375	n/a	1.0	2	56555	n/a
110.4765625	n/a	0.0	1	56564	n/a
110.4921875	n/a	1.0	2	56572	n/a
110.509765625	n/a	0.0	1	56581	n/a
110.525390625	n/a	1.0	2	56589	n/a
110.54296875	n/a	0.0	1	56598	n/a
110.560546875	n/a	1.0	2	56607	n/a
110.576171875	n/a	1.0	2	56615	n/a
110.59375	n/a	0.0	1	56624	n/a
110.609375	n/a	1.0	2	56632	n/a
110.626953125	n/a	0.0	1	56641	n/a
110.642578125	n/a	1.0	2	56649	n/a
110.66015625	n/a	0.0	1	56658	n/a
110.67578125	n/a	1.0	2	56666	n/a
110.693359375	n/a	0.0	1	56675	n/a
110.708984375	n/a	0.0	1	56683	n/a
110.7265625	n/a	1.0	2	56692	n/a
110.7421875	n/a	0.0	1	56700	n/a
110.759765625	n/a	1.0	2	56709	n/a
110.775390625	n/a	1.0	2	56717	n/a
110.79296875	n/a	0.0	1	56726	n/a
110.810546875	n/a	1.0	2	56735	n/a
110.826171875	n/a	0.0	1	56743	n/a
110.84375	n/a	1.0	2	56752	n/a
110.859375	n/a	0.0	1	56760	n/a
110.876953125	n/a	1.0	2	56769	n/a
110.892578125	n/a	0.0	1	56777	n/a
110.91015625	n/a	0.0	1	56786	n/a
110.92578125	n/a	1.0	2	56794	n/a
110.943359375	n/a	0.0	1	56803	n/a
110.958984375	n/a	1.0	2	56811	n/a
110.9765625	n/a	1.0	2	56820	n/a
110.9921875	n/a	0.0	1	56828	n/a
111.009765625	n/a	0.0	1	56837	n/a
111.025390625	n/a	1.0	2	56845	n/a
111.04296875	n/a	1.0	2	56854	n/a
111.060546875	n/a	0.0	1	56863	n/a
111.076171875	n/a	0.0	1	56871	n/a
111.09375	n/a	1.0	2	56880	n/a
111.109375	n/a	1.0	2	56888	n/a
111.126953125	n/a	0.0	1	56897	n/a
111.142578125	n/a	0.0	1	56905	n/a
111.16015625	n/a	1.0	2	56914	n/a
111.17578125	n/a	1.0	2	56922	n/a
111.193359375	n/a	0.0	1	56931	n/a
111.208984375	n/a	0.0	1	56939	n/a
111.2265625	n/a	1.0	2	56948	n/a
111.2421875	n/a	0.0	1	56956	n/a
111.259765625	n/a	1.0	2	56965	n/a
111.275390625	n/a	1.0	2	56973	n/a
111.29296875	n/a	0.0	1	56982	n/a
111.310546875	n/a	0.0	1	56991	n/a
111.326171875	n/a	1.0	2	56999	n/a
111.34375	n/a	0.0	1	57008	n/a
111.359375	n/a	1.0	2	57016	n/a
111.376953125	n/a	0.0	1	57025	n/a
111.392578125	n/a	1.0	2	57033	n/a
111.41015625	n/a	1.0	2	57042	n/a
111.42578125	n/a	0.0	1	57050	n/a
111.443359375	n/a	1.0	2	57059	n/a
111.458984375	n/a	0.0	1	57067	n/a
111.4765625	n/a	0.0	1	57076	n/a
111.4921875	n/a	1.0	2	57084	n/a
111.509765625	n/a	0.0	1	57093	n/a
111.525390625	n/a	1.0	2	57101	n/a
111.54296875	n/a	1.0	2	57110	n/a
111.560546875	n/a	0.0	1	57119	n/a
111.576171875	n/a	0.0	1	57127	n/a
111.59375	n/a	1.0	2	57136	n/a
111.609375	n/a	0.0	1	57144	n/a
111.626953125	n/a	1.0	2	57153	n/a
111.642578125	n/a	1.0	2	57161	n/a
111.66015625	n/a	0.0	1	57170	n/a
111.67578125	n/a	0.0	1	57178	n/a
111.693359375	n/a	1.0	2	57187	n/a
111.708984375	n/a	0.0	1	57195	n/a
111.7265625	n/a	1.0	2	57204	n/a
111.7421875	n/a	0.0	1	57212	n/a
111.759765625	n/a	1.0	2	57221	n/a
111.775390625	n/a	1.0	2	57229	n/a
111.79296875	n/a	0.0	1	57238	n/a
111.810546875	n/a	0.0	1	57247	n/a
111.826171875	n/a	1.0	2	57255	n/a
111.84375	n/a	0.0	1	57264	n/a
111.859375	n/a	1.0	2	57272	n/a
111.876953125	n/a	1.0	2	57281	n/a
111.892578125	n/a	0.0	1	57289	n/a
111.91015625	n/a	0.0	1	57298	n/a
111.92578125	n/a	1.0	2	57306	n/a
111.943359375	n/a	0.0	1	57315	n/a
111.958984375	n/a	1.0	2	57323	n/a
111.9765625	n/a	0.0	1	57332	n/a
111.9921875	n/a	1.0	2	57340	n/a
112.009765625	n/a	1.0	2	57349	n/a
112.025390625	n/a	0.0	1	57357	n/a
112.04296875	n/a	1.0	2	57366	n/a
112.060546875	n/a	0.0	1	57375	n/a
112.076171875	n/a	1.0	2	57383	n/a
112.09375	n/a	0.0	1	57392	n/a
112.109375	n/a	1.0	2	57400	n/a
112.126953125	n/a	0.0	1	57409	n/a
112.142578125	n/a	1.0	2	57417	n/a
112.16015625	n/a	0.0	1	57426	n/a
112.17578125	n/a	1.0	2	57434	n/a
112.193359375	n/a	0.0	1	57443	n/a
112.208984375	n/a	1.0	2	57451	n/a
112.2265625	n/a	0.0	1	57460	n/a
112.2421875	n/a	0.0	1	57468	n/a
112.259765625	n/a	1.0	2	57477	n/a
112.275390625	n/a	1.0	2	57485	n/a
112.29296875	n/a	0.0	1	57494	n/a
112.310546875	n/a	0.0	1	57503	n/a
112.326171875	n/a	1.0	2	57511	n/a
112.34375	n/a	1.0	2	57520	n/a
112.359375	n/a	0.0	1	57528	n/a
112.376953125	n/a	1.0	2	57537	n/a
112.392578125	n/a	0.0	1	57545	n/a
112.41015625	n/a	0.0	1	57554	n/a
112.42578125	n/a	1.0	2	57562	n/a
112.443359375	n/a	1.0	2	57571	n/a
112.458984375	n/a	0.0	1	57579	n/a
112.4765625	n/a	1.0	2	57588	n/a
112.4921875	n/a	0.0	1	57596	n/a
112.509765625	n/a	1.0	2	57605	n/a
112.525390625	n/a	0.0	1	57613	n/a
112.54296875	n/a	0.0	1	57622	n/a
112.560546875	n/a	1.0	2	57631	n/a
112.576171875	n/a	0.0	1	57639	n/a
112.59375	n/a	1.0	2	57648	n/a
112.609375	n/a	0.0	1	57656	n/a
112.626953125	n/a	1.0	2	57665	n/a
112.642578125	n/a	0.0	1	57673	n/a
112.66015625	n/a	1.0	2	57682	n/a
112.67578125	n/a	1.0	2	57690	n/a
112.693359375	n/a	0.0	1	57699	n/a
112.708984375	n/a	1.0	2	57707	n/a
112.7265625	n/a	0.0	1	57716	n/a
112.7421875	n/a	1.0	2	57724	n/a
112.759765625	n/a	0.0	1	57733	n/a
112.775390625	n/a	1.0	2	57741	n/a
112.79296875	n/a	0.0	1	57750	n/a
112.810546875	n/a	0.0	1	57759	n/a
112.826171875	n/a	1.0	2	57767	n/a
112.84375	n/a	0.0	1	57776	n/a
112.859375	n/a	1.0	2	57784	n/a
112.876953125	n/a	1.0	2	57793	n/a
112.892578125	n/a	0.0	1	57801	n/a
112.91015625	n/a	1.0	2	57810	n/a
112.92578125	n/a	0.0	1	57818	n/a
112.943359375	n/a	1.0	2	57827	n/a
112.958984375	n/a	0.0	1	57835	n/a
112.9765625	n/a	1.0	2	57844	n/a
112.9921875	n/a	0.0	1	57852	n/a
113.009765625	n/a	0.0	1	57861	n/a
113.025390625	n/a	1.0	2	57869	n/a
113.04296875	n/a	0.0	1	57878	n/a
113.060546875	n/a	1.0	2	57887	n/a
113.076171875	n/a	1.0	2	57895	n/a
113.09375	n/a	0.0	1	57904	n/a
113.109375	n/a	0.0	1	57912	n/a
113.126953125	n/a	1.0	2	57921	n/a
113.142578125	n/a	1.0	2	57929	n/a
113.16015625	n/a	0.0	1	57938	n/a
113.17578125	n/a	0.0	1	57946	n/a
113.193359375	n/a	1.0	2	57955	n/a
113.208984375	n/a	1.0	2	57963	n/a
113.2265625	n/a	0.0	1	57972	n/a
113.2421875	n/a	0.0	1	57980	n/a
113.259765625	n/a	1.0	2	57989	n/a
113.275390625	n/a	1.0	2	57997	n/a
113.29296875	n/a	0.0	1	58006	n/a
113.310546875	n/a	0.0	1	58015	n/a
113.326171875	n/a	1.0	2	58023	n/a
113.34375	n/a	0.0	1	58032	n/a
113.359375	n/a	1.0	2	58040	n/a
113.376953125	n/a	1.0	2	58049	n/a
113.392578125	n/a	0.0	1	58057	n/a
113.41015625	n/a	0.0	1	58066	n/a
113.42578125	n/a	1.0	2	58074	n/a
113.443359375	n/a	0.0	1	58083	n/a
113.458984375	n/a	1.0	2	58091	n/a
113.4765625	n/a	0.0	1	58100	n/a
113.4921875	n/a	1.0	2	58108	n/a
113.509765625	n/a	1.0	2	58117	n/a
113.525390625	n/a	0.0	1	58125	n/a
113.54296875	n/a	1.0	2	58134	n/a
113.560546875	n/a	0.0	1	58143	n/a
113.576171875	n/a	0.0	1	58151	n/a
113.59375	n/a	1.0	2	58160	n/a
113.609375	n/a	0.0	1	58168	n/a
113.626953125	n/a	1.0	2	58177	n/a
113.642578125	n/a	1.0	2	58185	n/a
113.66015625	n/a	0.0	1	58194	n/a
113.67578125	n/a	0.0	1	58202	n/a
113.693359375	n/a	1.0	2	58211	n/a
113.708984375	n/a	0.0	1	58219	n/a
113.7265625	n/a	1.0	2	58228	n/a
113.7421875	n/a	1.0	2	58236	n/a
113.759765625	n/a	0.0	1	58245	n/a
113.775390625	n/a	0.0	1	58253	n/a
113.79296875	n/a	1.0	2	58262	n/a
113.810546875	n/a	0.0	1	58271	n/a
113.826171875	n/a	1.0	2	58279	n/a
113.84375	n/a	0.0	1	58288	n/a
113.859375	n/a	1.0	2	58296	n/a
113.876953125	n/a	1.0	2	58305	n/a
113.892578125	n/a	0.0	1	58313	n/a
113.91015625	n/a	0.0	1	58322	n/a
113.92578125	n/a	1.0	2	58330	n/a
113.943359375	n/a	0.0	1	58339	n/a
113.958984375	n/a	1.0	2	58347	n/a
113.9765625	n/a	1.0	2	58356	n/a
113.9921875	n/a	0.0	1	58364	n/a
114.009765625	n/a	0.0	1	58373	n/a
114.025390625	n/a	1.0	2	58381	n/a
114.04296875	n/a	0.0	1	58390	n/a
114.060546875	n/a	1.0	2	58399	n/a
114.076171875	n/a	0.0	1	58407	n/a
114.09375	n/a	1.0	2	58416	n/a
114.109375	n/a	1.0	2	58424	n/a
114.126953125	n/a	0.0	1	58433	n/a
114.142578125	n/a	1.0	2	58441	n/a
114.16015625	n/a	0.0	1	58450	n/a
114.17578125	n/a	1.0	2	58458	n/a
114.193359375	n/a	0.0	1	58467	n/a
114.208984375	n/a	1.0	2	58475	n/a
114.2265625	n/a	0.0	1	58484	n/a
114.2421875	n/a	1.0	2	58492	n/a
114.259765625	n/a	0.0	1	58501	n/a
114.275390625	n/a	1.0	2	58509	n/a
114.29296875	n/a	0.0	1	58518	n/a
114.310546875	n/a	1.0	2	58527	n/a
114.326171875	n/a	0.0	1	58535	n/a
114.34375	n/a	0.0	1	58544	n/a
114.359375	n/a	1.0	2	58552	n/a
114.376953125	n/a	1.0	2	58561	n/a
114.392578125	n/a	0.0	1	58569	n/a
114.41015625	n/a	0.0	1	58578	n/a
114.42578125	n/a	1.0	2	58586	n/a
114.443359375	n/a	1.0	2	58595	n/a
114.458984375	n/a	0.0	1	58603	n/a
114.4765625	n/a	1.0	2	58612	n/a
114.4921875	n/a	0.0	1	58620	n/a
114.509765625	n/a	0.0	1	58629	n/a
114.525390625	n/a	1.0	2	58637	n/a
114.54296875	n/a	1.0	2	58646	n/a
114.560546875	n/a	0.0	1	58655	n/a
114.576171875	n/a	1.0	2	58663	n/a
114.59375	n/a	0.0	1	58672	n/a
114.609375	n/a	1.0	2	58680	n/a
114.626953125	n/a	0.0	1	58689	n/a
114.642578125	n/a	0.0	1	58697	n/a
114.66015625	n/a	1.0	2	58706	n/a
114.67578125	n/a	0.0	1	58714	n/a
114.693359375	n/a	1.0	2	58723	n/a
114.708984375	n/a	0.0	1	58731	n/a
114.7265625	n/a	1.0	2	58740	n/a
114.7421875	n/a	0.0	1	58748	n/a
114.759765625	n/a	1.0	2	58757	n/a
114.775390625	n/a	1.0	2	58765	n/a
114.79296875	n/a	0.0	1	58774	n/a
114.810546875	n/a	1.0	2	58783	n/a
114.826171875	n/a	0.0	1	58791	n/a
114.84375	n/a	1.0	2	58800	n/a
114.859375	n/a	0.0	1	58808	n/a
114.876953125	n/a	1.0	2	58817	n/a
114.892578125	n/a	0.0	1	58825	n/a
114.91015625	n/a	0.0	1	58834	n/a
114.92578125	n/a	1.0	2	58842	n/a
114.943359375	n/a	0.0	1	58851	n/a
114.958984375	n/a	1.0	2	58859	n/a
114.9765625	n/a	1.0	2	58868	n/a
114.9921875	n/a	0.0	1	58876	n/a
115.009765625	n/a	1.0	2	58885	n/a
115.025390625	n/a	0.0	1	58893	n/a
115.04296875	n/a	1.0	2	58902	n/a
115.060546875	n/a	0.0	1	58911	n/a
115.076171875	n/a	1.0	2	58919	n/a
115.09375	n/a	0.0	1	58928	n/a
115.109375	n/a	0.0	1	58936	n/a
115.126953125	n/a	1.0	2	58945	n/a
115.142578125	n/a	0.0	1	58953	n/a
115.16015625	n/a	1.0	2	58962	n/a
115.17578125	n/a	1.0	2	58970	n/a
115.193359375	n/a	0.0	1	58979	n/a
115.208984375	n/a	0.0	1	58987	n/a
115.2265625	n/a	1.0	2	58996	n/a
115.2421875	n/a	1.0	2	59004	n/a
115.259765625	n/a	0.0	1	59013	n/a
115.275390625	n/a	0.0	1	59021	n/a
115.29296875	n/a	1.0	2	59030	n/a
115.310546875	n/a	1.0	2	59039	n/a
115.326171875	n/a	0.0	1	59047	n/a
115.34375	n/a	0.0	1	59056	n/a
115.359375	n/a	1.0	2	59064	n/a
115.376953125	n/a	1.0	2	59073	n/a
115.392578125	n/a	0.0	1	59081	n/a
115.41015625	n/a	0.0	1	59090	n/a
115.42578125	n/a	1.0	2	59098	n/a
115.443359375	n/a	0.0	1	59107	n/a
115.458984375	n/a	1.0	2	59115	n/a
115.4765625	n/a	1.0	2	59124	n/a
115.4921875	n/a	0.0	1	59132	n/a
115.509765625	n/a	0.0	1	59141	n/a
115.525390625	n/a	1.0	2	59149	n/a
115.54296875	n/a	0.0	1	59158	n/a
115.560546875	n/a	1.0	2	59167	n/a
115.576171875	n/a	0.0	1	59175	n/a
115.59375	n/a	1.0	2	59184	n/a
115.609375	n/a	1.0	2	59192	n/a
115.626953125	n/a	0.0	1	59201	n/a
115.642578125	n/a	1.0	2	59209	n/a
115.66015625	n/a	0.0	1	59218	n/a
115.67578125	n/a	0.0	1	59226	n/a
115.693359375	n/a	1.0	2	59235	n/a
115.708984375	n/a	0.0	1	59243	n/a
115.7265625	n/a	1.0	2	59252	n/a
115.7421875	n/a	1.0	2	59260	n/a
115.759765625	n/a	0.0	1	59269	n/a
115.775390625	n/a	0.0	1	59277	n/a
115.79296875	n/a	1.0	2	59286	n/a
115.810546875	n/a	0.0	1	59295	n/a
115.826171875	n/a	1.0	2	59303	n/a
115.84375	n/a	1.0	2	59312	n/a
115.859375	n/a	0.0	1	59320	n/a
115.876953125	n/a	0.0	1	59329	n/a
115.892578125	n/a	1.0	2	59337	n/a
115.91015625	n/a	0.0	1	59346	n/a
115.92578125	n/a	1.0	2	59354	n/a
115.943359375	n/a	0.0	1	59363	n/a
115.958984375	n/a	1.0	2	59371	n/a
115.9765625	n/a	1.0	2	59380	n/a
115.9921875	n/a	0.0	1	59388	n/a
116.009765625	n/a	0.0	1	59397	n/a
116.025390625	n/a	1.0	2	59405	n/a
116.04296875	n/a	0.0	1	59414	n/a
116.060546875	n/a	1.0	2	59423	n/a
116.076171875	n/a	1.0	2	59431	n/a
116.09375	n/a	0.0	1	59440	n/a
116.109375	n/a	0.0	1	59448	n/a
116.126953125	n/a	1.0	2	59457	n/a
116.142578125	n/a	0.0	1	59465	n/a
116.16015625	n/a	1.0	2	59474	n/a
116.17578125	n/a	0.0	1	59482	n/a
116.193359375	n/a	1.0	2	59491	n/a
116.208984375	n/a	1.0	2	59499	n/a
116.2265625	n/a	0.0	1	59508	n/a
116.2421875	n/a	1.0	2	59516	n/a
116.259765625	n/a	0.0	1	59525	n/a
116.275390625	n/a	1.0	2	59533	n/a
116.29296875	n/a	0.0	1	59542	n/a
116.310546875	n/a	1.0	2	59551	n/a
116.326171875	n/a	0.0	1	59559	n/a
116.34375	n/a	1.0	2	59568	n/a
116.359375	n/a	0.0	1	59576	n/a
116.376953125	n/a	1.0	2	59585	n/a
116.392578125	n/a	0.0	1	59593	n/a
116.41015625	n/a	1.0	2	59602	n/a
116.42578125	n/a	0.0	1	59610	n/a
116.443359375	n/a	0.0	1	59619	n/a
116.458984375	n/a	1.0	2	59627	n/a
116.4765625	n/a	1.0	2	59636	n/a
116.4921875	n/a	0.0	1	59644	n/a
116.509765625	n/a	0.0	1	59653	n/a
116.525390625	n/a	1.0	2	59661	n/a
116.54296875	n/a	1.0	2	59670	n/a
116.560546875	n/a	0.0	1	59679	n/a
116.576171875	n/a	1.0	2	59687	n/a
116.59375	n/a	0.0	1	59696	n/a
116.609375	n/a	0.0	1	59704	n/a
116.626953125	n/a	1.0	2	59713	n/a
116.642578125	n/a	1.0	2	59721	n/a
116.66015625	n/a	0.0	1	59730	n/a
116.67578125	n/a	1.0	2	59738	n/a
116.693359375	n/a	0.0	1	59747	n/a
116.708984375	n/a	1.0	2	59755	n/a
116.7265625	n/a	0.0	1	59764	n/a
116.7421875	n/a	0.0	1	59772	n/a
116.759765625	n/a	1.0	2	59781	n/a
116.775390625	n/a	0.0	1	59789	n/a
116.79296875	n/a	1.0	2	59798	n/a
116.810546875	n/a	0.0	1	59807	n/a
116.826171875	n/a	1.0	2	59815	n/a
116.84375	n/a	0.0	1	59824	n/a
116.859375	n/a	1.0	2	59832	n/a
116.876953125	n/a	1.0	2	59841	n/a
116.892578125	n/a	0.0	1	59849	n/a
116.91015625	n/a	1.0	2	59858	n/a
116.92578125	n/a	0.0	1	59866	n/a
116.943359375	n/a	1.0	2	59875	n/a
116.958984375	n/a	0.0	1	59883	n/a
116.9765625	n/a	1.0	2	59892	n/a
116.9921875	n/a	0.0	1	59900	n/a
117.009765625	n/a	0.0	1	59909	n/a
117.025390625	n/a	1.0	2	59917	n/a
117.04296875	n/a	0.0	1	59926	n/a
117.060546875	n/a	1.0	2	59935	n/a
117.076171875	n/a	1.0	2	59943	n/a
117.09375	n/a	0.0	1	59952	n/a
117.109375	n/a	1.0	2	59960	n/a
117.126953125	n/a	0.0	1	59969	n/a
117.142578125	n/a	1.0	2	59977	n/a
117.16015625	n/a	0.0	1	59986	n/a
117.17578125	n/a	1.0	2	59994	n/a
117.193359375	n/a	0.0	1	60003	n/a
117.208984375	n/a	0.0	1	60011	n/a
117.2265625	n/a	1.0	2	60020	n/a
117.2421875	n/a	0.0	1	60028	n/a
117.259765625	n/a	1.0	2	60037	n/a
117.275390625	n/a	1.0	2	60045	n/a
117.29296875	n/a	0.0	1	60054	n/a
117.310546875	n/a	0.0	1	60063	n/a
117.326171875	n/a	1.0	2	60071	n/a
117.34375	n/a	1.0	2	60080	n/a
117.359375	n/a	0.0	1	60088	n/a
117.376953125	n/a	0.0	1	60097	n/a
117.392578125	n/a	1.0	2	60105	n/a
117.41015625	n/a	1.0	2	60114	n/a
117.42578125	n/a	0.0	1	60122	n/a
117.443359375	n/a	0.0	1	60131	n/a
117.458984375	n/a	1.0	2	60139	n/a
117.4765625	n/a	1.0	2	60148	n/a
117.4921875	n/a	0.0	1	60156	n/a
117.509765625	n/a	0.0	1	60165	n/a
117.525390625	n/a	1.0	2	60173	n/a
117.54296875	n/a	0.0	1	60182	n/a
117.560546875	n/a	1.0	2	60191	n/a
117.576171875	n/a	1.0	2	60199	n/a
117.59375	n/a	0.0	1	60208	n/a
117.609375	n/a	0.0	1	60216	n/a
117.626953125	n/a	1.0	2	60225	n/a
117.642578125	n/a	0.0	1	60233	n/a
117.66015625	n/a	1.0	2	60242	n/a
117.67578125	n/a	0.0	1	60250	n/a
117.693359375	n/a	1.0	2	60259	n/a
117.708984375	n/a	1.0	2	60267	n/a
117.7265625	n/a	0.0	1	60276	n/a
117.7421875	n/a	1.0	2	60284	n/a
117.759765625	n/a	0.0	1	60293	n/a
117.775390625	n/a	0.0	1	60301	n/a
117.79296875	n/a	1.0	2	60310	n/a
117.810546875	n/a	0.0	1	60319	n/a
117.826171875	n/a	1.0	2	60327	n/a
117.84375	n/a	1.0	2	60336	n/a
117.859375	n/a	0.0	1	60344	n/a
117.876953125	n/a	0.0	1	60353	n/a
117.892578125	n/a	1.0	2	60361	n/a
117.91015625	n/a	0.0	1	60370	n/a
117.92578125	n/a	1.0	2	60378	n/a
117.943359375	n/a	1.0	2	60387	n/a
117.958984375	n/a	0.0	1	60395	n/a
117.9765625	n/a	0.0	1	60404	n/a
117.9921875	n/a	1.0	2	60412	n/a
118.009765625	n/a	0.0	1	60421	n/a
118.025390625	n/a	1.0	2	60429	n/a
118.04296875	n/a	0.0	1	60438	n/a
118.060546875	n/a	1.0	2	60447	n/a
118.076171875	n/a	1.0	2	60455	n/a
118.09375	n/a	0.0	1	60464	n/a
118.109375	n/a	0.0	1	60472	n/a
118.126953125	n/a	1.0	2	60481	n/a
118.142578125	n/a	0.0	1	60489	n/a
118.16015625	n/a	1.0	2	60498	n/a
118.17578125	n/a	1.0	2	60506	n/a
118.193359375	n/a	0.0	1	60515	n/a
118.208984375	n/a	0.0	1	60523	n/a
118.2265625	n/a	1.0	2	60532	n/a
118.2421875	n/a	0.0	1	60540	n/a
118.259765625	n/a	1.0	2	60549	n/a
118.275390625	n/a	0.0	1	60557	n/a
118.29296875	n/a	1.0	2	60566	n/a
118.310546875	n/a	1.0	2	60575	n/a
118.326171875	n/a	0.0	1	60583	n/a
118.34375	n/a	1.0	2	60592	n/a
118.359375	n/a	0.0	1	60600	n/a
118.376953125	n/a	1.0	2	60609	n/a
118.392578125	n/a	0.0	1	60617	n/a
118.41015625	n/a	1.0	2	60626	n/a
118.42578125	n/a	0.0	1	60634	n/a
118.443359375	n/a	1.0	2	60643	n/a
118.458984375	n/a	0.0	1	60651	n/a
118.4765625	n/a	1.0	2	60660	n/a
118.4921875	n/a	0.0	1	60668	n/a
118.509765625	n/a	1.0	2	60677	n/a
118.525390625	n/a	0.0	1	60685	n/a
118.54296875	n/a	0.0	1	60694	n/a
118.560546875	n/a	1.0	2	60703	n/a
118.576171875	n/a	1.0	2	60711	n/a
118.59375	n/a	0.0	1	60720	n/a
118.609375	n/a	0.0	1	60728	n/a
118.626953125	n/a	1.0	2	60737	n/a
118.642578125	n/a	1.0	2	60745	n/a
118.66015625	n/a	0.0	1	60754	n/a
118.67578125	n/a	1.0	2	60762	n/a
118.693359375	n/a	0.0	1	60771	n/a
118.708984375	n/a	0.0	1	60779	n/a
118.7265625	n/a	1.0	2	60788	n/a
118.7421875	n/a	1.0	2	60796	n/a
118.759765625	n/a	0.0	1	60805	n/a
118.775390625	n/a	1.0	2	60813	n/a
118.79296875	n/a	0.0	1	60822	n/a
118.810546875	n/a	1.0	2	60831	n/a
118.826171875	n/a	0.0	1	60839	n/a
118.84375	n/a	0.0	1	60848	n/a
118.859375	n/a	1.0	2	60856	n/a
118.876953125	n/a	0.0	1	60865	n/a
118.892578125	n/a	1.0	2	60873	n/a
118.91015625	n/a	0.0	1	60882	n/a
118.92578125	n/a	1.0	2	60890	n/a
118.943359375	n/a	0.0	1	60899	n/a
118.958984375	n/a	1.0	2	60907	n/a
118.9765625	n/a	1.0	2	60916	n/a
118.9921875	n/a	0.0	1	60924	n/a
119.009765625	n/a	1.0	2	60933	n/a
119.025390625	n/a	0.0	1	60941	n/a
119.04296875	n/a	1.0	2	60950	n/a
119.060546875	n/a	0.0	1	60959	n/a
119.076171875	n/a	1.0	2	60967	n/a
119.09375	n/a	0.0	1	60976	n/a
119.109375	n/a	0.0	1	60984	n/a
119.126953125	n/a	1.0	2	60993	n/a
119.142578125	n/a	0.0	1	61001	n/a
119.16015625	n/a	1.0	2	61010	n/a
119.17578125	n/a	1.0	2	61018	n/a
119.193359375	n/a	0.0	1	61027	n/a
119.208984375	n/a	1.0	2	61035	n/a
119.2265625	n/a	0.0	1	61044	n/a
119.2421875	n/a	1.0	2	61052	n/a
119.259765625	n/a	0.0	1	61061	n/a
119.275390625	n/a	1.0	2	61069	n/a
119.29296875	n/a	0.0	1	61078	n/a
119.310546875	n/a	0.0	1	61087	n/a
119.326171875	n/a	1.0	2	61095	n/a
119.34375	n/a	0.0	1	61104	n/a
119.359375	n/a	1.0	2	61112	n/a
119.376953125	n/a	1.0	2	61121	n/a
119.392578125	n/a	0.0	1	61129	n/a
119.41015625	n/a	0.0	1	61138	n/a
119.42578125	n/a	1.0	2	61146	n/a
119.443359375	n/a	1.0	2	61155	n/a
119.458984375	n/a	0.0	1	61163	n/a
119.4765625	n/a	0.0	1	61172	n/a
119.4921875	n/a	1.0	2	61180	n/a
119.509765625	n/a	1.0	2	61189	n/a
119.525390625	n/a	0.0	1	61197	n/a
119.54296875	n/a	0.0	1	61206	n/a
119.560546875	n/a	1.0	2	61215	n/a
119.576171875	n/a	1.0	2	61223	n/a
119.59375	n/a	0.0	1	61232	n/a
119.609375	n/a	0.0	1	61240	n/a
119.626953125	n/a	1.0	2	61249	n/a
119.642578125	n/a	0.0	1	61257	n/a
119.66015625	n/a	1.0	2	61266	n/a
119.67578125	n/a	1.0	2	61274	n/a
119.693359375	n/a	0.0	1	61283	n/a
119.708984375	n/a	0.0	1	61291	n/a
119.7265625	n/a	1.0	2	61300	n/a
119.7421875	n/a	0.0	1	61308	n/a
119.759765625	n/a	1.0	2	61317	n/a
119.775390625	n/a	0.0	1	61325	n/a
119.79296875	n/a	1.0	2	61334	n/a
119.810546875	n/a	1.0	2	61343	n/a
119.826171875	n/a	0.0	1	61351	n/a
119.84375	n/a	1.0	2	61360	n/a
119.859375	n/a	0.0	1	61368	n/a
119.876953125	n/a	0.0	1	61377	n/a
119.892578125	n/a	1.0	2	61385	n/a
119.91015625	n/a	0.0	1	61394	n/a
119.92578125	n/a	1.0	2	61402	n/a
119.943359375	n/a	1.0	2	61411	n/a
119.958984375	n/a	0.0	1	61419	n/a
119.9765625	n/a	0.0	1	61428	n/a
119.9921875	n/a	1.0	2	61436	n/a
120.009765625	n/a	0.0	1	61445	n/a
120.025390625	n/a	1.0	2	61453	n/a
120.04296875	n/a	1.0	2	61462	n/a
120.060546875	n/a	0.0	1	61471	n/a
120.076171875	n/a	0.0	1	61479	n/a
120.09375	n/a	1.0	2	61488	n/a
120.109375	n/a	0.0	1	61496	n/a
120.126953125	n/a	1.0	2	61505	n/a
120.142578125	n/a	0.0	1	61513	n/a
120.16015625	n/a	1.0	2	61522	n/a
120.17578125	n/a	1.0	2	61530	n/a
120.193359375	n/a	0.0	1	61539	n/a
120.208984375	n/a	0.0	1	61547	n/a
120.2265625	n/a	1.0	2	61556	n/a
120.2421875	n/a	0.0	1	61564	n/a
120.259765625	n/a	1.0	2	61573	n/a
120.275390625	n/a	1.0	2	61581	n/a
120.29296875	n/a	0.0	1	61590	n/a
120.310546875	n/a	0.0	1	61599	n/a
120.326171875	n/a	1.0	2	61607	n/a
120.34375	n/a	0.0	1	61616	n/a
120.359375	n/a	1.0	2	61624	n/a
120.376953125	n/a	0.0	1	61633	n/a
120.392578125	n/a	1.0	2	61641	n/a
120.41015625	n/a	1.0	2	61650	n/a
120.42578125	n/a	0.0	1	61658	n/a
120.443359375	n/a	1.0	2	61667	n/a
120.458984375	n/a	0.0	1	61675	n/a
120.4765625	n/a	1.0	2	61684	n/a
120.4921875	n/a	0.0	1	61692	n/a
120.509765625	n/a	1.0	2	61701	n/a
120.525390625	n/a	0.0	1	61709	n/a
120.54296875	n/a	1.0	2	61718	n/a
120.560546875	n/a	0.0	1	61727	n/a
120.576171875	n/a	1.0	2	61735	n/a
120.59375	n/a	0.0	1	61744	n/a
120.609375	n/a	1.0	2	61752	n/a
120.626953125	n/a	0.0	1	61761	n/a
120.642578125	n/a	0.0	1	61769	n/a
120.66015625	n/a	1.0	2	61778	n/a
120.67578125	n/a	1.0	2	61786	n/a
120.693359375	n/a	0.0	1	61795	n/a
120.708984375	n/a	0.0	1	61803	n/a
120.7265625	n/a	1.0	2	61812	n/a
120.7421875	n/a	1.0	2	61820	n/a
120.759765625	n/a	0.0	1	61829	n/a
120.775390625	n/a	1.0	2	61837	n/a
120.79296875	n/a	0.0	1	61846	n/a
120.810546875	n/a	0.0	1	61855	n/a
120.826171875	n/a	1.0	2	61863	n/a
120.84375	n/a	1.0	2	61872	n/a
120.859375	n/a	0.0	1	61880	n/a
120.876953125	n/a	1.0	2	61889	n/a
120.892578125	n/a	0.0	1	61897	n/a
120.91015625	n/a	1.0	2	61906	n/a
120.92578125	n/a	0.0	1	61914	n/a
120.943359375	n/a	0.0	1	61923	n/a
120.958984375	n/a	1.0	2	61931	n/a
120.9765625	n/a	0.0	1	61940	n/a
120.9921875	n/a	1.0	2	61948	n/a
121.009765625	n/a	0.0	1	61957	n/a
121.025390625	n/a	1.0	2	61965	n/a
121.04296875	n/a	0.0	1	61974	n/a
121.060546875	n/a	1.0	2	61983	n/a
121.076171875	n/a	1.0	2	61991	n/a
121.09375	n/a	0.0	1	62000	n/a
121.109375	n/a	1.0	2	62008	n/a
121.126953125	n/a	0.0	1	62017	n/a
121.142578125	n/a	1.0	2	62025	n/a
121.16015625	n/a	0.0	1	62034	n/a
121.17578125	n/a	1.0	2	62042	n/a
121.193359375	n/a	0.0	1	62051	n/a
121.208984375	n/a	0.0	1	62059	n/a
121.2265625	n/a	1.0	2	62068	n/a
121.2421875	n/a	0.0	1	62076	n/a
121.259765625	n/a	1.0	2	62085	n/a
121.275390625	n/a	1.0	2	62093	n/a
121.29296875	n/a	0.0	1	62102	n/a
121.310546875	n/a	1.0	2	62111	n/a
121.326171875	n/a	0.0	1	62119	n/a
121.34375	n/a	1.0	2	62128	n/a
121.359375	n/a	0.0	1	62136	n/a
121.376953125	n/a	1.0	2	62145	n/a
121.392578125	n/a	0.0	1	62153	n/a
121.41015625	n/a	0.0	1	62162	n/a
121.42578125	n/a	1.0	2	62170	n/a
121.443359375	n/a	0.0	1	62179	n/a
121.458984375	n/a	1.0	2	62187	n/a
121.4765625	n/a	1.0	2	62196	n/a
121.4921875	n/a	0.0	1	62204	n/a
121.509765625	n/a	0.0	1	62213	n/a
121.525390625	n/a	1.0	2	62221	n/a
121.54296875	n/a	1.0	2	62230	n/a
121.560546875	n/a	0.0	1	62239	n/a
121.576171875	n/a	0.0	1	62247	n/a
121.59375	n/a	1.0	2	62256	n/a
121.609375	n/a	1.0	2	62264	n/a
121.626953125	n/a	0.0	1	62273	n/a
121.642578125	n/a	0.0	1	62281	n/a
121.66015625	n/a	1.0	2	62290	n/a
121.67578125	n/a	1.0	2	62298	n/a
121.693359375	n/a	0.0	1	62307	n/a
121.708984375	n/a	0.0	1	62315	n/a
121.7265625	n/a	1.0	2	62324	n/a
121.7421875	n/a	0.0	1	62332	n/a
121.759765625	n/a	1.0	2	62341	n/a
121.775390625	n/a	1.0	2	62349	n/a
121.79296875	n/a	0.0	1	62358	n/a
121.810546875	n/a	0.0	1	62367	n/a
121.826171875	n/a	1.0	2	62375	n/a
121.84375	n/a	0.0	1	62384	n/a
121.859375	n/a	1.0	2	62392	n/a
121.876953125	n/a	0.0	1	62401	n/a
121.892578125	n/a	1.0	2	62409	n/a
121.91015625	n/a	1.0	2	62418	n/a
121.92578125	n/a	0.0	1	62426	n/a
121.943359375	n/a	1.0	2	62435	n/a
121.958984375	n/a	0.0	1	62443	n/a
121.9765625	n/a	0.0	1	62452	n/a
121.9921875	n/a	1.0	2	62460	n/a
122.009765625	n/a	0.0	1	62469	n/a
122.025390625	n/a	1.0	2	62477	n/a
122.04296875	n/a	1.0	2	62486	n/a
122.060546875	n/a	0.0	1	62495	n/a
122.076171875	n/a	0.0	1	62503	n/a
122.09375	n/a	1.0	2	62512	n/a
122.109375	n/a	0.0	1	62520	n/a
122.126953125	n/a	1.0	2	62529	n/a
122.142578125	n/a	1.0	2	62537	n/a
122.16015625	n/a	0.0	1	62546	n/a
122.17578125	n/a	0.0	1	62554	n/a
122.193359375	n/a	1.0	2	62563	n/a
122.208984375	n/a	0.0	1	62571	n/a
122.2265625	n/a	1.0	2	62580	n/a
122.2421875	n/a	0.0	1	62588	n/a
122.259765625	n/a	1.0	2	62597	n/a
122.275390625	n/a	1.0	2	62605	n/a
122.29296875	n/a	0.0	1	62614	n/a
122.310546875	n/a	0.0	1	62623	n/a
122.326171875	n/a	1.0	2	62631	n/a
122.34375	n/a	0.0	1	62640	n/a
122.359375	n/a	1.0	2	62648	n/a
122.376953125	n/a	1.0	2	62657	n/a
122.392578125	n/a	0.0	1	62665	n/a
122.41015625	n/a	0.0	1	62674	n/a
122.42578125	n/a	1.0	2	62682	n/a
122.443359375	n/a	0.0	1	62691	n/a
122.458984375	n/a	1.0	2	62699	n/a
122.4765625	n/a	0.0	1	62708	n/a
122.4921875	n/a	1.0	2	62716	n/a
122.509765625	n/a	1.0	2	62725	n/a
122.525390625	n/a	0.0	1	62733	n/a
122.54296875	n/a	1.0	2	62742	n/a
122.560546875	n/a	0.0	1	62751	n/a
122.576171875	n/a	1.0	2	62759	n/a
122.59375	n/a	0.0	1	62768	n/a
122.609375	n/a	1.0	2	62776	n/a
122.626953125	n/a	0.0	1	62785	n/a
122.642578125	n/a	1.0	2	62793	n/a
122.66015625	n/a	0.0	1	62802	n/a
122.67578125	n/a	1.0	2	62810	n/a
122.693359375	n/a	0.0	1	62819	n/a
122.708984375	n/a	1.0	2	62827	n/a
122.7265625	n/a	0.0	1	62836	n/a
122.7421875	n/a	0.0	1	62844	n/a
122.759765625	n/a	1.0	2	62853	n/a
122.775390625	n/a	1.0	2	62861	n/a
122.79296875	n/a	0.0	1	62870	n/a
122.810546875	n/a	0.0	1	62879	n/a
122.826171875	n/a	1.0	2	62887	n/a
122.84375	n/a	1.0	2	62896	n/a
122.859375	n/a	0.0	1	62904	n/a
122.876953125	n/a	1.0	2	62913	n/a
122.892578125	n/a	0.0	1	62921	n/a
122.91015625	n/a	0.0	1	62930	n/a
122.92578125	n/a	1.0	2	62938	n/a
122.943359375	n/a	1.0	2	62947	n/a
122.958984375	n/a	0.0	1	62955	n/a
122.9765625	n/a	1.0	2	62964	n/a
122.9921875	n/a	0.0	1	62972	n/a
123.009765625	n/a	1.0	2	62981	n/a
123.025390625	n/a	0.0	1	62989	n/a
123.04296875	n/a	0.0	1	62998	n/a
123.060546875	n/a	1.0	2	63007	n/a
123.076171875	n/a	0.0	1	63015	n/a
123.09375	n/a	1.0	2	63024	n/a
123.109375	n/a	0.0	1	63032	n/a
123.126953125	n/a	1.0	2	63041	n/a
123.142578125	n/a	0.0	1	63049	n/a
123.16015625	n/a	1.0	2	63058	n/a
123.17578125	n/a	1.0	2	63066	n/a
123.193359375	n/a	0.0	1	63075	n/a
123.208984375	n/a	1.0	2	63083	n/a
123.2265625	n/a	0.0	1	63092	n/a
123.2421875	n/a	1.0	2	63100	n/a
123.259765625	n/a	0.0	1	63109	n/a
123.275390625	n/a	1.0	2	63117	n/a
123.29296875	n/a	0.0	1	63126	n/a
123.310546875	n/a	0.0	1	63135	n/a
123.326171875	n/a	1.0	2	63143	n/a
123.34375	n/a	0.0	1	63152	n/a
123.359375	n/a	1.0	2	63160	n/a
123.376953125	n/a	1.0	2	63169	n/a
123.392578125	n/a	0.0	1	63177	n/a
123.41015625	n/a	1.0	2	63186	n/a
123.42578125	n/a	0.0	1	63194	n/a
123.443359375	n/a	1.0	2	63203	n/a
123.458984375	n/a	0.0	1	63211	n/a
123.4765625	n/a	1.0	2	63220	n/a
123.4921875	n/a	0.0	1	63228	n/a
123.509765625	n/a	0.0	1	63237	n/a
123.525390625	n/a	1.0	2	63245	n/a
123.54296875	n/a	0.0	1	63254	n/a
123.560546875	n/a	1.0	2	63263	n/a
123.576171875	n/a	1.0	2	63271	n/a
123.59375	n/a	0.0	1	63280	n/a
123.609375	n/a	0.0	1	63288	n/a
123.626953125	n/a	1.0	2	63297	n/a
123.642578125	n/a	1.0	2	63305	n/a
123.66015625	n/a	0.0	1	63314	n/a
123.67578125	n/a	0.0	1	63322	n/a
123.693359375	n/a	1.0	2	63331	n/a
123.708984375	n/a	1.0	2	63339	n/a
123.7265625	n/a	0.0	1	63348	n/a
123.7421875	n/a	0.0	1	63356	n/a
123.759765625	n/a	1.0	2	63365	n/a
123.775390625	n/a	1.0	2	63373	n/a
123.79296875	n/a	0.0	1	63382	n/a
123.810546875	n/a	0.0	1	63391	n/a
123.826171875	n/a	1.0	2	63399	n/a
123.84375	n/a	0.0	1	63408	n/a
123.859375	n/a	1.0	2	63416	n/a
123.876953125	n/a	1.0	2	63425	n/a
123.892578125	n/a	0.0	1	63433	n/a
123.91015625	n/a	0.0	1	63442	n/a
123.92578125	n/a	1.0	2	63450	n/a
123.943359375	n/a	0.0	1	63459	n/a
123.958984375	n/a	1.0	2	63467	n/a
123.9765625	n/a	0.0	1	63476	n/a
123.9921875	n/a	1.0	2	63484	n/a
124.009765625	n/a	1.0	2	63493	n/a
124.025390625	n/a	0.0	1	63501	n/a
124.04296875	n/a	1.0	2	63510	n/a
124.060546875	n/a	0.0	1	63519	n/a
124.076171875	n/a	0.0	1	63527	n/a
124.09375	n/a	1.0	2	63536	n/a
124.109375	n/a	0.0	1	63544	n/a
124.126953125	n/a	1.0	2	63553	n/a
124.142578125	n/a	1.0	2	63561	n/a
124.16015625	n/a	0.0	1	63570	n/a
124.17578125	n/a	0.0	1	63578	n/a
124.193359375	n/a	1.0	2	63587	n/a
124.208984375	n/a	0.0	1	63595	n/a
124.2265625	n/a	1.0	2	63604	n/a
124.2421875	n/a	1.0	2	63612	n/a
124.259765625	n/a	0.0	1	63621	n/a
124.275390625	n/a	0.0	1	63629	n/a
124.29296875	n/a	1.0	2	63638	n/a
124.310546875	n/a	0.0	1	63647	n/a
124.326171875	n/a	1.0	2	63655	n/a
124.34375	n/a	0.0	1	63664	n/a
124.359375	n/a	1.0	2	63672	n/a
124.376953125	n/a	1.0	2	63681	n/a
124.392578125	n/a	0.0	1	63689	n/a
124.41015625	n/a	0.0	1	63698	n/a
124.42578125	n/a	1.0	2	63706	n/a
124.443359375	n/a	0.0	1	63715	n/a
124.458984375	n/a	1.0	2	63723	n/a
124.4765625	n/a	1.0	2	63732	n/a
124.4921875	n/a	0.0	1	63740	n/a
124.509765625	n/a	0.0	1	63749	n/a
124.525390625	n/a	1.0	2	63757	n/a
124.54296875	n/a	0.0	1	63766	n/a
124.560546875	n/a	1.0	2	63775	n/a
124.576171875	n/a	0.0	1	63783	n/a
124.59375	n/a	1.0	2	63792	n/a
124.609375	n/a	1.0	2	63800	n/a
124.626953125	n/a	0.0	1	63809	n/a
124.642578125	n/a	1.0	2	63817	n/a
124.66015625	n/a	0.0	1	63826	n/a
124.67578125	n/a	1.0	2	63834	n/a
124.693359375	n/a	0.0	1	63843	n/a
124.708984375	n/a	1.0	2	63851	n/a
124.7265625	n/a	0.0	1	63860	n/a
124.7421875	n/a	1.0	2	63868	n/a
124.759765625	n/a	0.0	1	63877	n/a
124.775390625	n/a	1.0	2	63885	n/a
124.79296875	n/a	0.0	1	63894	n/a
124.810546875	n/a	1.0	2	63903	n/a
124.826171875	n/a	0.0	1	63911	n/a
124.84375	n/a	0.0	1	63920	n/a
124.859375	n/a	1.0	2	63928	n/a
124.876953125	n/a	1.0	2	63937	n/a
124.892578125	n/a	0.0	1	63945	n/a
124.91015625	n/a	0.0	1	63954	n/a
124.92578125	n/a	1.0	2	63962	n/a
124.943359375	n/a	1.0	2	63971	n/a
124.958984375	n/a	0.0	1	63979	n/a
124.9765625	n/a	1.0	2	63988	n/a
124.9921875	n/a	0.0	1	63996	n/a
125.009765625	n/a	0.0	1	64005	n/a
125.025390625	n/a	1.0	2	64013	n/a
125.04296875	n/a	1.0	2	64022	n/a
125.060546875	n/a	0.0	1	64031	n/a
125.076171875	n/a	1.0	2	64039	n/a
125.09375	n/a	0.0	1	64048	n/a
125.109375	n/a	1.0	2	64056	n/a
125.126953125	n/a	0.0	1	64065	n/a
125.142578125	n/a	0.0	1	64073	n/a
125.16015625	n/a	1.0	2	64082	n/a
125.17578125	n/a	0.0	1	64090	n/a
125.193359375	n/a	1.0	2	64099	n/a
125.208984375	n/a	0.0	1	64107	n/a
125.2265625	n/a	1.0	2	64116	n/a
125.2421875	n/a	0.0	1	64124	n/a
125.259765625	n/a	1.0	2	64133	n/a
125.275390625	n/a	1.0	2	64141	n/a
125.29296875	n/a	0.0	1	64150	n/a
125.310546875	n/a	1.0	2	64159	n/a
125.326171875	n/a	0.0	1	64167	n/a
125.34375	n/a	1.0	2	64176	n/a
125.359375	n/a	0.0	1	64184	n/a
125.376953125	n/a	1.0	2	64193	n/a
125.392578125	n/a	0.0	1	64201	n/a
125.41015625	n/a	0.0	1	64210	n/a
125.42578125	n/a	1.0	2	64218	n/a
125.443359375	n/a	0.0	1	64227	n/a
125.458984375	n/a	1.0	2	64235	n/a
125.4765625	n/a	1.0	2	64244	n/a
125.4921875	n/a	0.0	1	64252	n/a
125.509765625	n/a	1.0	2	64261	n/a
125.525390625	n/a	0.0	1	64269	n/a
125.54296875	n/a	1.0	2	64278	n/a
125.560546875	n/a	0.0	1	64287	n/a
125.576171875	n/a	1.0	2	64295	n/a
125.59375	n/a	0.0	1	64304	n/a
125.609375	n/a	0.0	1	64312	n/a
125.626953125	n/a	1.0	2	64321	n/a
125.642578125	n/a	0.0	1	64329	n/a
125.66015625	n/a	1.0	2	64338	n/a
125.67578125	n/a	1.0	2	64346	n/a
125.693359375	n/a	0.0	1	64355	n/a
125.708984375	n/a	0.0	1	64363	n/a
125.7265625	n/a	1.0	2	64372	n/a
125.7421875	n/a	1.0	2	64380	n/a
125.759765625	n/a	0.0	1	64389	n/a
125.775390625	n/a	0.0	1	64397	n/a
125.79296875	n/a	1.0	2	64406	n/a
125.810546875	n/a	1.0	2	64415	n/a
125.826171875	n/a	0.0	1	64423	n/a
125.84375	n/a	0.0	1	64432	n/a
125.859375	n/a	1.0	2	64440	n/a
125.876953125	n/a	1.0	2	64449	n/a
125.892578125	n/a	0.0	1	64457	n/a
125.91015625	n/a	0.0	1	64466	n/a
125.92578125	n/a	1.0	2	64474	n/a
125.943359375	n/a	0.0	1	64483	n/a
125.958984375	n/a	1.0	2	64491	n/a
125.9765625	n/a	1.0	2	64500	n/a
125.9921875	n/a	0.0	1	64508	n/a
126.009765625	n/a	0.0	1	64517	n/a
126.025390625	n/a	1.0	2	64525	n/a
126.04296875	n/a	0.0	1	64534	n/a
126.060546875	n/a	1.0	2	64543	n/a
126.076171875	n/a	0.0	1	64551	n/a
126.09375	n/a	1.0	2	64560	n/a
126.109375	n/a	1.0	2	64568	n/a
126.126953125	n/a	0.0	1	64577	n/a
126.142578125	n/a	1.0	2	64585	n/a
126.16015625	n/a	0.0	1	64594	n/a
126.17578125	n/a	0.0	1	64602	n/a
126.193359375	n/a	1.0	2	64611	n/a
126.208984375	n/a	0.0	1	64619	n/a
126.2265625	n/a	1.0	2	64628	n/a
126.2421875	n/a	1.0	2	64636	n/a
126.259765625	n/a	0.0	1	64645	n/a
126.275390625	n/a	0.0	1	64653	n/a
126.29296875	n/a	1.0	2	64662	n/a
126.310546875	n/a	0.0	1	64671	n/a
126.326171875	n/a	1.0	2	64679	n/a
126.34375	n/a	1.0	2	64688	n/a
126.359375	n/a	0.0	1	64696	n/a
126.376953125	n/a	0.0	1	64705	n/a
126.392578125	n/a	1.0	2	64713	n/a
126.41015625	n/a	0.0	1	64722	n/a
126.42578125	n/a	1.0	2	64730	n/a
126.443359375	n/a	0.0	1	64739	n/a
126.458984375	n/a	1.0	2	64747	n/a
126.4765625	n/a	1.0	2	64756	n/a
126.4921875	n/a	0.0	1	64764	n/a
126.509765625	n/a	0.0	1	64773	n/a
126.525390625	n/a	1.0	2	64781	n/a
126.54296875	n/a	0.0	1	64790	n/a
126.560546875	n/a	1.0	2	64799	n/a
126.576171875	n/a	1.0	2	64807	n/a
126.59375	n/a	0.0	1	64816	n/a
126.609375	n/a	0.0	1	64824	n/a
126.626953125	n/a	1.0	2	64833	n/a
126.642578125	n/a	0.0	1	64841	n/a
126.66015625	n/a	1.0	2	64850	n/a
126.67578125	n/a	0.0	1	64858	n/a
126.693359375	n/a	1.0	2	64867	n/a
126.708984375	n/a	1.0	2	64875	n/a
126.7265625	n/a	0.0	1	64884	n/a
126.7421875	n/a	1.0	2	64892	n/a
126.759765625	n/a	0.0	1	64901	n/a
126.775390625	n/a	1.0	2	64909	n/a
126.79296875	n/a	0.0	1	64918	n/a
126.810546875	n/a	1.0	2	64927	n/a
126.826171875	n/a	0.0	1	64935	n/a
126.84375	n/a	1.0	2	64944	n/a
126.859375	n/a	0.0	1	64952	n/a
126.876953125	n/a	1.0	2	64961	n/a
126.892578125	n/a	0.0	1	64969	n/a
126.91015625	n/a	1.0	2	64978	n/a
126.92578125	n/a	0.0	1	64986	n/a
126.943359375	n/a	0.0	1	64995	n/a
126.958984375	n/a	1.0	2	65003	n/a
126.9765625	n/a	1.0	2	65012	n/a
126.9921875	n/a	0.0	1	65020	n/a
127.009765625	n/a	0.0	1	65029	n/a
127.025390625	n/a	1.0	2	65037	n/a
127.04296875	n/a	1.0	2	65046	n/a
127.060546875	n/a	0.0	1	65055	n/a
127.076171875	n/a	1.0	2	65063	n/a
127.09375	n/a	0.0	1	65072	n/a
127.109375	n/a	0.0	1	65080	n/a
127.126953125	n/a	1.0	2	65089	n/a
127.142578125	n/a	1.0	2	65097	n/a
127.16015625	n/a	0.0	1	65106	n/a
127.17578125	n/a	1.0	2	65114	n/a
127.193359375	n/a	0.0	1	65123	n/a
127.208984375	n/a	1.0	2	65131	n/a
127.2265625	n/a	0.0	1	65140	n/a
127.2421875	n/a	0.0	1	65148	n/a
127.259765625	n/a	1.0	2	65157	n/a
127.275390625	n/a	0.0	1	65165	n/a
127.29296875	n/a	1.0	2	65174	n/a
127.310546875	n/a	0.0	1	65183	n/a
127.326171875	n/a	1.0	2	65191	n/a
127.34375	n/a	0.0	1	65200	n/a
127.359375	n/a	1.0	2	65208	n/a
127.376953125	n/a	1.0	2	65217	n/a
127.392578125	n/a	0.0	1	65225	n/a
127.41015625	n/a	1.0	2	65234	n/a
127.42578125	n/a	0.0	1	65242	n/a
127.443359375	n/a	1.0	2	65251	n/a
127.458984375	n/a	0.0	1	65259	n/a
127.4765625	n/a	1.0	2	65268	n/a
127.4921875	n/a	0.0	1	65276	n/a
127.509765625	n/a	0.0	1	65285	n/a
127.525390625	n/a	1.0	2	65293	n/a
127.54296875	n/a	0.0	1	65302	n/a
127.560546875	n/a	1.0	2	65311	n/a
127.576171875	n/a	1.0	2	65319	n/a
127.59375	n/a	0.0	1	65328	n/a
127.609375	n/a	1.0	2	65336	n/a
127.626953125	n/a	0.0	1	65345	n/a
127.642578125	n/a	1.0	2	65353	n/a
127.66015625	n/a	0.0	1	65362	n/a
127.67578125	n/a	1.0	2	65370	n/a
127.693359375	n/a	0.0	1	65379	n/a
127.708984375	n/a	0.0	1	65387	n/a
127.7265625	n/a	1.0	2	65396	n/a
127.7421875	n/a	0.0	1	65404	n/a
127.759765625	n/a	1.0	2	65413	n/a
127.775390625	n/a	1.0	2	65421	n/a
127.79296875	n/a	0.0	1	65430	n/a
127.810546875	n/a	0.0	1	65439	n/a
127.826171875	n/a	1.0	2	65447	n/a
127.84375	n/a	1.0	2	65456	n/a
127.859375	n/a	0.0	1	65464	n/a
127.876953125	n/a	0.0	1	65473	n/a
127.892578125	n/a	1.0	2	65481	n/a
127.91015625	n/a	1.0	2	65490	n/a
127.92578125	n/a	0.0	1	65498	n/a
127.943359375	n/a	0.0	1	65507	n/a
127.958984375	n/a	1.0	2	65515	n/a
127.9765625	n/a	1.0	2	65524	n/a
127.9921875	n/a	0.0	1	65532	n/a
128.009765625	n/a	0.0	1	65541	n/a
128.025390625	n/a	1.0	2	65549	n/a
128.04296875	n/a	0.0	1	65558	n/a
128.060546875	n/a	1.0	2	65567	n/a
128.076171875	n/a	1.0	2	65575	n/a
128.09375	n/a	0.0	1	65584	n/a
128.109375	n/a	0.0	1	65592	n/a
128.126953125	n/a	1.0	2	65601	n/a
128.142578125	n/a	0.0	1	65609	n/a
128.16015625	n/a	1.0	2	65618	n/a
128.17578125	n/a	0.0	1	65626	n/a
128.193359375	n/a	1.0	2	65635	n/a
128.208984375	n/a	1.0	2	65643	n/a
128.2265625	n/a	0.0	1	65652	n/a
128.2421875	n/a	1.0	2	65660	n/a
128.259765625	n/a	0.0	1	65669	n/a
128.275390625	n/a	0.0	1	65677	n/a
128.29296875	n/a	1.0	2	65686	n/a
128.310546875	n/a	0.0	1	65695	n/a
128.326171875	n/a	1.0	2	65703	n/a
128.34375	n/a	1.0	2	65712	n/a
128.359375	n/a	0.0	1	65720	n/a
128.376953125	n/a	0.0	1	65729	n/a
128.392578125	n/a	1.0	2	65737	n/a
128.41015625	n/a	0.0	1	65746	n/a
128.42578125	n/a	1.0	2	65754	n/a
128.443359375	n/a	1.0	2	65763	n/a
128.458984375	n/a	0.0	1	65771	n/a
128.4765625	n/a	0.0	1	65780	n/a
128.4921875	n/a	1.0	2	65788	n/a
128.509765625	n/a	0.0	1	65797	n/a
128.525390625	n/a	1.0	2	65805	n/a
128.54296875	n/a	0.0	1	65814	n/a
128.560546875	n/a	1.0	2	65823	n/a
128.576171875	n/a	1.0	2	65831	n/a
128.59375	n/a	0.0	1	65840	n/a
128.609375	n/a	0.0	1	65848	n/a
128.626953125	n/a	1.0	2	65857	n/a
128.642578125	n/a	0.0	1	65865	n/a
128.66015625	n/a	1.0	2	65874	n/a
128.67578125	n/a	1.0	2	65882	n/a
128.693359375	n/a	0.0	1	65891	n/a
128.708984375	n/a	0.0	1	65899	n/a
128.7265625	n/a	1.0	2	65908	n/a
128.7421875	n/a	0.0	1	65916	n/a
128.759765625	n/a	1.0	2	65925	n/a
128.775390625	n/a	0.0	1	65933	n/a
128.79296875	n/a	1.0	2	65942	n/a
128.810546875	n/a	1.0	2	65951	n/a
128.826171875	n/a	0.0	1	65959	n/a
128.84375	n/a	1.0	2	65968	n/a
128.859375	n/a	0.0	1	65976	n/a
128.876953125	n/a	1.0	2	65985	n/a
128.892578125	n/a	0.0	1	65993	n/a
128.91015625	n/a	1.0	2	66002	n/a
128.92578125	n/a	0.0	1	66010	n/a
128.943359375	n/a	1.0	2	66019	n/a
128.958984375	n/a	0.0	1	66027	n/a
128.9765625	n/a	1.0	2	66036	n/a
128.9921875	n/a	0.0	1	66044	n/a
129.009765625	n/a	1.0	2	66053	n/a
129.025390625	n/a	0.0	1	66061	n/a
129.04296875	n/a	0.0	1	66070	n/a
129.060546875	n/a	1.0	2	66079	n/a
129.076171875	n/a	1.0	2	66087	n/a
129.09375	n/a	0.0	1	66096	n/a
129.109375	n/a	0.0	1	66104	n/a
129.126953125	n/a	1.0	2	66113	n/a
129.142578125	n/a	1.0	2	66121	n/a
129.16015625	n/a	0.0	1	66130	n/a
129.17578125	n/a	1.0	2	66138	n/a
129.193359375	n/a	0.0	1	66147	n/a
129.208984375	n/a	0.0	1	66155	n/a
129.2265625	n/a	1.0	2	66164	n/a
129.2421875	n/a	1.0	2	66172	n/a
129.259765625	n/a	0.0	1	66181	n/a
129.275390625	n/a	1.0	2	66189	n/a
129.29296875	n/a	0.0	1	66198	n/a
129.310546875	n/a	1.0	2	66207	n/a
129.326171875	n/a	0.0	1	66215	n/a
129.34375	n/a	0.0	1	66224	n/a
129.359375	n/a	1.0	2	66232	n/a
129.376953125	n/a	0.0	1	66241	n/a
129.392578125	n/a	1.0	2	66249	n/a
129.41015625	n/a	0.0	1	66258	n/a
129.42578125	n/a	1.0	2	66266	n/a
129.443359375	n/a	0.0	1	66275	n/a
129.458984375	n/a	1.0	2	66283	n/a
129.4765625	n/a	1.0	2	66292	n/a
129.4921875	n/a	0.0	1	66300	n/a
129.509765625	n/a	1.0	2	66309	n/a
129.525390625	n/a	0.0	1	66317	n/a
129.54296875	n/a	1.0	2	66326	n/a
129.560546875	n/a	0.0	1	66335	n/a
129.576171875	n/a	1.0	2	66343	n/a
129.59375	n/a	0.0	1	66352	n/a
129.609375	n/a	0.0	1	66360	n/a
129.626953125	n/a	1.0	2	66369	n/a
129.642578125	n/a	0.0	1	66377	n/a
129.66015625	n/a	1.0	2	66386	n/a
129.67578125	n/a	1.0	2	66394	n/a
129.693359375	n/a	0.0	1	66403	n/a
129.708984375	n/a	1.0	2	66411	n/a
129.7265625	n/a	0.0	1	66420	n/a
129.7421875	n/a	1.0	2	66428	n/a
129.759765625	n/a	0.0	1	66437	n/a
129.775390625	n/a	1.0	2	66445	n/a
129.79296875	n/a	0.0	1	66454	n/a
129.810546875	n/a	0.0	1	66463	n/a
129.826171875	n/a	1.0	2	66471	n/a
129.84375	n/a	0.0	1	66480	n/a
129.859375	n/a	1.0	2	66488	n/a
129.876953125	n/a	1.0	2	66497	n/a
129.892578125	n/a	0.0	1	66505	n/a
129.91015625	n/a	0.0	1	66514	n/a
129.92578125	n/a	1.0	2	66522	n/a
129.943359375	n/a	1.0	2	66531	n/a
129.958984375	n/a	0.0	1	66539	n/a
129.9765625	n/a	0.0	1	66548	n/a
129.9921875	n/a	1.0	2	66556	n/a
130.009765625	n/a	1.0	2	66565	n/a
130.025390625	n/a	0.0	1	66573	n/a
130.04296875	n/a	0.0	1	66582	n/a
130.060546875	n/a	1.0	2	66591	n/a
130.076171875	n/a	1.0	2	66599	n/a
130.09375	n/a	0.0	1	66608	n/a
130.109375	n/a	0.0	1	66616	n/a
130.126953125	n/a	1.0	2	66625	n/a
130.142578125	n/a	0.0	1	66633	n/a
130.16015625	n/a	1.0	2	66642	n/a
130.17578125	n/a	1.0	2	66650	n/a
130.193359375	n/a	0.0	1	66659	n/a
130.208984375	n/a	0.0	1	66667	n/a
130.2265625	n/a	1.0	2	66676	n/a
130.2421875	n/a	0.0	1	66684	n/a
130.259765625	n/a	1.0	2	66693	n/a
130.275390625	n/a	0.0	1	66701	n/a
130.29296875	n/a	1.0	2	66710	n/a
130.310546875	n/a	1.0	2	66719	n/a
130.326171875	n/a	0.0	1	66727	n/a
130.34375	n/a	1.0	2	66736	n/a
130.359375	n/a	0.0	1	66744	n/a
130.376953125	n/a	0.0	1	66753	n/a
130.392578125	n/a	1.0	2	66761	n/a
130.41015625	n/a	0.0	1	66770	n/a
130.42578125	n/a	1.0	2	66778	n/a
130.443359375	n/a	1.0	2	66787	n/a
130.458984375	n/a	0.0	1	66795	n/a
130.4765625	n/a	0.0	1	66804	n/a
130.4921875	n/a	1.0	2	66812	n/a
130.509765625	n/a	0.0	1	66821	n/a
130.525390625	n/a	1.0	2	66829	n/a
130.54296875	n/a	1.0	2	66838	n/a
130.560546875	n/a	0.0	1	66847	n/a
130.576171875	n/a	0.0	1	66855	n/a
130.59375	n/a	1.0	2	66864	n/a
130.609375	n/a	0.0	1	66872	n/a
130.626953125	n/a	1.0	2	66881	n/a
130.642578125	n/a	0.0	1	66889	n/a
130.66015625	n/a	1.0	2	66898	n/a
130.67578125	n/a	1.0	2	66906	n/a
130.693359375	n/a	0.0	1	66915	n/a
130.708984375	n/a	0.0	1	66923	n/a
130.7265625	n/a	1.0	2	66932	n/a
130.7421875	n/a	0.0	1	66940	n/a
130.759765625	n/a	1.0	2	66949	n/a
130.775390625	n/a	1.0	2	66957	n/a
130.79296875	n/a	0.0	1	66966	n/a
130.810546875	n/a	0.0	1	66975	n/a
130.826171875	n/a	1.0	2	66983	n/a
130.84375	n/a	0.0	1	66992	n/a
130.859375	n/a	1.0	2	67000	n/a
130.876953125	n/a	0.0	1	67009	n/a
130.892578125	n/a	1.0	2	67017	n/a
130.91015625	n/a	1.0	2	67026	n/a
130.92578125	n/a	0.0	1	67034	n/a
130.943359375	n/a	1.0	2	67043	n/a
130.958984375	n/a	0.0	1	67051	n/a
130.9765625	n/a	1.0	2	67060	n/a
130.9921875	n/a	0.0	1	67068	n/a
131.009765625	n/a	1.0	2	67077	n/a
131.025390625	n/a	0.0	1	67085	n/a
131.04296875	n/a	1.0	2	67094	n/a
131.060546875	n/a	0.0	1	67103	n/a
131.076171875	n/a	1.0	2	67111	n/a
131.09375	n/a	0.0	1	67120	n/a
131.109375	n/a	1.0	2	67128	n/a
131.126953125	n/a	0.0	1	67137	n/a
131.142578125	n/a	0.0	1	67145	n/a
131.16015625	n/a	1.0	2	67154	n/a
131.17578125	n/a	1.0	2	67162	n/a
131.193359375	n/a	0.0	1	67171	n/a
131.208984375	n/a	0.0	1	67179	n/a
131.2265625	n/a	1.0	2	67188	n/a
131.2421875	n/a	1.0	2	67196	n/a
131.259765625	n/a	0.0	1	67205	n/a
131.275390625	n/a	1.0	2	67213	n/a
131.29296875	n/a	0.0	1	67222	n/a
131.310546875	n/a	0.0	1	67231	n/a
131.326171875	n/a	1.0	2	67239	n/a
131.34375	n/a	1.0	2	67248	n/a
131.359375	n/a	0.0	1	67256	n/a
131.376953125	n/a	1.0	2	67265	n/a
131.392578125	n/a	0.0	1	67273	n/a
131.41015625	n/a	1.0	2	67282	n/a
131.42578125	n/a	0.0	1	67290	n/a
131.443359375	n/a	0.0	1	67299	n/a
131.458984375	n/a	1.0	2	67307	n/a
131.4765625	n/a	0.0	1	67316	n/a
131.4921875	n/a	1.0	2	67324	n/a
131.509765625	n/a	0.0	1	67333	n/a
131.525390625	n/a	1.0	2	67341	n/a
131.54296875	n/a	0.0	1	67350	n/a
131.560546875	n/a	1.0	2	67359	n/a
131.576171875	n/a	1.0	2	67367	n/a
131.59375	n/a	0.0	1	67376	n/a
131.609375	n/a	1.0	2	67384	n/a
131.626953125	n/a	0.0	1	67393	n/a
131.642578125	n/a	1.0	2	67401	n/a
131.66015625	n/a	0.0	1	67410	n/a
131.67578125	n/a	1.0	2	67418	n/a
131.693359375	n/a	0.0	1	67427	n/a
131.708984375	n/a	0.0	1	67435	n/a
131.7265625	n/a	1.0	2	67444	n/a
131.7421875	n/a	0.0	1	67452	n/a
131.759765625	n/a	1.0	2	67461	n/a
131.775390625	n/a	1.0	2	67469	n/a
131.79296875	n/a	0.0	1	67478	n/a
131.810546875	n/a	1.0	2	67487	n/a
131.826171875	n/a	0.0	1	67495	n/a
131.84375	n/a	1.0	2	67504	n/a
131.859375	n/a	0.0	1	67512	n/a
131.876953125	n/a	1.0	2	67521	n/a
131.892578125	n/a	0.0	1	67529	n/a
131.91015625	n/a	0.0	1	67538	n/a
131.92578125	n/a	1.0	2	67546	n/a
131.943359375	n/a	0.0	1	67555	n/a
131.958984375	n/a	1.0	2	67563	n/a
131.9765625	n/a	1.0	2	67572	n/a
131.9921875	n/a	0.0	1	67580	n/a
132.009765625	n/a	0.0	1	67589	n/a
132.025390625	n/a	1.0	2	67597	n/a
132.04296875	n/a	1.0	2	67606	n/a
132.060546875	n/a	0.0	1	67615	n/a
132.076171875	n/a	0.0	1	67623	n/a
132.09375	n/a	1.0	2	67632	n/a
132.109375	n/a	1.0	2	67640	n/a
132.126953125	n/a	0.0	1	67649	n/a
132.142578125	n/a	0.0	1	67657	n/a
132.16015625	n/a	1.0	2	67666	n/a
132.17578125	n/a	1.0	2	67674	n/a
132.193359375	n/a	0.0	1	67683	n/a
132.208984375	n/a	0.0	1	67691	n/a
132.2265625	n/a	1.0	2	67700	n/a
132.2421875	n/a	0.0	1	67708	n/a
132.259765625	n/a	1.0	2	67717	n/a
132.275390625	n/a	1.0	2	67725	n/a
132.29296875	n/a	0.0	1	67734	n/a
132.310546875	n/a	0.0	1	67743	n/a
132.326171875	n/a	1.0	2	67751	n/a
132.34375	n/a	0.0	1	67760	n/a
132.359375	n/a	1.0	2	67768	n/a
132.376953125	n/a	0.0	1	67777	n/a
132.392578125	n/a	1.0	2	67785	n/a
132.41015625	n/a	1.0	2	67794	n/a
132.42578125	n/a	0.0	1	67802	n/a
132.443359375	n/a	1.0	2	67811	n/a
132.458984375	n/a	0.0	1	67819	n/a
132.4765625	n/a	0.0	1	67828	n/a
132.4921875	n/a	1.0	2	67836	n/a
132.509765625	n/a	0.0	1	67845	n/a
132.525390625	n/a	1.0	2	67853	n/a
132.54296875	n/a	1.0	2	67862	n/a
132.560546875	n/a	0.0	1	67871	n/a
132.576171875	n/a	0.0	1	67879	n/a
132.59375	n/a	1.0	2	67888	n/a
132.609375	n/a	0.0	1	67896	n/a
132.626953125	n/a	1.0	2	67905	n/a
132.642578125	n/a	1.0	2	67913	n/a
132.66015625	n/a	0.0	1	67922	n/a
132.67578125	n/a	0.0	1	67930	n/a
132.693359375	n/a	1.0	2	67939	n/a
132.708984375	n/a	0.0	1	67947	n/a
132.7265625	n/a	1.0	2	67956	n/a
132.7421875	n/a	0.0	1	67964	n/a
132.759765625	n/a	1.0	2	67973	n/a
132.775390625	n/a	1.0	2	67981	n/a
132.79296875	n/a	0.0	1	67990	n/a
132.810546875	n/a	0.0	1	67999	n/a
132.826171875	n/a	1.0	2	68007	n/a
132.84375	n/a	0.0	1	68016	n/a
132.859375	n/a	1.0	2	68024	n/a
132.876953125	n/a	1.0	2	68033	n/a
132.892578125	n/a	0.0	1	68041	n/a
132.91015625	n/a	0.0	1	68050	n/a
132.92578125	n/a	1.0	2	68058	n/a
132.943359375	n/a	0.0	1	68067	n/a
132.958984375	n/a	1.0	2	68075	n/a
132.9765625	n/a	0.0	1	68084	n/a
132.9921875	n/a	1.0	2	68092	n/a
133.009765625	n/a	1.0	2	68101	n/a
133.025390625	n/a	0.0	1	68109	n/a
133.04296875	n/a	1.0	2	68118	n/a
133.060546875	n/a	0.0	1	68127	n/a
133.076171875	n/a	1.0	2	68135	n/a
133.09375	n/a	0.0	1	68144	n/a
133.109375	n/a	1.0	2	68152	n/a
133.126953125	n/a	0.0	1	68161	n/a
133.142578125	n/a	1.0	2	68169	n/a
133.16015625	n/a	0.0	1	68178	n/a
133.17578125	n/a	1.0	2	68186	n/a
133.193359375	n/a	0.0	1	68195	n/a
133.208984375	n/a	1.0	2	68203	n/a
133.2265625	n/a	0.0	1	68212	n/a
133.2421875	n/a	0.0	1	68220	n/a
133.259765625	n/a	1.0	2	68229	n/a
133.275390625	n/a	1.0	2	68237	n/a
133.29296875	n/a	0.0	1	68246	n/a
133.310546875	n/a	0.0	1	68255	n/a
133.326171875	n/a	1.0	2	68263	n/a
133.34375	n/a	1.0	2	68272	n/a
133.359375	n/a	0.0	1	68280	n/a
133.376953125	n/a	1.0	2	68289	n/a
133.392578125	n/a	0.0	1	68297	n/a
133.41015625	n/a	0.0	1	68306	n/a
133.42578125	n/a	1.0	2	68314	n/a
133.443359375	n/a	1.0	2	68323	n/a
133.458984375	n/a	0.0	1	68331	n/a
133.4765625	n/a	1.0	2	68340	n/a
133.4921875	n/a	0.0	1	68348	n/a
133.509765625	n/a	1.0	2	68357	n/a
133.525390625	n/a	0.0	1	68365	n/a
133.54296875	n/a	0.0	1	68374	n/a
133.560546875	n/a	1.0	2	68383	n/a
133.576171875	n/a	0.0	1	68391	n/a
133.59375	n/a	1.0	2	68400	n/a
133.609375	n/a	0.0	1	68408	n/a
133.626953125	n/a	1.0	2	68417	n/a
133.642578125	n/a	0.0	1	68425	n/a
133.66015625	n/a	1.0	2	68434	n/a
133.67578125	n/a	1.0	2	68442	n/a
133.693359375	n/a	0.0	1	68451	n/a
133.708984375	n/a	1.0	2	68459	n/a
133.7265625	n/a	0.0	1	68468	n/a
133.7421875	n/a	1.0	2	68476	n/a
133.759765625	n/a	0.0	1	68485	n/a
133.775390625	n/a	1.0	2	68493	n/a
133.79296875	n/a	0.0	1	68502	n/a
133.810546875	n/a	0.0	1	68511	n/a
133.826171875	n/a	1.0	2	68519	n/a
133.84375	n/a	0.0	1	68528	n/a
133.859375	n/a	1.0	2	68536	n/a
133.876953125	n/a	1.0	2	68545	n/a
133.892578125	n/a	0.0	1	68553	n/a
133.91015625	n/a	1.0	2	68562	n/a
133.92578125	n/a	0.0	1	68570	n/a
133.943359375	n/a	1.0	2	68579	n/a
133.958984375	n/a	0.0	1	68587	n/a
133.9765625	n/a	1.0	2	68596	n/a
133.9921875	n/a	0.0	1	68604	n/a
134.009765625	n/a	0.0	1	68613	n/a
134.025390625	n/a	1.0	2	68621	n/a
134.04296875	n/a	0.0	1	68630	n/a
134.060546875	n/a	1.0	2	68639	n/a
134.076171875	n/a	1.0	2	68647	n/a
134.09375	n/a	0.0	1	68656	n/a
134.109375	n/a	0.0	1	68664	n/a
134.126953125	n/a	1.0	2	68673	n/a
134.142578125	n/a	1.0	2	68681	n/a
134.16015625	n/a	0.0	1	68690	n/a
134.17578125	n/a	0.0	1	68698	n/a
134.193359375	n/a	1.0	2	68707	n/a
134.208984375	n/a	1.0	2	68715	n/a
134.2265625	n/a	0.0	1	68724	n/a
134.2421875	n/a	0.0	1	68732	n/a
134.259765625	n/a	1.0	2	68741	n/a
134.275390625	n/a	1.0	2	68749	n/a
134.29296875	n/a	0.0	1	68758	n/a
134.310546875	n/a	0.0	1	68767	n/a
134.326171875	n/a	1.0	2	68775	n/a
134.34375	n/a	0.0	1	68784	n/a
134.359375	n/a	1.0	2	68792	n/a
134.376953125	n/a	1.0	2	68801	n/a
134.392578125	n/a	0.0	1	68809	n/a
134.41015625	n/a	0.0	1	68818	n/a
134.42578125	n/a	1.0	2	68826	n/a
134.443359375	n/a	0.0	1	68835	n/a
134.458984375	n/a	1.0	2	68843	n/a
134.4765625	n/a	0.0	1	68852	n/a
134.4921875	n/a	1.0	2	68860	n/a
134.509765625	n/a	1.0	2	68869	n/a
134.525390625	n/a	0.0	1	68877	n/a
134.54296875	n/a	1.0	2	68886	n/a
134.560546875	n/a	0.0	1	68895	n/a
134.576171875	n/a	0.0	1	68903	n/a
134.59375	n/a	1.0	2	68912	n/a
134.609375	n/a	0.0	1	68920	n/a
134.626953125	n/a	1.0	2	68929	n/a
134.642578125	n/a	1.0	2	68937	n/a
134.66015625	n/a	0.0	1	68946	n/a
134.67578125	n/a	0.0	1	68954	n/a
134.693359375	n/a	1.0	2	68963	n/a
134.708984375	n/a	0.0	1	68971	n/a
134.7265625	n/a	1.0	2	68980	n/a
134.7421875	n/a	1.0	2	68988	n/a
134.759765625	n/a	0.0	1	68997	n/a
134.775390625	n/a	0.0	1	69005	n/a
134.79296875	n/a	1.0	2	69014	n/a
134.810546875	n/a	0.0	1	69023	n/a
134.826171875	n/a	1.0	2	69031	n/a
134.84375	n/a	0.0	1	69040	n/a
134.859375	n/a	1.0	2	69048	n/a
134.876953125	n/a	1.0	2	69057	n/a
134.892578125	n/a	0.0	1	69065	n/a
134.91015625	n/a	0.0	1	69074	n/a
134.92578125	n/a	1.0	2	69082	n/a
134.943359375	n/a	0.0	1	69091	n/a
134.958984375	n/a	1.0	2	69099	n/a
134.9765625	n/a	1.0	2	69108	n/a
134.9921875	n/a	0.0	1	69116	n/a
135.009765625	n/a	0.0	1	69125	n/a
135.025390625	n/a	1.0	2	69133	n/a
135.04296875	n/a	0.0	1	69142	n/a
135.060546875	n/a	1.0	2	69151	n/a
135.076171875	n/a	0.0	1	69159	n/a
135.09375	n/a	1.0	2	69168	n/a
135.109375	n/a	1.0	2	69176	n/a
135.126953125	n/a	0.0	1	69185	n/a
135.142578125	n/a	1.0	2	69193	n/a
135.16015625	n/a	0.0	1	69202	n/a
135.17578125	n/a	1.0	2	69210	n/a
135.193359375	n/a	0.0	1	69219	n/a
135.208984375	n/a	1.0	2	69227	n/a
135.2265625	n/a	0.0	1	69236	n/a
135.2421875	n/a	1.0	2	69244	n/a
135.259765625	n/a	0.0	1	69253	n/a
135.275390625	n/a	1.0	2	69261	n/a
135.29296875	n/a	0.0	1	69270	n/a
135.310546875	n/a	1.0	2	69279	n/a
135.326171875	n/a	0.0	1	69287	n/a
135.34375	n/a	0.0	1	69296	n/a
135.359375	n/a	1.0	2	69304	n/a
135.376953125	n/a	1.0	2	69313	n/a
135.392578125	n/a	0.0	1	69321	n/a
135.41015625	n/a	0.0	1	69330	n/a
135.42578125	n/a	1.0	2	69338	n/a
135.443359375	n/a	1.0	2	69347	n/a
135.458984375	n/a	0.0	1	69355	n/a
135.4765625	n/a	1.0	2	69364	n/a
135.4921875	n/a	0.0	1	69372	n/a
135.509765625	n/a	0.0	1	69381	n/a
135.525390625	n/a	1.0	2	69389	n/a
135.54296875	n/a	1.0	2	69398	n/a
135.560546875	n/a	0.0	1	69407	n/a
135.576171875	n/a	1.0	2	69415	n/a
135.59375	n/a	0.0	1	69424	n/a
135.609375	n/a	1.0	2	69432	n/a
135.626953125	n/a	0.0	1	69441	n/a
135.642578125	n/a	0.0	1	69449	n/a
135.66015625	n/a	1.0	2	69458	n/a
135.67578125	n/a	0.0	1	69466	n/a
135.693359375	n/a	1.0	2	69475	n/a
135.708984375	n/a	0.0	1	69483	n/a
135.7265625	n/a	1.0	2	69492	n/a
135.7421875	n/a	0.0	1	69500	n/a
135.759765625	n/a	1.0	2	69509	n/a
135.775390625	n/a	1.0	2	69517	n/a
135.79296875	n/a	0.0	1	69526	n/a
135.810546875	n/a	1.0	2	69535	n/a
135.826171875	n/a	0.0	1	69543	n/a
135.84375	n/a	1.0	2	69552	n/a
135.859375	n/a	0.0	1	69560	n/a
135.876953125	n/a	1.0	2	69569	n/a
135.892578125	n/a	0.0	1	69577	n/a
135.91015625	n/a	0.0	1	69586	n/a
135.92578125	n/a	1.0	2	69594	n/a
135.943359375	n/a	0.0	1	69603	n/a
135.958984375	n/a	1.0	2	69611	n/a
135.9765625	n/a	1.0	2	69620	n/a
135.9921875	n/a	0.0	1	69628	n/a
136.009765625	n/a	1.0	2	69637	n/a
136.025390625	n/a	0.0	1	69645	n/a
136.04296875	n/a	1.0	2	69654	n/a
136.060546875	n/a	0.0	1	69663	n/a
136.076171875	n/a	1.0	2	69671	n/a
136.09375	n/a	0.0	1	69680	n/a
136.109375	n/a	0.0	1	69688	n/a
136.126953125	n/a	1.0	2	69697	n/a
136.142578125	n/a	0.0	1	69705	n/a
136.16015625	n/a	1.0	2	69714	n/a
136.17578125	n/a	1.0	2	69722	n/a
136.193359375	n/a	0.0	1	69731	n/a
136.208984375	n/a	0.0	1	69739	n/a
136.2265625	n/a	1.0	2	69748	n/a
136.2421875	n/a	1.0	2	69756	n/a
136.259765625	n/a	0.0	1	69765	n/a
136.275390625	n/a	0.0	1	69773	n/a
136.29296875	n/a	1.0	2	69782	n/a
136.310546875	n/a	1.0	2	69791	n/a
136.326171875	n/a	0.0	1	69799	n/a
136.34375	n/a	0.0	1	69808	n/a
136.359375	n/a	1.0	2	69816	n/a
136.376953125	n/a	1.0	2	69825	n/a
136.392578125	n/a	0.0	1	69833	n/a
136.41015625	n/a	0.0	1	69842	n/a
136.42578125	n/a	1.0	2	69850	n/a
136.443359375	n/a	0.0	1	69859	n/a
136.458984375	n/a	1.0	2	69867	n/a
136.4765625	n/a	1.0	2	69876	n/a
136.4921875	n/a	0.0	1	69884	n/a
136.509765625	n/a	0.0	1	69893	n/a
136.525390625	n/a	1.0	2	69901	n/a
136.54296875	n/a	0.0	1	69910	n/a
136.560546875	n/a	1.0	2	69919	n/a
136.576171875	n/a	0.0	1	69927	n/a
136.59375	n/a	1.0	2	69936	n/a
136.609375	n/a	1.0	2	69944	n/a
136.626953125	n/a	0.0	1	69953	n/a
136.642578125	n/a	1.0	2	69961	n/a
136.66015625	n/a	0.0	1	69970	n/a
136.67578125	n/a	0.0	1	69978	n/a
136.693359375	n/a	1.0	2	69987	n/a
136.708984375	n/a	0.0	1	69995	n/a
136.7265625	n/a	1.0	2	70004	n/a
136.7421875	n/a	1.0	2	70012	n/a
136.759765625	n/a	0.0	1	70021	n/a
136.775390625	n/a	0.0	1	70029	n/a
136.79296875	n/a	1.0	2	70038	n/a
136.810546875	n/a	0.0	1	70047	n/a
136.826171875	n/a	1.0	2	70055	n/a
136.84375	n/a	1.0	2	70064	n/a
136.859375	n/a	0.0	1	70072	n/a
136.876953125	n/a	0.0	1	70081	n/a
136.892578125	n/a	1.0	2	70089	n/a
136.91015625	n/a	0.0	1	70098	n/a
136.92578125	n/a	1.0	2	70106	n/a
136.943359375	n/a	0.0	1	70115	n/a
136.958984375	n/a	1.0	2	70123	n/a
136.9765625	n/a	1.0	2	70132	n/a
136.9921875	n/a	0.0	1	70140	n/a
137.009765625	n/a	0.0	1	70149	n/a
137.025390625	n/a	1.0	2	70157	n/a
137.04296875	n/a	0.0	1	70166	n/a
137.060546875	n/a	1.0	2	70175	n/a
137.076171875	n/a	1.0	2	70183	n/a
137.09375	n/a	0.0	1	70192	n/a
137.109375	n/a	0.0	1	70200	n/a
137.126953125	n/a	1.0	2	70209	n/a
137.142578125	n/a	0.0	1	70217	n/a
137.16015625	n/a	1.0	2	70226	n/a
137.17578125	n/a	0.0	1	70234	n/a
137.193359375	n/a	1.0	2	70243	n/a
137.208984375	n/a	1.0	2	70251	n/a
137.2265625	n/a	0.0	1	70260	n/a
137.2421875	n/a	1.0	2	70268	n/a
137.259765625	n/a	0.0	1	70277	n/a
137.275390625	n/a	1.0	2	70285	n/a
137.29296875	n/a	0.0	1	70294	n/a
137.310546875	n/a	1.0	2	70303	n/a
137.326171875	n/a	0.0	1	70311	n/a
137.34375	n/a	1.0	2	70320	n/a
137.359375	n/a	0.0	1	70328	n/a
137.376953125	n/a	1.0	2	70337	n/a
137.392578125	n/a	0.0	1	70345	n/a
137.41015625	n/a	1.0	2	70354	n/a
137.42578125	n/a	0.0	1	70362	n/a
137.443359375	n/a	0.0	1	70371	n/a
137.458984375	n/a	1.0	2	70379	n/a
137.4765625	n/a	1.0	2	70388	n/a
137.4921875	n/a	0.0	1	70396	n/a
137.509765625	n/a	0.0	1	70405	n/a
137.525390625	n/a	1.0	2	70413	n/a
137.54296875	n/a	1.0	2	70422	n/a
137.560546875	n/a	0.0	1	70431	n/a
137.576171875	n/a	1.0	2	70439	n/a
137.59375	n/a	0.0	1	70448	n/a
137.609375	n/a	0.0	1	70456	n/a
137.626953125	n/a	1.0	2	70465	n/a
137.642578125	n/a	1.0	2	70473	n/a
137.66015625	n/a	0.0	1	70482	n/a
137.67578125	n/a	1.0	2	70490	n/a
137.693359375	n/a	0.0	1	70499	n/a
137.708984375	n/a	1.0	2	70507	n/a
137.7265625	n/a	0.0	1	70516	n/a
137.7421875	n/a	0.0	1	70524	n/a
137.759765625	n/a	1.0	2	70533	n/a
137.775390625	n/a	0.0	1	70541	n/a
137.79296875	n/a	1.0	2	70550	n/a
137.810546875	n/a	0.0	1	70559	n/a
137.826171875	n/a	1.0	2	70567	n/a
137.84375	n/a	0.0	1	70576	n/a
137.859375	n/a	1.0	2	70584	n/a
137.876953125	n/a	1.0	2	70593	n/a
137.892578125	n/a	0.0	1	70601	n/a
137.91015625	n/a	1.0	2	70610	n/a
137.92578125	n/a	0.0	1	70618	n/a
137.943359375	n/a	1.0	2	70627	n/a
137.958984375	n/a	0.0	1	70635	n/a
137.9765625	n/a	1.0	2	70644	n/a
137.9921875	n/a	0.0	1	70652	n/a
138.009765625	n/a	0.0	1	70661	n/a
138.025390625	n/a	1.0	2	70669	n/a
138.04296875	n/a	0.0	1	70678	n/a
138.060546875	n/a	1.0	2	70687	n/a
138.076171875	n/a	1.0	2	70695	n/a
138.09375	n/a	0.0	1	70704	n/a
138.109375	n/a	1.0	2	70712	n/a
138.126953125	n/a	0.0	1	70721	n/a
138.142578125	n/a	1.0	2	70729	n/a
138.16015625	n/a	0.0	1	70738	n/a
138.17578125	n/a	1.0	2	70746	n/a
138.193359375	n/a	0.0	1	70755	n/a
138.208984375	n/a	0.0	1	70763	n/a
138.2265625	n/a	1.0	2	70772	n/a
138.2421875	n/a	0.0	1	70780	n/a
138.259765625	n/a	1.0	2	70789	n/a
138.275390625	n/a	1.0	2	70797	n/a
138.29296875	n/a	0.0	1	70806	n/a
138.310546875	n/a	0.0	1	70815	n/a
138.326171875	n/a	1.0	2	70823	n/a
138.34375	n/a	1.0	2	70832	n/a
138.359375	n/a	0.0	1	70840	n/a
138.376953125	n/a	0.0	1	70849	n/a
138.392578125	n/a	1.0	2	70857	n/a
138.41015625	n/a	1.0	2	70866	n/a
138.42578125	n/a	0.0	1	70874	n/a
138.443359375	n/a	0.0	1	70883	n/a
138.458984375	n/a	1.0	2	70891	n/a
138.4765625	n/a	1.0	2	70900	n/a
138.4921875	n/a	0.0	1	70908	n/a
138.509765625	n/a	0.0	1	70917	n/a
138.525390625	n/a	1.0	2	70925	n/a
138.54296875	n/a	0.0	1	70934	n/a
138.560546875	n/a	1.0	2	70943	n/a
138.576171875	n/a	1.0	2	70951	n/a
138.59375	n/a	0.0	1	70960	n/a
138.609375	n/a	0.0	1	70968	n/a
138.626953125	n/a	1.0	2	70977	n/a
138.642578125	n/a	0.0	1	70985	n/a
138.66015625	n/a	1.0	2	70994	n/a
138.67578125	n/a	0.0	1	71002	n/a
138.693359375	n/a	1.0	2	71011	n/a
138.708984375	n/a	1.0	2	71019	n/a
138.7265625	n/a	0.0	1	71028	n/a
138.7421875	n/a	1.0	2	71036	n/a
138.759765625	n/a	0.0	1	71045	n/a
138.775390625	n/a	0.0	1	71053	n/a
138.79296875	n/a	1.0	2	71062	n/a
138.810546875	n/a	0.0	1	71071	n/a
138.826171875	n/a	1.0	2	71079	n/a
138.84375	n/a	1.0	2	71088	n/a
138.859375	n/a	0.0	1	71096	n/a
138.876953125	n/a	0.0	1	71105	n/a
138.892578125	n/a	1.0	2	71113	n/a
138.91015625	n/a	0.0	1	71122	n/a
138.92578125	n/a	1.0	2	71130	n/a
138.943359375	n/a	1.0	2	71139	n/a
138.958984375	n/a	0.0	1	71147	n/a
138.9765625	n/a	0.0	1	71156	n/a
138.9921875	n/a	1.0	2	71164	n/a
139.009765625	n/a	0.0	1	71173	n/a
139.025390625	n/a	1.0	2	71181	n/a
139.04296875	n/a	0.0	1	71190	n/a
139.060546875	n/a	1.0	2	71199	n/a
139.076171875	n/a	1.0	2	71207	n/a
139.09375	n/a	0.0	1	71216	n/a
139.109375	n/a	0.0	1	71224	n/a
139.126953125	n/a	1.0	2	71233	n/a
139.142578125	n/a	0.0	1	71241	n/a
139.16015625	n/a	1.0	2	71250	n/a
139.17578125	n/a	1.0	2	71258	n/a
139.193359375	n/a	0.0	1	71267	n/a
139.208984375	n/a	0.0	1	71275	n/a
139.2265625	n/a	1.0	2	71284	n/a
139.2421875	n/a	0.0	1	71292	n/a
139.259765625	n/a	1.0	2	71301	n/a
139.275390625	n/a	0.0	1	71309	n/a
139.29296875	n/a	1.0	2	71318	n/a
139.310546875	n/a	1.0	2	71327	n/a
139.326171875	n/a	0.0	1	71335	n/a
139.34375	n/a	1.0	2	71344	n/a
139.359375	n/a	0.0	1	71352	n/a
139.376953125	n/a	1.0	2	71361	n/a
139.392578125	n/a	0.0	1	71369	n/a
139.41015625	n/a	1.0	2	71378	n/a
139.42578125	n/a	0.0	1	71386	n/a
139.443359375	n/a	1.0	2	71395	n/a
139.458984375	n/a	0.0	1	71403	n/a
139.4765625	n/a	1.0	2	71412	n/a
139.4921875	n/a	0.0	1	71420	n/a
139.509765625	n/a	1.0	2	71429	n/a
139.525390625	n/a	0.0	1	71437	n/a
139.54296875	n/a	0.0	1	71446	n/a
139.560546875	n/a	1.0	2	71455	n/a
139.576171875	n/a	1.0	2	71463	n/a
139.59375	n/a	0.0	1	71472	n/a
139.609375	n/a	0.0	1	71480	n/a
139.626953125	n/a	1.0	2	71489	n/a
139.642578125	n/a	1.0	2	71497	n/a
139.66015625	n/a	0.0	1	71506	n/a
139.67578125	n/a	1.0	2	71514	n/a
139.693359375	n/a	0.0	1	71523	n/a
139.708984375	n/a	0.0	1	71531	n/a
139.7265625	n/a	1.0	2	71540	n/a
139.7421875	n/a	1.0	2	71548	n/a
139.759765625	n/a	0.0	1	71557	n/a
139.775390625	n/a	1.0	2	71565	n/a
139.79296875	n/a	0.0	1	71574	n/a
139.810546875	n/a	1.0	2	71583	n/a
139.826171875	n/a	0.0	1	71591	n/a
139.84375	n/a	0.0	1	71600	n/a
139.859375	n/a	1.0	2	71608	n/a
139.876953125	n/a	0.0	1	71617	n/a
139.892578125	n/a	1.0	2	71625	n/a
139.91015625	n/a	0.0	1	71634	n/a
139.92578125	n/a	1.0	2	71642	n/a
139.943359375	n/a	0.0	1	71651	n/a
139.958984375	n/a	1.0	2	71659	n/a
139.9765625	n/a	1.0	2	71668	n/a
139.9921875	n/a	0.0	1	71676	n/a
140.009765625	n/a	1.0	2	71685	n/a
140.025390625	n/a	0.0	1	71693	n/a
140.04296875	n/a	1.0	2	71702	n/a
140.060546875	n/a	0.0	1	71711	n/a
140.076171875	n/a	1.0	2	71719	n/a
140.09375	n/a	0.0	1	71728	n/a
140.109375	n/a	0.0	1	71736	n/a
140.126953125	n/a	1.0	2	71745	n/a
140.142578125	n/a	0.0	1	71753	n/a
140.16015625	n/a	1.0	2	71762	n/a
140.17578125	n/a	1.0	2	71770	n/a
140.193359375	n/a	0.0	1	71779	n/a
140.208984375	n/a	1.0	2	71787	n/a
140.2265625	n/a	0.0	1	71796	n/a
140.2421875	n/a	1.0	2	71804	n/a
140.259765625	n/a	0.0	1	71813	n/a
140.275390625	n/a	1.0	2	71821	n/a
140.29296875	n/a	0.0	1	71830	n/a
140.310546875	n/a	0.0	1	71839	n/a
140.326171875	n/a	1.0	2	71847	n/a
140.34375	n/a	0.0	1	71856	n/a
140.359375	n/a	1.0	2	71864	n/a
140.376953125	n/a	1.0	2	71873	n/a
140.392578125	n/a	0.0	1	71881	n/a
140.41015625	n/a	0.0	1	71890	n/a
140.42578125	n/a	1.0	2	71898	n/a
140.443359375	n/a	1.0	2	71907	n/a
140.458984375	n/a	0.0	1	71915	n/a
140.4765625	n/a	0.0	1	71924	n/a
140.4921875	n/a	1.0	2	71932	n/a
140.509765625	n/a	1.0	2	71941	n/a
140.525390625	n/a	0.0	1	71949	n/a
140.54296875	n/a	0.0	1	71958	n/a
140.560546875	n/a	1.0	2	71967	n/a
140.576171875	n/a	1.0	2	71975	n/a
140.59375	n/a	0.0	1	71984	n/a
140.609375	n/a	0.0	1	71992	n/a
140.626953125	n/a	1.0	2	72001	n/a
140.642578125	n/a	0.0	1	72009	n/a
140.66015625	n/a	1.0	2	72018	n/a
140.67578125	n/a	1.0	2	72026	n/a
140.693359375	n/a	0.0	1	72035	n/a
140.708984375	n/a	0.0	1	72043	n/a
140.7265625	n/a	1.0	2	72052	n/a
140.7421875	n/a	0.0	1	72060	n/a
140.759765625	n/a	1.0	2	72069	n/a
140.775390625	n/a	0.0	1	72077	n/a
140.79296875	n/a	1.0	2	72086	n/a
140.810546875	n/a	1.0	2	72095	n/a
140.826171875	n/a	0.0	1	72103	n/a
140.84375	n/a	1.0	2	72112	n/a
140.859375	n/a	0.0	1	72120	n/a
140.876953125	n/a	0.0	1	72129	n/a
140.892578125	n/a	1.0	2	72137	n/a
140.91015625	n/a	0.0	1	72146	n/a
140.92578125	n/a	1.0	2	72154	n/a
140.943359375	n/a	1.0	2	72163	n/a
140.958984375	n/a	0.0	1	72171	n/a
140.9765625	n/a	0.0	1	72180	n/a
140.9921875	n/a	1.0	2	72188	n/a
141.009765625	n/a	0.0	1	72197	n/a
141.025390625	n/a	1.0	2	72205	n/a
141.04296875	n/a	1.0	2	72214	n/a
141.060546875	n/a	0.0	1	72223	n/a
141.076171875	n/a	0.0	1	72231	n/a
141.09375	n/a	1.0	2	72240	n/a
141.109375	n/a	0.0	1	72248	n/a
141.126953125	n/a	1.0	2	72257	n/a
141.142578125	n/a	0.0	1	72265	n/a
141.16015625	n/a	1.0	2	72274	n/a
141.17578125	n/a	1.0	2	72282	n/a
141.193359375	n/a	0.0	1	72291	n/a
141.208984375	n/a	0.0	1	72299	n/a
141.2265625	n/a	1.0	2	72308	n/a
141.2421875	n/a	0.0	1	72316	n/a
141.259765625	n/a	1.0	2	72325	n/a
141.275390625	n/a	1.0	2	72333	n/a
141.29296875	n/a	0.0	1	72342	n/a
141.310546875	n/a	0.0	1	72351	n/a
141.326171875	n/a	1.0	2	72359	n/a
141.34375	n/a	0.0	1	72368	n/a
141.359375	n/a	1.0	2	72376	n/a
141.376953125	n/a	0.0	1	72385	n/a
141.392578125	n/a	1.0	2	72393	n/a
141.41015625	n/a	1.0	2	72402	n/a
141.42578125	n/a	0.0	1	72410	n/a
141.443359375	n/a	1.0	2	72419	n/a
141.458984375	n/a	0.0	1	72427	n/a
141.4765625	n/a	1.0	2	72436	n/a
141.4921875	n/a	0.0	1	72444	n/a
141.509765625	n/a	1.0	2	72453	n/a
141.525390625	n/a	0.0	1	72461	n/a
142.8125	n/a	1.0	2	73120	13.0
142.830078125	n/a	0.0	1	73129	n/a
142.845703125	n/a	1.0	2	73137	n/a
142.86328125	n/a	0.0	1	73146	n/a
142.87890625	n/a	1.0	2	73154	n/a
142.896484375	n/a	0.0	1	73163	n/a
142.912109375	n/a	1.0	2	73171	n/a
142.9296875	n/a	0.0	1	73180	n/a
142.9453125	n/a	1.0	2	73188	n/a
142.962890625	n/a	0.0	1	73197	n/a
142.978515625	n/a	0.0	1	73205	n/a
142.99609375	n/a	1.0	2	73214	n/a
143.01171875	n/a	1.0	2	73222	n/a
143.029296875	n/a	0.0	1	73231	n/a
143.044921875	n/a	1.0	2	73239	n/a
143.0625	n/a	0.0	1	73248	n/a
143.080078125	n/a	0.0	1	73257	n/a
143.095703125	n/a	1.0	2	73265	n/a
143.11328125	n/a	0.0	1	73274	n/a
143.12890625	n/a	1.0	2	73282	n/a
143.146484375	n/a	0.0	1	73291	n/a
143.162109375	n/a	1.0	2	73299	n/a
143.1796875	n/a	0.0	1	73308	n/a
143.1953125	n/a	1.0	2	73316	n/a
143.212890625	n/a	1.0	2	73325	n/a
143.228515625	n/a	0.0	1	73333	n/a
143.24609375	n/a	1.0	2	73342	n/a
143.26171875	n/a	0.0	1	73350	n/a
143.279296875	n/a	1.0	2	73359	n/a
143.294921875	n/a	0.0	1	73367	n/a
143.3125	n/a	0.0	1	73376	n/a
143.330078125	n/a	1.0	2	73385	n/a
143.345703125	n/a	0.0	1	73393	n/a
143.36328125	n/a	1.0	2	73402	n/a
143.37890625	n/a	1.0	2	73410	n/a
143.396484375	n/a	0.0	1	73419	n/a
143.412109375	n/a	0.0	1	73427	n/a
143.4296875	n/a	1.0	2	73436	n/a
143.4453125	n/a	1.0	2	73444	n/a
143.462890625	n/a	0.0	1	73453	n/a
143.478515625	n/a	1.0	2	73461	n/a
143.49609375	n/a	0.0	1	73470	n/a
143.51171875	n/a	1.0	2	73478	n/a
143.529296875	n/a	0.0	1	73487	n/a
143.544921875	n/a	1.0	2	73495	n/a
143.5625	n/a	0.0	1	73504	n/a
143.580078125	n/a	1.0	2	73513	n/a
143.595703125	n/a	0.0	1	73521	n/a
143.61328125	n/a	0.0	1	73530	n/a
143.62890625	n/a	1.0	2	73538	n/a
143.646484375	n/a	0.0	1	73547	n/a
143.662109375	n/a	1.0	2	73555	n/a
143.6796875	n/a	0.0	1	73564	n/a
143.6953125	n/a	1.0	2	73572	n/a
143.712890625	n/a	1.0	2	73581	n/a
143.728515625	n/a	0.0	1	73589	n/a
143.74609375	n/a	0.0	1	73598	n/a
143.76171875	n/a	1.0	2	73606	n/a
143.779296875	n/a	1.0	2	73615	n/a
143.794921875	n/a	0.0	1	73623	n/a
143.8125	n/a	1.0	2	73632	n/a
143.830078125	n/a	0.0	1	73641	n/a
143.845703125	n/a	1.0	2	73649	n/a
143.86328125	n/a	0.0	1	73658	n/a
143.87890625	n/a	0.0	1	73666	n/a
143.896484375	n/a	1.0	2	73675	n/a
143.912109375	n/a	0.0	1	73683	n/a
143.9296875	n/a	1.0	2	73692	n/a
143.9453125	n/a	0.0	1	73700	n/a
143.962890625	n/a	1.0	2	73709	n/a
143.978515625	n/a	0.0	1	73717	n/a
143.99609375	n/a	1.0	2	73726	n/a
144.01171875	n/a	0.0	1	73734	n/a
144.029296875	n/a	1.0	2	73743	n/a
144.044921875	n/a	0.0	1	73751	n/a
144.0625	n/a	1.0	2	73760	n/a
144.080078125	n/a	0.0	1	73769	n/a
144.095703125	n/a	1.0	2	73777	n/a
144.11328125	n/a	0.0	1	73786	n/a
144.12890625	n/a	1.0	2	73794	n/a
144.146484375	n/a	1.0	2	73803	n/a
144.162109375	n/a	0.0	1	73811	n/a
144.1796875	n/a	0.0	1	73820	n/a
144.1953125	n/a	1.0	2	73828	n/a
144.212890625	n/a	0.0	1	73837	n/a
144.228515625	n/a	1.0	2	73845	n/a
144.24609375	n/a	0.0	1	73854	n/a
144.26171875	n/a	1.0	2	73862	n/a
144.279296875	n/a	0.0	1	73871	n/a
144.294921875	n/a	1.0	2	73879	n/a
144.3125	n/a	1.0	2	73888	n/a
144.330078125	n/a	0.0	1	73897	n/a
144.345703125	n/a	1.0	2	73905	n/a
144.36328125	n/a	0.0	1	73914	n/a
144.37890625	n/a	0.0	1	73922	n/a
144.396484375	n/a	1.0	2	73931	n/a
144.412109375	n/a	0.0	1	73939	n/a
144.4296875	n/a	1.0	2	73948	n/a
144.4453125	n/a	1.0	2	73956	n/a
144.462890625	n/a	0.0	1	73965	n/a
144.478515625	n/a	1.0	2	73973	n/a
144.49609375	n/a	0.0	1	73982	n/a
144.51171875	n/a	1.0	2	73990	n/a
144.529296875	n/a	0.0	1	73999	n/a
144.544921875	n/a	1.0	2	74007	n/a
144.5625	n/a	0.0	1	74016	n/a
144.580078125	n/a	0.0	1	74025	n/a
144.595703125	n/a	1.0	2	74033	n/a
144.61328125	n/a	1.0	2	74042	n/a
144.62890625	n/a	0.0	1	74050	n/a
144.646484375	n/a	1.0	2	74059	n/a
144.662109375	n/a	0.0	1	74067	n/a
144.6796875	n/a	1.0	2	74076	n/a
144.6953125	n/a	0.0	1	74084	n/a
144.712890625	n/a	0.0	1	74093	n/a
144.728515625	n/a	1.0	2	74101	n/a
144.74609375	n/a	0.0	1	74110	n/a
144.76171875	n/a	1.0	2	74118	n/a
144.779296875	n/a	1.0	2	74127	n/a
144.794921875	n/a	0.0	1	74135	n/a
144.8125	n/a	0.0	1	74144	n/a
144.830078125	n/a	1.0	2	74153	n/a
144.845703125	n/a	0.0	1	74161	n/a
144.86328125	n/a	1.0	2	74170	n/a
144.87890625	n/a	1.0	2	74178	n/a
144.896484375	n/a	0.0	1	74187	n/a
144.912109375	n/a	1.0	2	74195	n/a
144.9296875	n/a	0.0	1	74204	n/a
144.9453125	n/a	1.0	2	74212	n/a
144.962890625	n/a	0.0	1	74221	n/a
144.978515625	n/a	1.0	2	74229	n/a
144.99609375	n/a	0.0	1	74238	n/a
145.01171875	n/a	1.0	2	74246	n/a
145.029296875	n/a	0.0	1	74255	n/a
145.044921875	n/a	1.0	2	74263	n/a
145.0625	n/a	0.0	1	74272	n/a
145.080078125	n/a	0.0	1	74281	n/a
145.095703125	n/a	1.0	2	74289	n/a
145.11328125	n/a	1.0	2	74298	n/a
145.12890625	n/a	0.0	1	74306	n/a
145.146484375	n/a	1.0	2	74315	n/a
145.162109375	n/a	0.0	1	74323	n/a
145.1796875	n/a	0.0	1	74332	n/a
145.1953125	n/a	1.0	2	74340	n/a
145.212890625	n/a	0.0	1	74349	n/a
145.228515625	n/a	1.0	2	74357	n/a
145.24609375	n/a	0.0	1	74366	n/a
145.26171875	n/a	1.0	2	74374	n/a
145.279296875	n/a	0.0	1	74383	n/a
145.294921875	n/a	1.0	2	74391	n/a
145.3125	n/a	1.0	2	74400	n/a
145.330078125	n/a	0.0	1	74409	n/a
145.345703125	n/a	1.0	2	74417	n/a
145.36328125	n/a	0.0	1	74426	n/a
145.37890625	n/a	1.0	2	74434	n/a
145.396484375	n/a	0.0	1	74443	n/a
145.412109375	n/a	0.0	1	74451	n/a
145.4296875	n/a	1.0	2	74460	n/a
145.4453125	n/a	0.0	1	74468	n/a
145.462890625	n/a	1.0	2	74477	n/a
145.478515625	n/a	1.0	2	74485	n/a
145.49609375	n/a	0.0	1	74494	n/a
145.51171875	n/a	0.0	1	74502	n/a
145.529296875	n/a	1.0	2	74511	n/a
145.544921875	n/a	1.0	2	74519	n/a
145.5625	n/a	0.0	1	74528	n/a
145.580078125	n/a	1.0	2	74537	n/a
145.595703125	n/a	0.0	1	74545	n/a
145.61328125	n/a	1.0	2	74554	n/a
145.62890625	n/a	0.0	1	74562	n/a
145.646484375	n/a	1.0	2	74571	n/a
145.662109375	n/a	0.0	1	74579	n/a
145.6796875	n/a	1.0	2	74588	n/a
145.6953125	n/a	0.0	1	74596	n/a
145.712890625	n/a	0.0	1	74605	n/a
145.728515625	n/a	1.0	2	74613	n/a
145.74609375	n/a	0.0	1	74622	n/a
145.76171875	n/a	1.0	2	74630	n/a
145.779296875	n/a	0.0	1	74639	n/a
145.794921875	n/a	1.0	2	74647	n/a
145.8125	n/a	1.0	2	74656	n/a
145.830078125	n/a	0.0	1	74665	n/a
145.845703125	n/a	0.0	1	74673	n/a
145.86328125	n/a	1.0	2	74682	n/a
145.87890625	n/a	1.0	2	74690	n/a
145.896484375	n/a	0.0	1	74699	n/a
145.912109375	n/a	1.0	2	74707	n/a
145.9296875	n/a	0.0	1	74716	n/a
145.9453125	n/a	1.0	2	74724	n/a
145.962890625	n/a	0.0	1	74733	n/a
145.978515625	n/a	0.0	1	74741	n/a
145.99609375	n/a	1.0	2	74750	n/a
146.01171875	n/a	0.0	1	74758	n/a
146.029296875	n/a	1.0	2	74767	n/a
146.044921875	n/a	0.0	1	74775	n/a
146.0625	n/a	1.0	2	74784	n/a
146.080078125	n/a	0.0	1	74793	n/a
146.095703125	n/a	1.0	2	74801	n/a
146.11328125	n/a	0.0	1	74810	n/a
146.12890625	n/a	1.0	2	74818	n/a
146.146484375	n/a	0.0	1	74827	n/a
146.162109375	n/a	1.0	2	74835	n/a
146.1796875	n/a	0.0	1	74844	n/a
146.1953125	n/a	1.0	2	74852	n/a
146.212890625	n/a	0.0	1	74861	n/a
146.228515625	n/a	1.0	2	74869	n/a
146.24609375	n/a	1.0	2	74878	n/a
146.26171875	n/a	0.0	1	74886	n/a
146.279296875	n/a	0.0	1	74895	n/a
146.294921875	n/a	1.0	2	74903	n/a
146.3125	n/a	0.0	1	74912	n/a
146.330078125	n/a	1.0	2	74921	n/a
146.345703125	n/a	0.0	1	74929	n/a
146.36328125	n/a	1.0	2	74938	n/a
146.37890625	n/a	0.0	1	74946	n/a
146.396484375	n/a	1.0	2	74955	n/a
146.412109375	n/a	1.0	2	74963	n/a
146.4296875	n/a	0.0	1	74972	n/a
146.4453125	n/a	1.0	2	74980	n/a
146.462890625	n/a	0.0	1	74989	n/a
146.478515625	n/a	0.0	1	74997	n/a
146.49609375	n/a	1.0	2	75006	n/a
146.51171875	n/a	0.0	1	75014	n/a
146.529296875	n/a	1.0	2	75023	n/a
146.544921875	n/a	1.0	2	75031	n/a
146.5625	n/a	0.0	1	75040	n/a
146.580078125	n/a	1.0	2	75049	n/a
146.595703125	n/a	0.0	1	75057	n/a
146.61328125	n/a	1.0	2	75066	n/a
146.62890625	n/a	0.0	1	75074	n/a
146.646484375	n/a	1.0	2	75083	n/a
146.662109375	n/a	0.0	1	75091	n/a
146.6796875	n/a	0.0	1	75100	n/a
146.6953125	n/a	1.0	2	75108	n/a
146.712890625	n/a	1.0	2	75117	n/a
146.728515625	n/a	0.0	1	75125	n/a
146.74609375	n/a	1.0	2	75134	n/a
146.76171875	n/a	0.0	1	75142	n/a
146.779296875	n/a	1.0	2	75151	n/a
146.794921875	n/a	0.0	1	75159	n/a
146.8125	n/a	0.0	1	75168	n/a
146.830078125	n/a	1.0	2	75177	n/a
146.845703125	n/a	0.0	1	75185	n/a
146.86328125	n/a	1.0	2	75194	n/a
146.87890625	n/a	1.0	2	75202	n/a
146.896484375	n/a	0.0	1	75211	n/a
146.912109375	n/a	0.0	1	75219	n/a
146.9296875	n/a	1.0	2	75228	n/a
146.9453125	n/a	0.0	1	75236	n/a
146.962890625	n/a	1.0	2	75245	n/a
146.978515625	n/a	1.0	2	75253	n/a
146.99609375	n/a	0.0	1	75262	n/a
147.01171875	n/a	1.0	2	75270	n/a
147.029296875	n/a	0.0	1	75279	n/a
147.044921875	n/a	1.0	2	75287	n/a
147.0625	n/a	0.0	1	75296	n/a
147.080078125	n/a	1.0	2	75305	n/a
147.095703125	n/a	0.0	1	75313	n/a
147.11328125	n/a	1.0	2	75322	n/a
147.12890625	n/a	0.0	1	75330	n/a
147.146484375	n/a	1.0	2	75339	n/a
147.162109375	n/a	0.0	1	75347	n/a
147.1796875	n/a	0.0	1	75356	n/a
147.1953125	n/a	1.0	2	75364	n/a
147.212890625	n/a	1.0	2	75373	n/a
147.228515625	n/a	0.0	1	75381	n/a
147.24609375	n/a	1.0	2	75390	n/a
147.26171875	n/a	0.0	1	75398	n/a
147.279296875	n/a	0.0	1	75407	n/a
147.294921875	n/a	1.0	2	75415	n/a
147.3125	n/a	0.0	1	75424	n/a
147.330078125	n/a	1.0	2	75433	n/a
147.345703125	n/a	0.0	1	75441	n/a
147.36328125	n/a	1.0	2	75450	n/a
147.37890625	n/a	0.0	1	75458	n/a
147.396484375	n/a	1.0	2	75467	n/a
147.412109375	n/a	1.0	2	75475	n/a
147.4296875	n/a	0.0	1	75484	n/a
147.4453125	n/a	1.0	2	75492	n/a
147.462890625	n/a	0.0	1	75501	n/a
147.478515625	n/a	1.0	2	75509	n/a
147.49609375	n/a	0.0	1	75518	n/a
147.51171875	n/a	0.0	1	75526	n/a
147.529296875	n/a	1.0	2	75535	n/a
147.544921875	n/a	0.0	1	75543	n/a
147.5625	n/a	1.0	2	75552	n/a
147.580078125	n/a	1.0	2	75561	n/a
147.595703125	n/a	0.0	1	75569	n/a
147.61328125	n/a	0.0	1	75578	n/a
147.62890625	n/a	1.0	2	75586	n/a
147.646484375	n/a	1.0	2	75595	n/a
147.662109375	n/a	0.0	1	75603	n/a
147.6796875	n/a	1.0	2	75612	n/a
147.6953125	n/a	0.0	1	75620	n/a
147.712890625	n/a	1.0	2	75629	n/a
147.728515625	n/a	0.0	1	75637	n/a
147.74609375	n/a	1.0	2	75646	n/a
147.76171875	n/a	0.0	1	75654	n/a
147.779296875	n/a	1.0	2	75663	n/a
147.794921875	n/a	0.0	1	75671	n/a
147.8125	n/a	0.0	1	75680	n/a
147.830078125	n/a	1.0	2	75689	n/a
147.845703125	n/a	0.0	1	75697	n/a
147.86328125	n/a	1.0	2	75706	n/a
147.87890625	n/a	0.0	1	75714	n/a
147.896484375	n/a	1.0	2	75723	n/a
147.912109375	n/a	1.0	2	75731	n/a
147.9296875	n/a	0.0	1	75740	n/a
147.9453125	n/a	0.0	1	75748	n/a
147.962890625	n/a	1.0	2	75757	n/a
147.978515625	n/a	1.0	2	75765	n/a
147.99609375	n/a	0.0	1	75774	n/a
148.01171875	n/a	1.0	2	75782	n/a
148.029296875	n/a	0.0	1	75791	n/a
148.044921875	n/a	1.0	2	75799	n/a
148.0625	n/a	0.0	1	75808	n/a
148.080078125	n/a	0.0	1	75817	n/a
148.095703125	n/a	1.0	2	75825	n/a
148.11328125	n/a	0.0	1	75834	n/a
148.12890625	n/a	1.0	2	75842	n/a
148.146484375	n/a	0.0	1	75851	n/a
148.162109375	n/a	1.0	2	75859	n/a
148.1796875	n/a	0.0	1	75868	n/a
148.1953125	n/a	1.0	2	75876	n/a
148.212890625	n/a	0.0	1	75885	n/a
148.228515625	n/a	1.0	2	75893	n/a
148.24609375	n/a	0.0	1	75902	n/a
148.26171875	n/a	1.0	2	75910	n/a
148.279296875	n/a	0.0	1	75919	n/a
148.294921875	n/a	1.0	2	75927	n/a
148.3125	n/a	0.0	1	75936	n/a
148.330078125	n/a	1.0	2	75945	n/a
148.345703125	n/a	1.0	2	75953	n/a
148.36328125	n/a	0.0	1	75962	n/a
148.37890625	n/a	0.0	1	75970	n/a
148.396484375	n/a	1.0	2	75979	n/a
148.412109375	n/a	0.0	1	75987	n/a
148.4296875	n/a	1.0	2	75996	n/a
148.4453125	n/a	0.0	1	76004	n/a
148.462890625	n/a	1.0	2	76013	n/a
148.478515625	n/a	0.0	1	76021	n/a
148.49609375	n/a	1.0	2	76030	n/a
148.51171875	n/a	1.0	2	76038	n/a
148.529296875	n/a	0.0	1	76047	n/a
148.544921875	n/a	1.0	2	76055	n/a
148.5625	n/a	0.0	1	76064	n/a
148.580078125	n/a	0.0	1	76073	n/a
148.595703125	n/a	1.0	2	76081	n/a
148.61328125	n/a	0.0	1	76090	n/a
148.62890625	n/a	1.0	2	76098	n/a
148.646484375	n/a	1.0	2	76107	n/a
148.662109375	n/a	0.0	1	76115	n/a
148.6796875	n/a	1.0	2	76124	n/a
148.6953125	n/a	0.0	1	76132	n/a
148.712890625	n/a	1.0	2	76141	n/a
148.728515625	n/a	0.0	1	76149	n/a
148.74609375	n/a	1.0	2	76158	n/a
148.76171875	n/a	0.0	1	76166	n/a
148.779296875	n/a	0.0	1	76175	n/a
148.794921875	n/a	1.0	2	76183	n/a
148.8125	n/a	1.0	2	76192	n/a
148.830078125	n/a	0.0	1	76201	n/a
148.845703125	n/a	1.0	2	76209	n/a
148.86328125	n/a	0.0	1	76218	n/a
148.87890625	n/a	1.0	2	76226	n/a
148.896484375	n/a	0.0	1	76235	n/a
148.912109375	n/a	0.0	1	76243	n/a
148.9296875	n/a	1.0	2	76252	n/a
148.9453125	n/a	0.0	1	76260	n/a
148.962890625	n/a	1.0	2	76269	n/a
148.978515625	n/a	1.0	2	76277	n/a
148.99609375	n/a	0.0	1	76286	n/a
149.01171875	n/a	0.0	1	76294	n/a
149.029296875	n/a	1.0	2	76303	n/a
149.044921875	n/a	0.0	1	76311	n/a
149.0625	n/a	1.0	2	76320	n/a
149.080078125	n/a	1.0	2	76329	n/a
149.095703125	n/a	0.0	1	76337	n/a
149.11328125	n/a	1.0	2	76346	n/a
149.12890625	n/a	0.0	1	76354	n/a
149.146484375	n/a	1.0	2	76363	n/a
149.162109375	n/a	0.0	1	76371	n/a
149.1796875	n/a	1.0	2	76380	n/a
149.1953125	n/a	0.0	1	76388	n/a
149.212890625	n/a	1.0	2	76397	n/a
149.228515625	n/a	0.0	1	76405	n/a
149.24609375	n/a	1.0	2	76414	n/a
149.26171875	n/a	0.0	1	76422	n/a
149.279296875	n/a	0.0	1	76431	n/a
149.294921875	n/a	1.0	2	76439	n/a
149.3125	n/a	1.0	2	76448	n/a
149.330078125	n/a	0.0	1	76457	n/a
149.345703125	n/a	1.0	2	76465	n/a
149.36328125	n/a	0.0	1	76474	n/a
149.37890625	n/a	0.0	1	76482	n/a
149.396484375	n/a	1.0	2	76491	n/a
149.412109375	n/a	0.0	1	76499	n/a
149.4296875	n/a	1.0	2	76508	n/a
149.4453125	n/a	0.0	1	76516	n/a
149.462890625	n/a	1.0	2	76525	n/a
149.478515625	n/a	0.0	1	76533	n/a
149.49609375	n/a	1.0	2	76542	n/a
149.51171875	n/a	1.0	2	76550	n/a
149.529296875	n/a	0.0	1	76559	n/a
149.544921875	n/a	1.0	2	76567	n/a
149.5625	n/a	0.0	1	76576	n/a
149.580078125	n/a	1.0	2	76585	n/a
149.595703125	n/a	0.0	1	76593	n/a
149.61328125	n/a	0.0	1	76602	n/a
149.62890625	n/a	1.0	2	76610	n/a
149.646484375	n/a	0.0	1	76619	n/a
149.662109375	n/a	1.0	2	76627	n/a
149.6796875	n/a	1.0	2	76636	n/a
149.6953125	n/a	0.0	1	76644	n/a
149.712890625	n/a	0.0	1	76653	n/a
149.728515625	n/a	1.0	2	76661	n/a
149.74609375	n/a	1.0	2	76670	n/a
149.76171875	n/a	0.0	1	76678	n/a
149.779296875	n/a	1.0	2	76687	n/a
149.794921875	n/a	0.0	1	76695	n/a
149.8125	n/a	1.0	2	76704	n/a
149.830078125	n/a	0.0	1	76713	n/a
149.845703125	n/a	1.0	2	76721	n/a
149.86328125	n/a	0.0	1	76730	n/a
149.87890625	n/a	1.0	2	76738	n/a
149.896484375	n/a	0.0	1	76747	n/a
149.912109375	n/a	0.0	1	76755	n/a
149.9296875	n/a	1.0	2	76764	n/a
149.9453125	n/a	0.0	1	76772	n/a
149.962890625	n/a	1.0	2	76781	n/a
149.978515625	n/a	0.0	1	76789	n/a
149.99609375	n/a	1.0	2	76798	n/a
150.01171875	n/a	1.0	2	76806	n/a
150.029296875	n/a	0.0	1	76815	n/a
150.044921875	n/a	0.0	1	76823	n/a
150.0625	n/a	1.0	2	76832	n/a
150.080078125	n/a	1.0	2	76841	n/a
150.095703125	n/a	0.0	1	76849	n/a
150.11328125	n/a	1.0	2	76858	n/a
150.12890625	n/a	0.0	1	76866	n/a
150.146484375	n/a	1.0	2	76875	n/a
150.162109375	n/a	0.0	1	76883	n/a
150.1796875	n/a	0.0	1	76892	n/a
150.1953125	n/a	1.0	2	76900	n/a
150.212890625	n/a	0.0	1	76909	n/a
150.228515625	n/a	1.0	2	76917	n/a
150.24609375	n/a	0.0	1	76926	n/a
150.26171875	n/a	1.0	2	76934	n/a
150.279296875	n/a	0.0	1	76943	n/a
150.294921875	n/a	1.0	2	76951	n/a
150.3125	n/a	0.0	1	76960	n/a
150.330078125	n/a	1.0	2	76969	n/a
150.345703125	n/a	0.0	1	76977	n/a
150.36328125	n/a	1.0	2	76986	n/a
150.37890625	n/a	0.0	1	76994	n/a
150.396484375	n/a	1.0	2	77003	n/a
150.412109375	n/a	0.0	1	77011	n/a
150.4296875	n/a	1.0	2	77020	n/a
150.4453125	n/a	1.0	2	77028	n/a
150.462890625	n/a	0.0	1	77037	n/a
150.478515625	n/a	0.0	1	77045	n/a
150.49609375	n/a	1.0	2	77054	n/a
150.51171875	n/a	0.0	1	77062	n/a
150.529296875	n/a	1.0	2	77071	n/a
150.544921875	n/a	0.0	1	77079	n/a
150.5625	n/a	1.0	2	77088	n/a
150.580078125	n/a	0.0	1	77097	n/a
150.595703125	n/a	1.0	2	77105	n/a
150.61328125	n/a	1.0	2	77114	n/a
150.62890625	n/a	0.0	1	77122	n/a
150.646484375	n/a	1.0	2	77131	n/a
150.662109375	n/a	0.0	1	77139	n/a
150.6796875	n/a	0.0	1	77148	n/a
150.6953125	n/a	1.0	2	77156	n/a
150.712890625	n/a	0.0	1	77165	n/a
150.728515625	n/a	1.0	2	77173	n/a
150.74609375	n/a	1.0	2	77182	n/a
150.76171875	n/a	0.0	1	77190	n/a
150.779296875	n/a	1.0	2	77199	n/a
150.794921875	n/a	0.0	1	77207	n/a
150.8125	n/a	1.0	2	77216	n/a
150.830078125	n/a	0.0	1	77225	n/a
150.845703125	n/a	1.0	2	77233	n/a
150.86328125	n/a	0.0	1	77242	n/a
150.87890625	n/a	0.0	1	77250	n/a
150.896484375	n/a	1.0	2	77259	n/a
150.912109375	n/a	1.0	2	77267	n/a
150.9296875	n/a	0.0	1	77276	n/a
150.9453125	n/a	1.0	2	77284	n/a
150.962890625	n/a	0.0	1	77293	n/a
150.978515625	n/a	1.0	2	77301	n/a
150.99609375	n/a	0.0	1	77310	n/a
151.01171875	n/a	0.0	1	77318	n/a
151.029296875	n/a	1.0	2	77327	n/a
151.044921875	n/a	0.0	1	77335	n/a
151.0625	n/a	1.0	2	77344	n/a
151.080078125	n/a	1.0	2	77353	n/a
151.095703125	n/a	0.0	1	77361	n/a
151.11328125	n/a	0.0	1	77370	n/a
151.12890625	n/a	1.0	2	77378	n/a
151.146484375	n/a	0.0	1	77387	n/a
151.162109375	n/a	1.0	2	77395	n/a
151.1796875	n/a	1.0	2	77404	n/a
151.1953125	n/a	0.0	1	77412	n/a
151.212890625	n/a	1.0	2	77421	n/a
151.228515625	n/a	0.0	1	77429	n/a
151.24609375	n/a	1.0	2	77438	n/a
151.26171875	n/a	0.0	1	77446	n/a
151.279296875	n/a	1.0	2	77455	n/a
151.294921875	n/a	0.0	1	77463	n/a
151.3125	n/a	1.0	2	77472	n/a
151.330078125	n/a	0.0	1	77481	n/a
151.345703125	n/a	1.0	2	77489	n/a
151.36328125	n/a	0.0	1	77498	n/a
151.37890625	n/a	0.0	1	77506	n/a
151.396484375	n/a	1.0	2	77515	n/a
151.412109375	n/a	1.0	2	77523	n/a
151.4296875	n/a	0.0	1	77532	n/a
151.4453125	n/a	1.0	2	77540	n/a
151.462890625	n/a	0.0	1	77549	n/a
151.478515625	n/a	0.0	1	77557	n/a
151.49609375	n/a	1.0	2	77566	n/a
151.51171875	n/a	0.0	1	77574	n/a
151.529296875	n/a	1.0	2	77583	n/a
151.544921875	n/a	0.0	1	77591	n/a
151.5625	n/a	1.0	2	77600	n/a
151.580078125	n/a	0.0	1	77609	n/a
151.595703125	n/a	1.0	2	77617	n/a
151.61328125	n/a	1.0	2	77626	n/a
151.62890625	n/a	0.0	1	77634	n/a
151.646484375	n/a	1.0	2	77643	n/a
151.662109375	n/a	0.0	1	77651	n/a
151.6796875	n/a	1.0	2	77660	n/a
151.6953125	n/a	0.0	1	77668	n/a
151.712890625	n/a	0.0	1	77677	n/a
151.728515625	n/a	1.0	2	77685	n/a
151.74609375	n/a	0.0	1	77694	n/a
151.76171875	n/a	1.0	2	77702	n/a
151.779296875	n/a	1.0	2	77711	n/a
151.794921875	n/a	0.0	1	77719	n/a
151.8125	n/a	0.0	1	77728	n/a
151.830078125	n/a	1.0	2	77737	n/a
151.845703125	n/a	1.0	2	77745	n/a
151.86328125	n/a	0.0	1	77754	n/a
151.87890625	n/a	1.0	2	77762	n/a
151.896484375	n/a	0.0	1	77771	n/a
151.912109375	n/a	1.0	2	77779	n/a
151.9296875	n/a	0.0	1	77788	n/a
151.9453125	n/a	1.0	2	77796	n/a
151.962890625	n/a	0.0	1	77805	n/a
151.978515625	n/a	1.0	2	77813	n/a
151.99609375	n/a	0.0	1	77822	n/a
152.01171875	n/a	0.0	1	77830	n/a
152.029296875	n/a	1.0	2	77839	n/a
152.044921875	n/a	0.0	1	77847	n/a
152.0625	n/a	1.0	2	77856	n/a
152.080078125	n/a	0.0	1	77865	n/a
152.095703125	n/a	1.0	2	77873	n/a
152.11328125	n/a	1.0	2	77882	n/a
152.12890625	n/a	0.0	1	77890	n/a
152.146484375	n/a	0.0	1	77899	n/a
152.162109375	n/a	1.0	2	77907	n/a
152.1796875	n/a	1.0	2	77916	n/a
152.1953125	n/a	0.0	1	77924	n/a
152.212890625	n/a	1.0	2	77933	n/a
152.228515625	n/a	0.0	1	77941	n/a
152.24609375	n/a	1.0	2	77950	n/a
152.26171875	n/a	0.0	1	77958	n/a
152.279296875	n/a	0.0	1	77967	n/a
152.294921875	n/a	1.0	2	77975	n/a
152.3125	n/a	0.0	1	77984	n/a
152.330078125	n/a	1.0	2	77993	n/a
152.345703125	n/a	0.0	1	78001	n/a
152.36328125	n/a	1.0	2	78010	n/a
152.37890625	n/a	0.0	1	78018	n/a
152.396484375	n/a	1.0	2	78027	n/a
152.412109375	n/a	0.0	1	78035	n/a
152.4296875	n/a	1.0	2	78044	n/a
152.4453125	n/a	0.0	1	78052	n/a
152.462890625	n/a	1.0	2	78061	n/a
152.478515625	n/a	0.0	1	78069	n/a
152.49609375	n/a	1.0	2	78078	n/a
152.51171875	n/a	0.0	1	78086	n/a
152.529296875	n/a	1.0	2	78095	n/a
152.544921875	n/a	1.0	2	78103	n/a
152.5625	n/a	0.0	1	78112	n/a
152.580078125	n/a	0.0	1	78121	n/a
152.595703125	n/a	1.0	2	78129	n/a
152.61328125	n/a	0.0	1	78138	n/a
152.62890625	n/a	1.0	2	78146	n/a
152.646484375	n/a	0.0	1	78155	n/a
152.662109375	n/a	1.0	2	78163	n/a
152.6796875	n/a	0.0	1	78172	n/a
152.6953125	n/a	1.0	2	78180	n/a
152.712890625	n/a	1.0	2	78189	n/a
152.728515625	n/a	0.0	1	78197	n/a
152.74609375	n/a	1.0	2	78206	n/a
152.76171875	n/a	0.0	1	78214	n/a
152.779296875	n/a	0.0	1	78223	n/a
152.794921875	n/a	1.0	2	78231	n/a
152.8125	n/a	0.0	1	78240	n/a
152.830078125	n/a	1.0	2	78249	n/a
152.845703125	n/a	1.0	2	78257	n/a
152.86328125	n/a	0.0	1	78266	n/a
152.87890625	n/a	1.0	2	78274	n/a
152.896484375	n/a	0.0	1	78283	n/a
152.912109375	n/a	1.0	2	78291	n/a
152.9296875	n/a	0.0	1	78300	n/a
152.9453125	n/a	1.0	2	78308	n/a
152.962890625	n/a	0.0	1	78317	n/a
152.978515625	n/a	0.0	1	78325	n/a
152.99609375	n/a	1.0	2	78334	n/a
153.01171875	n/a	1.0	2	78342	n/a
153.029296875	n/a	0.0	1	78351	n/a
153.044921875	n/a	1.0	2	78359	n/a
153.0625	n/a	0.0	1	78368	n/a
153.080078125	n/a	1.0	2	78377	n/a
153.095703125	n/a	0.0	1	78385	n/a
153.11328125	n/a	0.0	1	78394	n/a
153.12890625	n/a	1.0	2	78402	n/a
153.146484375	n/a	0.0	1	78411	n/a
153.162109375	n/a	1.0	2	78419	n/a
153.1796875	n/a	1.0	2	78428	n/a
153.1953125	n/a	0.0	1	78436	n/a
153.212890625	n/a	0.0	1	78445	n/a
153.228515625	n/a	1.0	2	78453	n/a
153.24609375	n/a	0.0	1	78462	n/a
153.26171875	n/a	1.0	2	78470	n/a
153.279296875	n/a	1.0	2	78479	n/a
153.294921875	n/a	0.0	1	78487	n/a
153.3125	n/a	1.0	2	78496	n/a
153.330078125	n/a	0.0	1	78505	n/a
153.345703125	n/a	1.0	2	78513	n/a
153.36328125	n/a	0.0	1	78522	n/a
153.37890625	n/a	1.0	2	78530	n/a
153.396484375	n/a	0.0	1	78539	n/a
153.412109375	n/a	1.0	2	78547	n/a
153.4296875	n/a	0.0	1	78556	n/a
153.4453125	n/a	1.0	2	78564	n/a
153.462890625	n/a	0.0	1	78573	n/a
153.478515625	n/a	0.0	1	78581	n/a
153.49609375	n/a	1.0	2	78590	n/a
153.51171875	n/a	1.0	2	78598	n/a
153.529296875	n/a	0.0	1	78607	n/a
153.544921875	n/a	1.0	2	78615	n/a
153.5625	n/a	0.0	1	78624	n/a
153.580078125	n/a	0.0	1	78633	n/a
153.595703125	n/a	1.0	2	78641	n/a
153.61328125	n/a	0.0	1	78650	n/a
153.62890625	n/a	1.0	2	78658	n/a
153.646484375	n/a	0.0	1	78667	n/a
153.662109375	n/a	1.0	2	78675	n/a
153.6796875	n/a	0.0	1	78684	n/a
153.6953125	n/a	1.0	2	78692	n/a
153.712890625	n/a	1.0	2	78701	n/a
153.728515625	n/a	0.0	1	78709	n/a
153.74609375	n/a	1.0	2	78718	n/a
153.76171875	n/a	0.0	1	78726	n/a
153.779296875	n/a	1.0	2	78735	n/a
153.794921875	n/a	0.0	1	78743	n/a
153.8125	n/a	0.0	1	78752	n/a
153.830078125	n/a	1.0	2	78761	n/a
153.845703125	n/a	0.0	1	78769	n/a
153.86328125	n/a	1.0	2	78778	n/a
153.87890625	n/a	1.0	2	78786	n/a
153.896484375	n/a	0.0	1	78795	n/a
153.912109375	n/a	0.0	1	78803	n/a
153.9296875	n/a	1.0	2	78812	n/a
153.9453125	n/a	1.0	2	78820	n/a
153.962890625	n/a	0.0	1	78829	n/a
153.978515625	n/a	1.0	2	78837	n/a
153.99609375	n/a	0.0	1	78846	n/a
154.01171875	n/a	1.0	2	78854	n/a
154.029296875	n/a	0.0	1	78863	n/a
154.044921875	n/a	1.0	2	78871	n/a
154.0625	n/a	0.0	1	78880	n/a
154.080078125	n/a	1.0	2	78889	n/a
154.095703125	n/a	0.0	1	78897	n/a
154.11328125	n/a	0.0	1	78906	n/a
154.12890625	n/a	1.0	2	78914	n/a
154.146484375	n/a	0.0	1	78923	n/a
154.162109375	n/a	1.0	2	78931	n/a
154.1796875	n/a	0.0	1	78940	n/a
154.1953125	n/a	1.0	2	78948	n/a
154.212890625	n/a	1.0	2	78957	n/a
154.228515625	n/a	0.0	1	78965	n/a
154.24609375	n/a	0.0	1	78974	n/a
154.26171875	n/a	1.0	2	78982	n/a
154.279296875	n/a	1.0	2	78991	n/a
154.294921875	n/a	0.0	1	78999	n/a
154.3125	n/a	1.0	2	79008	n/a
154.330078125	n/a	0.0	1	79017	n/a
154.345703125	n/a	1.0	2	79025	n/a
154.36328125	n/a	0.0	1	79034	n/a
154.37890625	n/a	0.0	1	79042	n/a
154.396484375	n/a	1.0	2	79051	n/a
154.412109375	n/a	0.0	1	79059	n/a
154.4296875	n/a	1.0	2	79068	n/a
154.4453125	n/a	0.0	1	79076	n/a
154.462890625	n/a	1.0	2	79085	n/a
154.478515625	n/a	0.0	1	79093	n/a
154.49609375	n/a	1.0	2	79102	n/a
154.51171875	n/a	0.0	1	79110	n/a
154.529296875	n/a	1.0	2	79119	n/a
154.544921875	n/a	0.0	1	79127	n/a
154.5625	n/a	1.0	2	79136	n/a
154.580078125	n/a	0.0	1	79145	n/a
154.595703125	n/a	1.0	2	79153	n/a
154.61328125	n/a	0.0	1	79162	n/a
154.62890625	n/a	1.0	2	79170	n/a
154.646484375	n/a	1.0	2	79179	n/a
154.662109375	n/a	0.0	1	79187	n/a
154.6796875	n/a	0.0	1	79196	n/a
154.6953125	n/a	1.0	2	79204	n/a
154.712890625	n/a	0.0	1	79213	n/a
154.728515625	n/a	1.0	2	79221	n/a
154.74609375	n/a	0.0	1	79230	n/a
154.76171875	n/a	1.0	2	79238	n/a
154.779296875	n/a	0.0	1	79247	n/a
154.794921875	n/a	1.0	2	79255	n/a
154.8125	n/a	1.0	2	79264	n/a
154.830078125	n/a	0.0	1	79273	n/a
154.845703125	n/a	1.0	2	79281	n/a
154.86328125	n/a	0.0	1	79290	n/a
154.87890625	n/a	0.0	1	79298	n/a
154.896484375	n/a	1.0	2	79307	n/a
154.912109375	n/a	0.0	1	79315	n/a
154.9296875	n/a	1.0	2	79324	n/a
154.9453125	n/a	1.0	2	79332	n/a
154.962890625	n/a	0.0	1	79341	n/a
154.978515625	n/a	1.0	2	79349	n/a
154.99609375	n/a	0.0	1	79358	n/a
155.01171875	n/a	1.0	2	79366	n/a
155.029296875	n/a	0.0	1	79375	n/a
155.044921875	n/a	1.0	2	79383	n/a
155.0625	n/a	0.0	1	79392	n/a
155.080078125	n/a	0.0	1	79401	n/a
155.095703125	n/a	1.0	2	79409	n/a
155.11328125	n/a	1.0	2	79418	n/a
155.12890625	n/a	0.0	1	79426	n/a
155.146484375	n/a	1.0	2	79435	n/a
155.162109375	n/a	0.0	1	79443	n/a
155.1796875	n/a	1.0	2	79452	n/a
155.1953125	n/a	0.0	1	79460	n/a
155.212890625	n/a	0.0	1	79469	n/a
155.228515625	n/a	1.0	2	79477	n/a
155.24609375	n/a	0.0	1	79486	n/a
155.26171875	n/a	1.0	2	79494	n/a
155.279296875	n/a	1.0	2	79503	n/a
155.294921875	n/a	0.0	1	79511	n/a
155.3125	n/a	0.0	1	79520	n/a
155.330078125	n/a	1.0	2	79529	n/a
155.345703125	n/a	0.0	1	79537	n/a
155.36328125	n/a	1.0	2	79546	n/a
155.37890625	n/a	1.0	2	79554	n/a
155.396484375	n/a	0.0	1	79563	n/a
155.412109375	n/a	1.0	2	79571	n/a
155.4296875	n/a	0.0	1	79580	n/a
155.4453125	n/a	1.0	2	79588	n/a
155.462890625	n/a	0.0	1	79597	n/a
155.478515625	n/a	1.0	2	79605	n/a
155.49609375	n/a	0.0	1	79614	n/a
155.51171875	n/a	1.0	2	79622	n/a
155.529296875	n/a	0.0	1	79631	n/a
155.544921875	n/a	1.0	2	79639	n/a
155.5625	n/a	0.0	1	79648	n/a
155.580078125	n/a	0.0	1	79657	n/a
155.595703125	n/a	1.0	2	79665	n/a
155.61328125	n/a	1.0	2	79674	n/a
155.62890625	n/a	0.0	1	79682	n/a
155.646484375	n/a	1.0	2	79691	n/a
155.662109375	n/a	0.0	1	79699	n/a
155.6796875	n/a	0.0	1	79708	n/a
155.6953125	n/a	1.0	2	79716	n/a
155.712890625	n/a	0.0	1	79725	n/a
155.728515625	n/a	1.0	2	79733	n/a
155.74609375	n/a	0.0	1	79742	n/a
155.76171875	n/a	1.0	2	79750	n/a
155.779296875	n/a	0.0	1	79759	n/a
155.794921875	n/a	1.0	2	79767	n/a
155.8125	n/a	1.0	2	79776	n/a
155.830078125	n/a	0.0	1	79785	n/a
155.845703125	n/a	1.0	2	79793	n/a
155.86328125	n/a	0.0	1	79802	n/a
155.87890625	n/a	1.0	2	79810	n/a
155.896484375	n/a	0.0	1	79819	n/a
155.912109375	n/a	0.0	1	79827	n/a
155.9296875	n/a	1.0	2	79836	n/a
155.9453125	n/a	0.0	1	79844	n/a
155.962890625	n/a	1.0	2	79853	n/a
155.978515625	n/a	1.0	2	79861	n/a
155.99609375	n/a	0.0	1	79870	n/a
156.01171875	n/a	0.0	1	79878	n/a
156.029296875	n/a	1.0	2	79887	n/a
156.044921875	n/a	1.0	2	79895	n/a
156.0625	n/a	0.0	1	79904	n/a
156.080078125	n/a	1.0	2	79913	n/a
156.095703125	n/a	0.0	1	79921	n/a
156.11328125	n/a	1.0	2	79930	n/a
156.12890625	n/a	0.0	1	79938	n/a
156.146484375	n/a	1.0	2	79947	n/a
156.162109375	n/a	0.0	1	79955	n/a
156.1796875	n/a	1.0	2	79964	n/a
156.1953125	n/a	0.0	1	79972	n/a
156.212890625	n/a	0.0	1	79981	n/a
156.228515625	n/a	1.0	2	79989	n/a
156.24609375	n/a	0.0	1	79998	n/a
156.26171875	n/a	1.0	2	80006	n/a
156.279296875	n/a	0.0	1	80015	n/a
156.294921875	n/a	1.0	2	80023	n/a
156.3125	n/a	1.0	2	80032	n/a
156.330078125	n/a	0.0	1	80041	n/a
156.345703125	n/a	0.0	1	80049	n/a
156.36328125	n/a	1.0	2	80058	n/a
156.37890625	n/a	1.0	2	80066	n/a
156.396484375	n/a	0.0	1	80075	n/a
156.412109375	n/a	1.0	2	80083	n/a
156.4296875	n/a	0.0	1	80092	n/a
156.4453125	n/a	1.0	2	80100	n/a
156.462890625	n/a	0.0	1	80109	n/a
156.478515625	n/a	0.0	1	80117	n/a
156.49609375	n/a	1.0	2	80126	n/a
156.51171875	n/a	0.0	1	80134	n/a
156.529296875	n/a	1.0	2	80143	n/a
156.544921875	n/a	0.0	1	80151	n/a
156.5625	n/a	1.0	2	80160	n/a
156.580078125	n/a	0.0	1	80169	n/a
156.595703125	n/a	1.0	2	80177	n/a
156.61328125	n/a	0.0	1	80186	n/a
156.62890625	n/a	1.0	2	80194	n/a
156.646484375	n/a	0.0	1	80203	n/a
156.662109375	n/a	1.0	2	80211	n/a
156.6796875	n/a	0.0	1	80220	n/a
156.6953125	n/a	1.0	2	80228	n/a
156.712890625	n/a	0.0	1	80237	n/a
156.728515625	n/a	1.0	2	80245	n/a
156.74609375	n/a	1.0	2	80254	n/a
156.76171875	n/a	0.0	1	80262	n/a
156.779296875	n/a	0.0	1	80271	n/a
156.794921875	n/a	1.0	2	80279	n/a
156.8125	n/a	0.0	1	80288	n/a
156.830078125	n/a	1.0	2	80297	n/a
156.845703125	n/a	0.0	1	80305	n/a
156.86328125	n/a	1.0	2	80314	n/a
156.87890625	n/a	0.0	1	80322	n/a
156.896484375	n/a	1.0	2	80331	n/a
156.912109375	n/a	1.0	2	80339	n/a
156.9296875	n/a	0.0	1	80348	n/a
156.9453125	n/a	1.0	2	80356	n/a
156.962890625	n/a	0.0	1	80365	n/a
156.978515625	n/a	0.0	1	80373	n/a
156.99609375	n/a	1.0	2	80382	n/a
157.01171875	n/a	0.0	1	80390	n/a
157.029296875	n/a	1.0	2	80399	n/a
157.044921875	n/a	1.0	2	80407	n/a
157.0625	n/a	0.0	1	80416	n/a
157.080078125	n/a	1.0	2	80425	n/a
157.095703125	n/a	0.0	1	80433	n/a
157.11328125	n/a	1.0	2	80442	n/a
157.12890625	n/a	0.0	1	80450	n/a
157.146484375	n/a	1.0	2	80459	n/a
157.162109375	n/a	0.0	1	80467	n/a
157.1796875	n/a	0.0	1	80476	n/a
157.1953125	n/a	1.0	2	80484	n/a
157.212890625	n/a	1.0	2	80493	n/a
157.228515625	n/a	0.0	1	80501	n/a
157.24609375	n/a	1.0	2	80510	n/a
157.26171875	n/a	0.0	1	80518	n/a
157.279296875	n/a	1.0	2	80527	n/a
157.294921875	n/a	0.0	1	80535	n/a
157.3125	n/a	0.0	1	80544	n/a
157.330078125	n/a	1.0	2	80553	n/a
157.345703125	n/a	0.0	1	80561	n/a
157.36328125	n/a	1.0	2	80570	n/a
157.37890625	n/a	1.0	2	80578	n/a
157.396484375	n/a	0.0	1	80587	n/a
157.412109375	n/a	0.0	1	80595	n/a
157.4296875	n/a	1.0	2	80604	n/a
157.4453125	n/a	0.0	1	80612	n/a
157.462890625	n/a	1.0	2	80621	n/a
157.478515625	n/a	1.0	2	80629	n/a
157.49609375	n/a	0.0	1	80638	n/a
157.51171875	n/a	1.0	2	80646	n/a
157.529296875	n/a	0.0	1	80655	n/a
157.544921875	n/a	1.0	2	80663	n/a
157.5625	n/a	0.0	1	80672	n/a
157.580078125	n/a	1.0	2	80681	n/a
157.595703125	n/a	0.0	1	80689	n/a
157.61328125	n/a	1.0	2	80698	n/a
157.62890625	n/a	0.0	1	80706	n/a
157.646484375	n/a	1.0	2	80715	n/a
157.662109375	n/a	0.0	1	80723	n/a
157.6796875	n/a	0.0	1	80732	n/a
157.6953125	n/a	1.0	2	80740	n/a
157.712890625	n/a	1.0	2	80749	n/a
157.728515625	n/a	0.0	1	80757	n/a
157.74609375	n/a	1.0	2	80766	n/a
157.76171875	n/a	0.0	1	80774	n/a
157.779296875	n/a	0.0	1	80783	n/a
157.794921875	n/a	1.0	2	80791	n/a
157.8125	n/a	0.0	1	80800	n/a
157.830078125	n/a	1.0	2	80809	n/a
157.845703125	n/a	0.0	1	80817	n/a
157.86328125	n/a	1.0	2	80826	n/a
157.87890625	n/a	0.0	1	80834	n/a
157.896484375	n/a	1.0	2	80843	n/a
157.912109375	n/a	1.0	2	80851	n/a
157.9296875	n/a	0.0	1	80860	n/a
157.9453125	n/a	1.0	2	80868	n/a
157.962890625	n/a	0.0	1	80877	n/a
157.978515625	n/a	1.0	2	80885	n/a
157.99609375	n/a	0.0	1	80894	n/a
158.01171875	n/a	0.0	1	80902	n/a
158.029296875	n/a	1.0	2	80911	n/a
158.044921875	n/a	0.0	1	80919	n/a
158.0625	n/a	1.0	2	80928	n/a
158.080078125	n/a	1.0	2	80937	n/a
158.095703125	n/a	0.0	1	80945	n/a
158.11328125	n/a	0.0	1	80954	n/a
158.12890625	n/a	1.0	2	80962	n/a
158.146484375	n/a	1.0	2	80971	n/a
158.162109375	n/a	0.0	1	80979	n/a
158.1796875	n/a	1.0	2	80988	n/a
158.1953125	n/a	0.0	1	80996	n/a
158.212890625	n/a	1.0	2	81005	n/a
158.228515625	n/a	0.0	1	81013	n/a
158.24609375	n/a	1.0	2	81022	n/a
158.26171875	n/a	0.0	1	81030	n/a
158.279296875	n/a	1.0	2	81039	n/a
158.294921875	n/a	0.0	1	81047	n/a
158.3125	n/a	0.0	1	81056	n/a
158.330078125	n/a	1.0	2	81065	n/a
158.345703125	n/a	0.0	1	81073	n/a
158.36328125	n/a	1.0	2	81082	n/a
158.37890625	n/a	0.0	1	81090	n/a
158.396484375	n/a	1.0	2	81099	n/a
158.412109375	n/a	1.0	2	81107	n/a
158.4296875	n/a	0.0	1	81116	n/a
158.4453125	n/a	0.0	1	81124	n/a
158.462890625	n/a	1.0	2	81133	n/a
158.478515625	n/a	1.0	2	81141	n/a
158.49609375	n/a	0.0	1	81150	n/a
158.51171875	n/a	1.0	2	81158	n/a
158.529296875	n/a	0.0	1	81167	n/a
158.544921875	n/a	1.0	2	81175	n/a
158.5625	n/a	0.0	1	81184	n/a
158.580078125	n/a	0.0	1	81193	n/a
158.595703125	n/a	1.0	2	81201	n/a
158.61328125	n/a	0.0	1	81210	n/a
158.62890625	n/a	1.0	2	81218	n/a
158.646484375	n/a	0.0	1	81227	n/a
158.662109375	n/a	1.0	2	81235	n/a
158.6796875	n/a	0.0	1	81244	n/a
158.6953125	n/a	1.0	2	81252	n/a
158.712890625	n/a	0.0	1	81261	n/a
158.728515625	n/a	1.0	2	81269	n/a
158.74609375	n/a	0.0	1	81278	n/a
158.76171875	n/a	1.0	2	81286	n/a
158.779296875	n/a	0.0	1	81295	n/a
158.794921875	n/a	1.0	2	81303	n/a
158.8125	n/a	0.0	1	81312	n/a
158.830078125	n/a	1.0	2	81321	n/a
158.845703125	n/a	1.0	2	81329	n/a
158.86328125	n/a	0.0	1	81338	n/a
158.87890625	n/a	0.0	1	81346	n/a
158.896484375	n/a	1.0	2	81355	n/a
158.912109375	n/a	0.0	1	81363	n/a
158.9296875	n/a	1.0	2	81372	n/a
158.9453125	n/a	0.0	1	81380	n/a
158.962890625	n/a	1.0	2	81389	n/a
158.978515625	n/a	0.0	1	81397	n/a
158.99609375	n/a	1.0	2	81406	n/a
159.01171875	n/a	1.0	2	81414	n/a
159.029296875	n/a	0.0	1	81423	n/a
159.044921875	n/a	1.0	2	81431	n/a
159.0625	n/a	0.0	1	81440	n/a
159.080078125	n/a	0.0	1	81449	n/a
159.095703125	n/a	1.0	2	81457	n/a
159.11328125	n/a	0.0	1	81466	n/a
159.12890625	n/a	1.0	2	81474	n/a
159.146484375	n/a	1.0	2	81483	n/a
159.162109375	n/a	0.0	1	81491	n/a
159.1796875	n/a	1.0	2	81500	n/a
159.1953125	n/a	0.0	1	81508	n/a
159.212890625	n/a	1.0	2	81517	n/a
159.228515625	n/a	0.0	1	81525	n/a
159.24609375	n/a	1.0	2	81534	n/a
159.26171875	n/a	0.0	1	81542	n/a
159.279296875	n/a	0.0	1	81551	n/a
159.294921875	n/a	1.0	2	81559	n/a
159.3125	n/a	1.0	2	81568	n/a
159.330078125	n/a	0.0	1	81577	n/a
159.345703125	n/a	1.0	2	81585	n/a
159.36328125	n/a	0.0	1	81594	n/a
159.37890625	n/a	1.0	2	81602	n/a
159.396484375	n/a	0.0	1	81611	n/a
159.412109375	n/a	0.0	1	81619	n/a
159.4296875	n/a	1.0	2	81628	n/a
159.4453125	n/a	0.0	1	81636	n/a
159.462890625	n/a	1.0	2	81645	n/a
159.478515625	n/a	1.0	2	81653	n/a
159.49609375	n/a	0.0	1	81662	n/a
159.51171875	n/a	0.0	1	81670	n/a
159.529296875	n/a	1.0	2	81679	n/a
159.544921875	n/a	0.0	1	81687	n/a
159.5625	n/a	1.0	2	81696	n/a
159.580078125	n/a	1.0	2	81705	n/a
159.595703125	n/a	0.0	1	81713	n/a
159.61328125	n/a	1.0	2	81722	n/a
159.62890625	n/a	0.0	1	81730	n/a
159.646484375	n/a	1.0	2	81739	n/a
159.662109375	n/a	0.0	1	81747	n/a
159.6796875	n/a	1.0	2	81756	n/a
159.6953125	n/a	0.0	1	81764	n/a
159.712890625	n/a	1.0	2	81773	n/a
159.728515625	n/a	0.0	1	81781	n/a
159.74609375	n/a	1.0	2	81790	n/a
159.76171875	n/a	0.0	1	81798	n/a
159.779296875	n/a	0.0	1	81807	n/a
159.794921875	n/a	1.0	2	81815	n/a
159.8125	n/a	1.0	2	81824	n/a
159.830078125	n/a	0.0	1	81833	n/a
159.845703125	n/a	1.0	2	81841	n/a
159.86328125	n/a	0.0	1	81850	n/a
159.87890625	n/a	0.0	1	81858	n/a
159.896484375	n/a	1.0	2	81867	n/a
159.912109375	n/a	0.0	1	81875	n/a
159.9296875	n/a	1.0	2	81884	n/a
159.9453125	n/a	0.0	1	81892	n/a
159.962890625	n/a	1.0	2	81901	n/a
159.978515625	n/a	0.0	1	81909	n/a
159.99609375	n/a	1.0	2	81918	n/a
160.01171875	n/a	1.0	2	81926	n/a
160.029296875	n/a	0.0	1	81935	n/a
160.044921875	n/a	1.0	2	81943	n/a
160.0625	n/a	0.0	1	81952	n/a
160.080078125	n/a	1.0	2	81961	n/a
160.095703125	n/a	0.0	1	81969	n/a
160.11328125	n/a	0.0	1	81978	n/a
160.12890625	n/a	1.0	2	81986	n/a
160.146484375	n/a	0.0	1	81995	n/a
160.162109375	n/a	1.0	2	82003	n/a
160.1796875	n/a	1.0	2	82012	n/a
160.1953125	n/a	0.0	1	82020	n/a
160.212890625	n/a	0.0	1	82029	n/a
160.228515625	n/a	1.0	2	82037	n/a
160.24609375	n/a	1.0	2	82046	n/a
160.26171875	n/a	0.0	1	82054	n/a
160.279296875	n/a	1.0	2	82063	n/a
160.294921875	n/a	0.0	1	82071	n/a
160.3125	n/a	1.0	2	82080	n/a
160.330078125	n/a	0.0	1	82089	n/a
160.345703125	n/a	1.0	2	82097	n/a
160.36328125	n/a	0.0	1	82106	n/a
160.37890625	n/a	1.0	2	82114	n/a
160.396484375	n/a	0.0	1	82123	n/a
160.412109375	n/a	0.0	1	82131	n/a
160.4296875	n/a	1.0	2	82140	n/a
160.4453125	n/a	0.0	1	82148	n/a
160.462890625	n/a	1.0	2	82157	n/a
160.478515625	n/a	0.0	1	82165	n/a
160.49609375	n/a	1.0	2	82174	n/a
160.51171875	n/a	1.0	2	82182	n/a
160.529296875	n/a	0.0	1	82191	n/a
160.544921875	n/a	0.0	1	82199	n/a
160.5625	n/a	1.0	2	82208	n/a
160.580078125	n/a	1.0	2	82217	n/a
160.595703125	n/a	0.0	1	82225	n/a
160.61328125	n/a	1.0	2	82234	n/a
160.62890625	n/a	0.0	1	82242	n/a
160.646484375	n/a	1.0	2	82251	n/a
160.662109375	n/a	0.0	1	82259	n/a
160.6796875	n/a	0.0	1	82268	n/a
160.6953125	n/a	1.0	2	82276	n/a
160.712890625	n/a	0.0	1	82285	n/a
160.728515625	n/a	1.0	2	82293	n/a
160.74609375	n/a	0.0	1	82302	n/a
160.76171875	n/a	1.0	2	82310	n/a
160.779296875	n/a	0.0	1	82319	n/a
160.794921875	n/a	1.0	2	82327	n/a
160.8125	n/a	0.0	1	82336	n/a
160.830078125	n/a	1.0	2	82345	n/a
160.845703125	n/a	0.0	1	82353	n/a
160.86328125	n/a	1.0	2	82362	n/a
160.87890625	n/a	0.0	1	82370	n/a
160.896484375	n/a	1.0	2	82379	n/a
160.912109375	n/a	0.0	1	82387	n/a
160.9296875	n/a	1.0	2	82396	n/a
160.9453125	n/a	1.0	2	82404	n/a
160.962890625	n/a	0.0	1	82413	n/a
160.978515625	n/a	0.0	1	82421	n/a
160.99609375	n/a	1.0	2	82430	n/a
161.01171875	n/a	0.0	1	82438	n/a
161.029296875	n/a	1.0	2	82447	n/a
161.044921875	n/a	0.0	1	82455	n/a
161.0625	n/a	1.0	2	82464	n/a
161.080078125	n/a	0.0	1	82473	n/a
161.095703125	n/a	1.0	2	82481	n/a
161.11328125	n/a	1.0	2	82490	n/a
161.12890625	n/a	0.0	1	82498	n/a
161.146484375	n/a	1.0	2	82507	n/a
161.162109375	n/a	0.0	1	82515	n/a
161.1796875	n/a	0.0	1	82524	n/a
161.1953125	n/a	1.0	2	82532	n/a
161.212890625	n/a	0.0	1	82541	n/a
161.228515625	n/a	1.0	2	82549	n/a
161.24609375	n/a	1.0	2	82558	n/a
161.26171875	n/a	0.0	1	82566	n/a
161.279296875	n/a	1.0	2	82575	n/a
161.294921875	n/a	0.0	1	82583	n/a
161.3125	n/a	1.0	2	82592	n/a
161.330078125	n/a	0.0	1	82601	n/a
161.345703125	n/a	1.0	2	82609	n/a
161.36328125	n/a	0.0	1	82618	n/a
161.37890625	n/a	0.0	1	82626	n/a
161.396484375	n/a	1.0	2	82635	n/a
161.412109375	n/a	1.0	2	82643	n/a
161.4296875	n/a	0.0	1	82652	n/a
161.4453125	n/a	1.0	2	82660	n/a
161.462890625	n/a	0.0	1	82669	n/a
161.478515625	n/a	1.0	2	82677	n/a
161.49609375	n/a	0.0	1	82686	n/a
161.51171875	n/a	0.0	1	82694	n/a
161.529296875	n/a	1.0	2	82703	n/a
161.544921875	n/a	0.0	1	82711	n/a
161.5625	n/a	1.0	2	82720	n/a
161.580078125	n/a	1.0	2	82729	n/a
161.595703125	n/a	0.0	1	82737	n/a
161.61328125	n/a	0.0	1	82746	n/a
161.62890625	n/a	1.0	2	82754	n/a
161.646484375	n/a	0.0	1	82763	n/a
161.662109375	n/a	1.0	2	82771	n/a
161.6796875	n/a	1.0	2	82780	n/a
161.6953125	n/a	0.0	1	82788	n/a
161.712890625	n/a	1.0	2	82797	n/a
161.728515625	n/a	0.0	1	82805	n/a
161.74609375	n/a	1.0	2	82814	n/a
161.76171875	n/a	0.0	1	82822	n/a
161.779296875	n/a	1.0	2	82831	n/a
161.794921875	n/a	0.0	1	82839	n/a
161.8125	n/a	1.0	2	82848	n/a
161.830078125	n/a	0.0	1	82857	n/a
161.845703125	n/a	1.0	2	82865	n/a
161.86328125	n/a	0.0	1	82874	n/a
161.87890625	n/a	0.0	1	82882	n/a
161.896484375	n/a	1.0	2	82891	n/a
161.912109375	n/a	1.0	2	82899	n/a
161.9296875	n/a	0.0	1	82908	n/a
161.9453125	n/a	1.0	2	82916	n/a
161.962890625	n/a	0.0	1	82925	n/a
161.978515625	n/a	0.0	1	82933	n/a
161.99609375	n/a	1.0	2	82942	n/a
162.01171875	n/a	0.0	1	82950	n/a
162.029296875	n/a	1.0	2	82959	n/a
162.044921875	n/a	0.0	1	82967	n/a
162.0625	n/a	1.0	2	82976	n/a
162.080078125	n/a	0.0	1	82985	n/a
162.095703125	n/a	1.0	2	82993	n/a
162.11328125	n/a	1.0	2	83002	n/a
162.12890625	n/a	0.0	1	83010	n/a
162.146484375	n/a	1.0	2	83019	n/a
162.162109375	n/a	0.0	1	83027	n/a
162.1796875	n/a	1.0	2	83036	n/a
162.1953125	n/a	0.0	1	83044	n/a
162.212890625	n/a	0.0	1	83053	n/a
162.228515625	n/a	1.0	2	83061	n/a
162.24609375	n/a	0.0	1	83070	n/a
162.26171875	n/a	1.0	2	83078	n/a
162.279296875	n/a	1.0	2	83087	n/a
162.294921875	n/a	0.0	1	83095	n/a
162.3125	n/a	0.0	1	83104	n/a
162.330078125	n/a	1.0	2	83113	n/a
162.345703125	n/a	1.0	2	83121	n/a
162.36328125	n/a	0.0	1	83130	n/a
162.37890625	n/a	1.0	2	83138	n/a
162.396484375	n/a	0.0	1	83147	n/a
162.412109375	n/a	1.0	2	83155	n/a
162.4296875	n/a	0.0	1	83164	n/a
162.4453125	n/a	1.0	2	83172	n/a
162.462890625	n/a	0.0	1	83181	n/a
162.478515625	n/a	1.0	2	83189	n/a
162.49609375	n/a	0.0	1	83198	n/a
162.51171875	n/a	0.0	1	83206	n/a
162.529296875	n/a	1.0	2	83215	n/a
162.544921875	n/a	0.0	1	83223	n/a
162.5625	n/a	1.0	2	83232	n/a
162.580078125	n/a	0.0	1	83241	n/a
162.595703125	n/a	1.0	2	83249	n/a
162.61328125	n/a	1.0	2	83258	n/a
162.62890625	n/a	0.0	1	83266	n/a
162.646484375	n/a	0.0	1	83275	n/a
162.662109375	n/a	1.0	2	83283	n/a
162.6796875	n/a	1.0	2	83292	n/a
162.6953125	n/a	0.0	1	83300	n/a
162.712890625	n/a	1.0	2	83309	n/a
162.728515625	n/a	0.0	1	83317	n/a
162.74609375	n/a	1.0	2	83326	n/a
162.76171875	n/a	0.0	1	83334	n/a
162.779296875	n/a	0.0	1	83343	n/a
162.794921875	n/a	1.0	2	83351	n/a
162.8125	n/a	0.0	1	83360	n/a
162.830078125	n/a	1.0	2	83369	n/a
162.845703125	n/a	0.0	1	83377	n/a
162.86328125	n/a	1.0	2	83386	n/a
162.87890625	n/a	0.0	1	83394	n/a
162.896484375	n/a	1.0	2	83403	n/a
162.912109375	n/a	0.0	1	83411	n/a
162.9296875	n/a	1.0	2	83420	n/a
162.9453125	n/a	0.0	1	83428	n/a
162.962890625	n/a	1.0	2	83437	n/a
162.978515625	n/a	0.0	1	83445	n/a
162.99609375	n/a	1.0	2	83454	n/a
163.01171875	n/a	0.0	1	83462	n/a
163.029296875	n/a	1.0	2	83471	n/a
163.044921875	n/a	1.0	2	83479	n/a
163.0625	n/a	0.0	1	83488	n/a
163.080078125	n/a	0.0	1	83497	n/a
163.095703125	n/a	1.0	2	83505	n/a
163.11328125	n/a	0.0	1	83514	n/a
163.12890625	n/a	1.0	2	83522	n/a
163.146484375	n/a	0.0	1	83531	n/a
163.162109375	n/a	1.0	2	83539	n/a
163.1796875	n/a	0.0	1	83548	n/a
163.1953125	n/a	1.0	2	83556	n/a
163.212890625	n/a	1.0	2	83565	n/a
163.228515625	n/a	0.0	1	83573	n/a
163.24609375	n/a	1.0	2	83582	n/a
163.26171875	n/a	0.0	1	83590	n/a
163.279296875	n/a	0.0	1	83599	n/a
163.294921875	n/a	1.0	2	83607	n/a
163.3125	n/a	0.0	1	83616	n/a
163.330078125	n/a	1.0	2	83625	n/a
163.345703125	n/a	1.0	2	83633	n/a
163.36328125	n/a	0.0	1	83642	n/a
163.37890625	n/a	1.0	2	83650	n/a
163.396484375	n/a	0.0	1	83659	n/a
163.412109375	n/a	1.0	2	83667	n/a
163.4296875	n/a	0.0	1	83676	n/a
163.4453125	n/a	1.0	2	83684	n/a
163.462890625	n/a	0.0	1	83693	n/a
163.478515625	n/a	0.0	1	83701	n/a
163.49609375	n/a	1.0	2	83710	n/a
163.51171875	n/a	1.0	2	83718	n/a
163.529296875	n/a	0.0	1	83727	n/a
163.544921875	n/a	1.0	2	83735	n/a
163.5625	n/a	0.0	1	83744	n/a
163.580078125	n/a	1.0	2	83753	n/a
163.595703125	n/a	0.0	1	83761	n/a
163.61328125	n/a	0.0	1	83770	n/a
163.62890625	n/a	1.0	2	83778	n/a
163.646484375	n/a	0.0	1	83787	n/a
163.662109375	n/a	1.0	2	83795	n/a
163.6796875	n/a	1.0	2	83804	n/a
163.6953125	n/a	0.0	1	83812	n/a
163.712890625	n/a	0.0	1	83821	n/a
163.728515625	n/a	1.0	2	83829	n/a
163.74609375	n/a	0.0	1	83838	n/a
163.76171875	n/a	1.0	2	83846	n/a
163.779296875	n/a	1.0	2	83855	n/a
163.794921875	n/a	0.0	1	83863	n/a
163.8125	n/a	1.0	2	83872	n/a
163.830078125	n/a	0.0	1	83881	n/a
163.845703125	n/a	1.0	2	83889	n/a
163.86328125	n/a	0.0	1	83898	n/a
163.87890625	n/a	1.0	2	83906	n/a
163.896484375	n/a	0.0	1	83915	n/a
163.912109375	n/a	1.0	2	83923	n/a
163.9296875	n/a	0.0	1	83932	n/a
163.9453125	n/a	1.0	2	83940	n/a
163.962890625	n/a	0.0	1	83949	n/a
163.978515625	n/a	0.0	1	83957	n/a
163.99609375	n/a	1.0	2	83966	n/a
164.01171875	n/a	1.0	2	83974	n/a
164.029296875	n/a	0.0	1	83983	n/a
164.044921875	n/a	1.0	2	83991	n/a
164.0625	n/a	0.0	1	84000	n/a
164.080078125	n/a	0.0	1	84009	n/a
164.095703125	n/a	1.0	2	84017	n/a
164.11328125	n/a	0.0	1	84026	n/a
164.12890625	n/a	1.0	2	84034	n/a
164.146484375	n/a	0.0	1	84043	n/a
164.162109375	n/a	1.0	2	84051	n/a
164.1796875	n/a	0.0	1	84060	n/a
164.1953125	n/a	1.0	2	84068	n/a
164.212890625	n/a	1.0	2	84077	n/a
164.228515625	n/a	0.0	1	84085	n/a
164.24609375	n/a	1.0	2	84094	n/a
164.26171875	n/a	0.0	1	84102	n/a
164.279296875	n/a	1.0	2	84111	n/a
164.294921875	n/a	0.0	1	84119	n/a
164.3125	n/a	0.0	1	84128	n/a
164.330078125	n/a	1.0	2	84137	n/a
164.345703125	n/a	0.0	1	84145	n/a
164.36328125	n/a	1.0	2	84154	n/a
164.37890625	n/a	1.0	2	84162	n/a
164.396484375	n/a	0.0	1	84171	n/a
164.412109375	n/a	0.0	1	84179	n/a
164.4296875	n/a	1.0	2	84188	n/a
164.4453125	n/a	1.0	2	84196	n/a
164.462890625	n/a	0.0	1	84205	n/a
164.478515625	n/a	1.0	2	84213	n/a
164.49609375	n/a	0.0	1	84222	n/a
164.51171875	n/a	1.0	2	84230	n/a
164.529296875	n/a	0.0	1	84239	n/a
164.544921875	n/a	1.0	2	84247	n/a
164.5625	n/a	0.0	1	84256	n/a
164.580078125	n/a	1.0	2	84265	n/a
164.595703125	n/a	0.0	1	84273	n/a
164.61328125	n/a	0.0	1	84282	n/a
164.62890625	n/a	1.0	2	84290	n/a
164.646484375	n/a	0.0	1	84299	n/a
164.662109375	n/a	1.0	2	84307	n/a
164.6796875	n/a	0.0	1	84316	n/a
164.6953125	n/a	1.0	2	84324	n/a
164.712890625	n/a	1.0	2	84333	n/a
164.728515625	n/a	0.0	1	84341	n/a
164.74609375	n/a	0.0	1	84350	n/a
164.76171875	n/a	1.0	2	84358	n/a
164.779296875	n/a	1.0	2	84367	n/a
164.794921875	n/a	0.0	1	84375	n/a
164.8125	n/a	1.0	2	84384	n/a
164.830078125	n/a	0.0	1	84393	n/a
164.845703125	n/a	1.0	2	84401	n/a
164.86328125	n/a	0.0	1	84410	n/a
164.87890625	n/a	0.0	1	84418	n/a
164.896484375	n/a	1.0	2	84427	n/a
164.912109375	n/a	0.0	1	84435	n/a
164.9296875	n/a	1.0	2	84444	n/a
164.9453125	n/a	0.0	1	84452	n/a
164.962890625	n/a	1.0	2	84461	n/a
164.978515625	n/a	0.0	1	84469	n/a
164.99609375	n/a	1.0	2	84478	n/a
165.01171875	n/a	0.0	1	84486	n/a
165.029296875	n/a	1.0	2	84495	n/a
165.044921875	n/a	0.0	1	84503	n/a
165.0625	n/a	1.0	2	84512	n/a
165.080078125	n/a	0.0	1	84521	n/a
165.095703125	n/a	1.0	2	84529	n/a
165.11328125	n/a	0.0	1	84538	n/a
165.12890625	n/a	1.0	2	84546	n/a
165.146484375	n/a	1.0	2	84555	n/a
165.162109375	n/a	0.0	1	84563	n/a
165.1796875	n/a	0.0	1	84572	n/a
165.1953125	n/a	1.0	2	84580	n/a
165.212890625	n/a	0.0	1	84589	n/a
165.228515625	n/a	1.0	2	84597	n/a
165.24609375	n/a	0.0	1	84606	n/a
165.26171875	n/a	1.0	2	84614	n/a
165.279296875	n/a	0.0	1	84623	n/a
165.294921875	n/a	1.0	2	84631	n/a
165.3125	n/a	1.0	2	84640	n/a
165.330078125	n/a	0.0	1	84649	n/a
165.345703125	n/a	1.0	2	84657	n/a
165.36328125	n/a	0.0	1	84666	n/a
165.37890625	n/a	0.0	1	84674	n/a
165.396484375	n/a	1.0	2	84683	n/a
165.412109375	n/a	0.0	1	84691	n/a
165.4296875	n/a	1.0	2	84700	n/a
165.4453125	n/a	1.0	2	84708	n/a
165.462890625	n/a	0.0	1	84717	n/a
165.478515625	n/a	1.0	2	84725	n/a
165.49609375	n/a	0.0	1	84734	n/a
165.51171875	n/a	1.0	2	84742	n/a
165.529296875	n/a	0.0	1	84751	n/a
165.544921875	n/a	1.0	2	84759	n/a
165.5625	n/a	0.0	1	84768	n/a
165.580078125	n/a	0.0	1	84777	n/a
165.595703125	n/a	1.0	2	84785	n/a
165.61328125	n/a	1.0	2	84794	n/a
165.62890625	n/a	0.0	1	84802	n/a
165.646484375	n/a	1.0	2	84811	n/a
165.662109375	n/a	0.0	1	84819	n/a
165.6796875	n/a	1.0	2	84828	n/a
165.6953125	n/a	0.0	1	84836	n/a
165.712890625	n/a	0.0	1	84845	n/a
165.728515625	n/a	1.0	2	84853	n/a
165.74609375	n/a	0.0	1	84862	n/a
165.76171875	n/a	1.0	2	84870	n/a
165.779296875	n/a	1.0	2	84879	n/a
165.794921875	n/a	0.0	1	84887	n/a
165.8125	n/a	0.0	1	84896	n/a
165.830078125	n/a	1.0	2	84905	n/a
165.845703125	n/a	0.0	1	84913	n/a
165.86328125	n/a	1.0	2	84922	n/a
165.87890625	n/a	1.0	2	84930	n/a
165.896484375	n/a	0.0	1	84939	n/a
165.912109375	n/a	1.0	2	84947	n/a
165.9296875	n/a	0.0	1	84956	n/a
165.9453125	n/a	1.0	2	84964	n/a
165.962890625	n/a	0.0	1	84973	n/a
165.978515625	n/a	1.0	2	84981	n/a
165.99609375	n/a	0.0	1	84990	n/a
166.01171875	n/a	1.0	2	84998	n/a
166.029296875	n/a	0.0	1	85007	n/a
166.044921875	n/a	1.0	2	85015	n/a
166.0625	n/a	0.0	1	85024	n/a
166.080078125	n/a	0.0	1	85033	n/a
166.095703125	n/a	1.0	2	85041	n/a
166.11328125	n/a	1.0	2	85050	n/a
166.12890625	n/a	0.0	1	85058	n/a
166.146484375	n/a	1.0	2	85067	n/a
166.162109375	n/a	0.0	1	85075	n/a
166.1796875	n/a	0.0	1	85084	n/a
166.1953125	n/a	1.0	2	85092	n/a
166.212890625	n/a	0.0	1	85101	n/a
166.228515625	n/a	1.0	2	85109	n/a
166.24609375	n/a	0.0	1	85118	n/a
166.26171875	n/a	1.0	2	85126	n/a
166.279296875	n/a	0.0	1	85135	n/a
166.294921875	n/a	1.0	2	85143	n/a
166.3125	n/a	1.0	2	85152	n/a
166.330078125	n/a	0.0	1	85161	n/a
166.345703125	n/a	1.0	2	85169	n/a
166.36328125	n/a	0.0	1	85178	n/a
166.37890625	n/a	1.0	2	85186	n/a
166.396484375	n/a	0.0	1	85195	n/a
166.412109375	n/a	0.0	1	85203	n/a
166.4296875	n/a	1.0	2	85212	n/a
166.4453125	n/a	0.0	1	85220	n/a
166.462890625	n/a	1.0	2	85229	n/a
166.478515625	n/a	1.0	2	85237	n/a
166.49609375	n/a	0.0	1	85246	n/a
166.51171875	n/a	0.0	1	85254	n/a
166.529296875	n/a	1.0	2	85263	n/a
166.544921875	n/a	1.0	2	85271	n/a
166.5625	n/a	0.0	1	85280	n/a
166.580078125	n/a	1.0	2	85289	n/a
166.595703125	n/a	0.0	1	85297	n/a
166.61328125	n/a	1.0	2	85306	n/a
166.62890625	n/a	0.0	1	85314	n/a
166.646484375	n/a	1.0	2	85323	n/a
166.662109375	n/a	0.0	1	85331	n/a
166.6796875	n/a	1.0	2	85340	n/a
166.6953125	n/a	0.0	1	85348	n/a
166.712890625	n/a	0.0	1	85357	n/a
166.728515625	n/a	1.0	2	85365	n/a
166.74609375	n/a	0.0	1	85374	n/a
166.76171875	n/a	1.0	2	85382	n/a
166.779296875	n/a	0.0	1	85391	n/a
166.794921875	n/a	1.0	2	85399	n/a
166.8125	n/a	1.0	2	85408	n/a
166.830078125	n/a	0.0	1	85417	n/a
166.845703125	n/a	0.0	1	85425	n/a
166.86328125	n/a	1.0	2	85434	n/a
166.87890625	n/a	1.0	2	85442	n/a
166.896484375	n/a	0.0	1	85451	n/a
166.912109375	n/a	1.0	2	85459	n/a
166.9296875	n/a	0.0	1	85468	n/a
166.9453125	n/a	1.0	2	85476	n/a
166.962890625	n/a	0.0	1	85485	n/a
166.978515625	n/a	0.0	1	85493	n/a
166.99609375	n/a	1.0	2	85502	n/a
167.01171875	n/a	0.0	1	85510	n/a
167.029296875	n/a	1.0	2	85519	n/a
167.044921875	n/a	0.0	1	85527	n/a
167.0625	n/a	1.0	2	85536	n/a
167.080078125	n/a	0.0	1	85545	n/a
167.095703125	n/a	1.0	2	85553	n/a
167.11328125	n/a	0.0	1	85562	n/a
167.12890625	n/a	1.0	2	85570	n/a
167.146484375	n/a	0.0	1	85579	n/a
167.162109375	n/a	1.0	2	85587	n/a
167.1796875	n/a	0.0	1	85596	n/a
167.1953125	n/a	1.0	2	85604	n/a
167.212890625	n/a	0.0	1	85613	n/a
167.228515625	n/a	1.0	2	85621	n/a
167.24609375	n/a	1.0	2	85630	n/a
167.26171875	n/a	0.0	1	85638	n/a
167.279296875	n/a	0.0	1	85647	n/a
167.294921875	n/a	1.0	2	85655	n/a
167.3125	n/a	0.0	1	85664	n/a
167.330078125	n/a	1.0	2	85673	n/a
167.345703125	n/a	0.0	1	85681	n/a
167.36328125	n/a	1.0	2	85690	n/a
167.37890625	n/a	0.0	1	85698	n/a
167.396484375	n/a	1.0	2	85707	n/a
167.412109375	n/a	1.0	2	85715	n/a
167.4296875	n/a	0.0	1	85724	n/a
167.4453125	n/a	1.0	2	85732	n/a
167.462890625	n/a	0.0	1	85741	n/a
167.478515625	n/a	0.0	1	85749	n/a
167.49609375	n/a	1.0	2	85758	n/a
167.51171875	n/a	0.0	1	85766	n/a
167.529296875	n/a	1.0	2	85775	n/a
167.544921875	n/a	1.0	2	85783	n/a
167.5625	n/a	0.0	1	85792	n/a
167.580078125	n/a	1.0	2	85801	n/a
167.595703125	n/a	0.0	1	85809	n/a
167.61328125	n/a	1.0	2	85818	n/a
167.62890625	n/a	0.0	1	85826	n/a
167.646484375	n/a	1.0	2	85835	n/a
167.662109375	n/a	0.0	1	85843	n/a
167.6796875	n/a	0.0	1	85852	n/a
167.6953125	n/a	1.0	2	85860	n/a
167.712890625	n/a	1.0	2	85869	n/a
167.728515625	n/a	0.0	1	85877	n/a
167.74609375	n/a	1.0	2	85886	n/a
167.76171875	n/a	0.0	1	85894	n/a
167.779296875	n/a	1.0	2	85903	n/a
167.794921875	n/a	0.0	1	85911	n/a
167.8125	n/a	0.0	1	85920	n/a
167.830078125	n/a	1.0	2	85929	n/a
167.845703125	n/a	0.0	1	85937	n/a
167.86328125	n/a	1.0	2	85946	n/a
167.87890625	n/a	1.0	2	85954	n/a
167.896484375	n/a	0.0	1	85963	n/a
167.912109375	n/a	0.0	1	85971	n/a
167.9296875	n/a	1.0	2	85980	n/a
167.9453125	n/a	0.0	1	85988	n/a
167.962890625	n/a	1.0	2	85997	n/a
167.978515625	n/a	1.0	2	86005	n/a
167.99609375	n/a	0.0	1	86014	n/a
168.01171875	n/a	1.0	2	86022	n/a
168.029296875	n/a	0.0	1	86031	n/a
168.044921875	n/a	1.0	2	86039	n/a
168.0625	n/a	0.0	1	86048	n/a
168.080078125	n/a	1.0	2	86057	n/a
168.095703125	n/a	0.0	1	86065	n/a
168.11328125	n/a	1.0	2	86074	n/a
168.12890625	n/a	0.0	1	86082	n/a
168.146484375	n/a	1.0	2	86091	n/a
168.162109375	n/a	0.0	1	86099	n/a
168.1796875	n/a	0.0	1	86108	n/a
168.1953125	n/a	1.0	2	86116	n/a
168.212890625	n/a	1.0	2	86125	n/a
168.228515625	n/a	0.0	1	86133	n/a
168.24609375	n/a	1.0	2	86142	n/a
168.26171875	n/a	0.0	1	86150	n/a
168.279296875	n/a	0.0	1	86159	n/a
168.294921875	n/a	1.0	2	86167	n/a
168.3125	n/a	0.0	1	86176	n/a
168.330078125	n/a	1.0	2	86185	n/a
168.345703125	n/a	0.0	1	86193	n/a
168.36328125	n/a	1.0	2	86202	n/a
168.37890625	n/a	0.0	1	86210	n/a
168.396484375	n/a	1.0	2	86219	n/a
168.412109375	n/a	1.0	2	86227	n/a
168.4296875	n/a	0.0	1	86236	n/a
168.4453125	n/a	1.0	2	86244	n/a
168.462890625	n/a	0.0	1	86253	n/a
168.478515625	n/a	1.0	2	86261	n/a
168.49609375	n/a	0.0	1	86270	n/a
168.51171875	n/a	0.0	1	86278	n/a
168.529296875	n/a	1.0	2	86287	n/a
168.544921875	n/a	0.0	1	86295	n/a
168.5625	n/a	1.0	2	86304	n/a
168.580078125	n/a	1.0	2	86313	n/a
168.595703125	n/a	0.0	1	86321	n/a
168.61328125	n/a	0.0	1	86330	n/a
168.62890625	n/a	1.0	2	86338	n/a
168.646484375	n/a	1.0	2	86347	n/a
168.662109375	n/a	0.0	1	86355	n/a
168.6796875	n/a	1.0	2	86364	n/a
168.6953125	n/a	0.0	1	86372	n/a
168.712890625	n/a	1.0	2	86381	n/a
168.728515625	n/a	0.0	1	86389	n/a
168.74609375	n/a	1.0	2	86398	n/a
168.76171875	n/a	0.0	1	86406	n/a
168.779296875	n/a	1.0	2	86415	n/a
168.794921875	n/a	0.0	1	86423	n/a
168.8125	n/a	0.0	1	86432	n/a
168.830078125	n/a	1.0	2	86441	n/a
168.845703125	n/a	0.0	1	86449	n/a
168.86328125	n/a	1.0	2	86458	n/a
168.87890625	n/a	0.0	1	86466	n/a
168.896484375	n/a	1.0	2	86475	n/a
168.912109375	n/a	1.0	2	86483	n/a
168.9296875	n/a	0.0	1	86492	n/a
168.9453125	n/a	0.0	1	86500	n/a
168.962890625	n/a	1.0	2	86509	n/a
168.978515625	n/a	1.0	2	86517	n/a
168.99609375	n/a	0.0	1	86526	n/a
169.01171875	n/a	1.0	2	86534	n/a
169.029296875	n/a	0.0	1	86543	n/a
169.044921875	n/a	1.0	2	86551	n/a
169.0625	n/a	0.0	1	86560	n/a
169.080078125	n/a	0.0	1	86569	n/a
169.095703125	n/a	1.0	2	86577	n/a
169.11328125	n/a	0.0	1	86586	n/a
169.12890625	n/a	1.0	2	86594	n/a
169.146484375	n/a	0.0	1	86603	n/a
169.162109375	n/a	1.0	2	86611	n/a
169.1796875	n/a	0.0	1	86620	n/a
169.1953125	n/a	1.0	2	86628	n/a
169.212890625	n/a	0.0	1	86637	n/a
169.228515625	n/a	1.0	2	86645	n/a
169.24609375	n/a	0.0	1	86654	n/a
169.26171875	n/a	1.0	2	86662	n/a
169.279296875	n/a	0.0	1	86671	n/a
169.294921875	n/a	1.0	2	86679	n/a
169.3125	n/a	0.0	1	86688	n/a
169.330078125	n/a	1.0	2	86697	n/a
169.345703125	n/a	1.0	2	86705	n/a
169.36328125	n/a	0.0	1	86714	n/a
169.37890625	n/a	0.0	1	86722	n/a
169.396484375	n/a	1.0	2	86731	n/a
169.412109375	n/a	0.0	1	86739	n/a
169.4296875	n/a	1.0	2	86748	n/a
169.4453125	n/a	0.0	1	86756	n/a
169.462890625	n/a	1.0	2	86765	n/a
169.478515625	n/a	0.0	1	86773	n/a
169.49609375	n/a	1.0	2	86782	n/a
169.51171875	n/a	1.0	2	86790	n/a
169.529296875	n/a	0.0	1	86799	n/a
169.544921875	n/a	1.0	2	86807	n/a
169.5625	n/a	0.0	1	86816	n/a
169.580078125	n/a	0.0	1	86825	n/a
169.595703125	n/a	1.0	2	86833	n/a
169.61328125	n/a	0.0	1	86842	n/a
169.62890625	n/a	1.0	2	86850	n/a
169.646484375	n/a	1.0	2	86859	n/a
169.662109375	n/a	0.0	1	86867	n/a
169.6796875	n/a	1.0	2	86876	n/a
169.6953125	n/a	0.0	1	86884	n/a
169.712890625	n/a	1.0	2	86893	n/a
169.728515625	n/a	0.0	1	86901	n/a
169.74609375	n/a	1.0	2	86910	n/a
169.76171875	n/a	0.0	1	86918	n/a
169.779296875	n/a	0.0	1	86927	n/a
169.794921875	n/a	1.0	2	86935	n/a
169.8125	n/a	1.0	2	86944	n/a
169.830078125	n/a	0.0	1	86953	n/a
169.845703125	n/a	1.0	2	86961	n/a
169.86328125	n/a	0.0	1	86970	n/a
169.87890625	n/a	1.0	2	86978	n/a
169.896484375	n/a	0.0	1	86987	n/a
169.912109375	n/a	0.0	1	86995	n/a
169.9296875	n/a	1.0	2	87004	n/a
169.9453125	n/a	0.0	1	87012	n/a
169.962890625	n/a	1.0	2	87021	n/a
169.978515625	n/a	1.0	2	87029	n/a
169.99609375	n/a	0.0	1	87038	n/a
170.01171875	n/a	0.0	1	87046	n/a
170.029296875	n/a	1.0	2	87055	n/a
170.044921875	n/a	0.0	1	87063	n/a
170.0625	n/a	1.0	2	87072	n/a
170.080078125	n/a	1.0	2	87081	n/a
170.095703125	n/a	0.0	1	87089	n/a
170.11328125	n/a	1.0	2	87098	n/a
170.12890625	n/a	0.0	1	87106	n/a
170.146484375	n/a	1.0	2	87115	n/a
170.162109375	n/a	0.0	1	87123	n/a
170.1796875	n/a	1.0	2	87132	n/a
170.1953125	n/a	0.0	1	87140	n/a
170.212890625	n/a	1.0	2	87149	n/a
170.228515625	n/a	0.0	1	87157	n/a
170.24609375	n/a	1.0	2	87166	n/a
170.26171875	n/a	0.0	1	87174	n/a
170.279296875	n/a	0.0	1	87183	n/a
170.294921875	n/a	1.0	2	87191	n/a
170.3125	n/a	1.0	2	87200	n/a
170.330078125	n/a	0.0	1	87209	n/a
170.345703125	n/a	1.0	2	87217	n/a
170.36328125	n/a	0.0	1	87226	n/a
170.37890625	n/a	0.0	1	87234	n/a
170.396484375	n/a	1.0	2	87243	n/a
170.412109375	n/a	0.0	1	87251	n/a
170.4296875	n/a	1.0	2	87260	n/a
170.4453125	n/a	0.0	1	87268	n/a
170.462890625	n/a	1.0	2	87277	n/a
170.478515625	n/a	0.0	1	87285	n/a
170.49609375	n/a	1.0	2	87294	n/a
170.51171875	n/a	1.0	2	87302	n/a
170.529296875	n/a	0.0	1	87311	n/a
170.544921875	n/a	1.0	2	87319	n/a
170.5625	n/a	0.0	1	87328	n/a
170.580078125	n/a	1.0	2	87337	n/a
170.595703125	n/a	0.0	1	87345	n/a
170.61328125	n/a	0.0	1	87354	n/a
170.62890625	n/a	1.0	2	87362	n/a
170.646484375	n/a	0.0	1	87371	n/a
170.662109375	n/a	1.0	2	87379	n/a
170.6796875	n/a	1.0	2	87388	n/a
170.6953125	n/a	0.0	1	87396	n/a
170.712890625	n/a	0.0	1	87405	n/a
170.728515625	n/a	1.0	2	87413	n/a
170.74609375	n/a	1.0	2	87422	n/a
170.76171875	n/a	0.0	1	87430	n/a
170.779296875	n/a	1.0	2	87439	n/a
170.794921875	n/a	0.0	1	87447	n/a
170.8125	n/a	1.0	2	87456	n/a
170.830078125	n/a	0.0	1	87465	n/a
170.845703125	n/a	1.0	2	87473	n/a
170.86328125	n/a	0.0	1	87482	n/a
170.87890625	n/a	1.0	2	87490	n/a
170.896484375	n/a	0.0	1	87499	n/a
170.912109375	n/a	0.0	1	87507	n/a
170.9296875	n/a	1.0	2	87516	n/a
170.9453125	n/a	0.0	1	87524	n/a
170.962890625	n/a	1.0	2	87533	n/a
170.978515625	n/a	0.0	1	87541	n/a
170.99609375	n/a	1.0	2	87550	n/a
171.01171875	n/a	1.0	2	87558	n/a
171.029296875	n/a	0.0	1	87567	n/a
171.044921875	n/a	0.0	1	87575	n/a
171.0625	n/a	1.0	2	87584	n/a
171.080078125	n/a	1.0	2	87593	n/a
171.095703125	n/a	0.0	1	87601	n/a
171.11328125	n/a	1.0	2	87610	n/a
171.12890625	n/a	0.0	1	87618	n/a
171.146484375	n/a	1.0	2	87627	n/a
171.162109375	n/a	0.0	1	87635	n/a
171.1796875	n/a	0.0	1	87644	n/a
171.1953125	n/a	1.0	2	87652	n/a
171.212890625	n/a	0.0	1	87661	n/a
171.228515625	n/a	1.0	2	87669	n/a
171.24609375	n/a	0.0	1	87678	n/a
171.26171875	n/a	1.0	2	87686	n/a
171.279296875	n/a	0.0	1	87695	n/a
171.294921875	n/a	1.0	2	87703	n/a
171.3125	n/a	0.0	1	87712	n/a
171.330078125	n/a	1.0	2	87721	n/a
171.345703125	n/a	0.0	1	87729	n/a
171.36328125	n/a	1.0	2	87738	n/a
171.37890625	n/a	0.0	1	87746	n/a
171.396484375	n/a	1.0	2	87755	n/a
171.412109375	n/a	0.0	1	87763	n/a
171.4296875	n/a	1.0	2	87772	n/a
171.4453125	n/a	1.0	2	87780	n/a
171.462890625	n/a	0.0	1	87789	n/a
171.478515625	n/a	0.0	1	87797	n/a
171.49609375	n/a	1.0	2	87806	n/a
171.51171875	n/a	0.0	1	87814	n/a
171.529296875	n/a	1.0	2	87823	n/a
171.544921875	n/a	0.0	1	87831	n/a
171.5625	n/a	1.0	2	87840	n/a
171.580078125	n/a	0.0	1	87849	n/a
171.595703125	n/a	1.0	2	87857	n/a
171.61328125	n/a	1.0	2	87866	n/a
171.62890625	n/a	0.0	1	87874	n/a
171.646484375	n/a	1.0	2	87883	n/a
171.662109375	n/a	0.0	1	87891	n/a
171.6796875	n/a	0.0	1	87900	n/a
171.6953125	n/a	1.0	2	87908	n/a
171.712890625	n/a	0.0	1	87917	n/a
171.728515625	n/a	1.0	2	87925	n/a
171.74609375	n/a	1.0	2	87934	n/a
171.76171875	n/a	0.0	1	87942	n/a
171.779296875	n/a	1.0	2	87951	n/a
171.794921875	n/a	0.0	1	87959	n/a
171.8125	n/a	1.0	2	87968	n/a
171.830078125	n/a	0.0	1	87977	n/a
171.845703125	n/a	1.0	2	87985	n/a
171.86328125	n/a	0.0	1	87994	n/a
171.87890625	n/a	0.0	1	88002	n/a
171.896484375	n/a	1.0	2	88011	n/a
171.912109375	n/a	1.0	2	88019	n/a
171.9296875	n/a	0.0	1	88028	n/a
171.9453125	n/a	1.0	2	88036	n/a
171.962890625	n/a	0.0	1	88045	n/a
171.978515625	n/a	1.0	2	88053	n/a
171.99609375	n/a	0.0	1	88062	n/a
172.01171875	n/a	0.0	1	88070	n/a
172.029296875	n/a	1.0	2	88079	n/a
172.044921875	n/a	0.0	1	88087	n/a
172.0625	n/a	1.0	2	88096	n/a
172.080078125	n/a	1.0	2	88105	n/a
172.095703125	n/a	0.0	1	88113	n/a
172.11328125	n/a	0.0	1	88122	n/a
172.12890625	n/a	1.0	2	88130	n/a
172.146484375	n/a	0.0	1	88139	n/a
172.162109375	n/a	1.0	2	88147	n/a
172.1796875	n/a	1.0	2	88156	n/a
172.1953125	n/a	0.0	1	88164	n/a
172.212890625	n/a	1.0	2	88173	n/a
172.228515625	n/a	0.0	1	88181	n/a
172.24609375	n/a	1.0	2	88190	n/a
172.26171875	n/a	0.0	1	88198	n/a
172.279296875	n/a	1.0	2	88207	n/a
172.294921875	n/a	0.0	1	88215	n/a
172.3125	n/a	1.0	2	88224	n/a
172.330078125	n/a	0.0	1	88233	n/a
172.345703125	n/a	1.0	2	88241	n/a
172.36328125	n/a	0.0	1	88250	n/a
172.37890625	n/a	0.0	1	88258	n/a
172.396484375	n/a	1.0	2	88267	n/a
172.412109375	n/a	1.0	2	88275	n/a
172.4296875	n/a	0.0	1	88284	n/a
172.4453125	n/a	1.0	2	88292	n/a
172.462890625	n/a	0.0	1	88301	n/a
172.478515625	n/a	0.0	1	88309	n/a
172.49609375	n/a	1.0	2	88318	n/a
172.51171875	n/a	0.0	1	88326	n/a
172.529296875	n/a	1.0	2	88335	n/a
172.544921875	n/a	0.0	1	88343	n/a
172.5625	n/a	1.0	2	88352	n/a
172.580078125	n/a	0.0	1	88361	n/a
172.595703125	n/a	1.0	2	88369	n/a
172.61328125	n/a	1.0	2	88378	n/a
172.62890625	n/a	0.0	1	88386	n/a
172.646484375	n/a	1.0	2	88395	n/a
172.662109375	n/a	0.0	1	88403	n/a
172.6796875	n/a	1.0	2	88412	n/a
172.6953125	n/a	0.0	1	88420	n/a
172.712890625	n/a	0.0	1	88429	n/a
172.728515625	n/a	1.0	2	88437	n/a
172.74609375	n/a	0.0	1	88446	n/a
172.76171875	n/a	1.0	2	88454	n/a
172.779296875	n/a	1.0	2	88463	n/a
172.794921875	n/a	0.0	1	88471	n/a
172.8125	n/a	0.0	1	88480	n/a
172.830078125	n/a	1.0	2	88489	n/a
172.845703125	n/a	1.0	2	88497	n/a
172.86328125	n/a	0.0	1	88506	n/a
172.87890625	n/a	1.0	2	88514	n/a
172.896484375	n/a	0.0	1	88523	n/a
172.912109375	n/a	1.0	2	88531	n/a
172.9296875	n/a	0.0	1	88540	n/a
172.9453125	n/a	1.0	2	88548	n/a
172.962890625	n/a	0.0	1	88557	n/a
172.978515625	n/a	1.0	2	88565	n/a
172.99609375	n/a	0.0	1	88574	n/a
173.01171875	n/a	0.0	1	88582	n/a
173.029296875	n/a	1.0	2	88591	n/a
173.044921875	n/a	0.0	1	88599	n/a
173.0625	n/a	1.0	2	88608	n/a
173.080078125	n/a	0.0	1	88617	n/a
173.095703125	n/a	1.0	2	88625	n/a
173.11328125	n/a	1.0	2	88634	n/a
173.12890625	n/a	0.0	1	88642	n/a
173.146484375	n/a	0.0	1	88651	n/a
173.162109375	n/a	1.0	2	88659	n/a
173.1796875	n/a	1.0	2	88668	n/a
173.1953125	n/a	0.0	1	88676	n/a
173.212890625	n/a	1.0	2	88685	n/a
173.228515625	n/a	0.0	1	88693	n/a
173.24609375	n/a	1.0	2	88702	n/a
173.26171875	n/a	0.0	1	88710	n/a
173.279296875	n/a	0.0	1	88719	n/a
173.294921875	n/a	1.0	2	88727	n/a
173.3125	n/a	0.0	1	88736	n/a
173.330078125	n/a	1.0	2	88745	n/a
173.345703125	n/a	0.0	1	88753	n/a
173.36328125	n/a	1.0	2	88762	n/a
173.37890625	n/a	0.0	1	88770	n/a
173.396484375	n/a	1.0	2	88779	n/a
173.412109375	n/a	0.0	1	88787	n/a
173.4296875	n/a	1.0	2	88796	n/a
173.4453125	n/a	0.0	1	88804	n/a
173.462890625	n/a	1.0	2	88813	n/a
173.478515625	n/a	0.0	1	88821	n/a
173.49609375	n/a	1.0	2	88830	n/a
173.51171875	n/a	0.0	1	88838	n/a
173.529296875	n/a	1.0	2	88847	n/a
173.544921875	n/a	1.0	2	88855	n/a
173.5625	n/a	0.0	1	88864	n/a
173.580078125	n/a	0.0	1	88873	n/a
173.595703125	n/a	1.0	2	88881	n/a
173.61328125	n/a	0.0	1	88890	n/a
173.62890625	n/a	1.0	2	88898	n/a
173.646484375	n/a	0.0	1	88907	n/a
173.662109375	n/a	1.0	2	88915	n/a
173.6796875	n/a	0.0	1	88924	n/a
173.6953125	n/a	1.0	2	88932	n/a
173.712890625	n/a	1.0	2	88941	n/a
173.728515625	n/a	0.0	1	88949	n/a
173.74609375	n/a	1.0	2	88958	n/a
173.76171875	n/a	0.0	1	88966	n/a
173.779296875	n/a	0.0	1	88975	n/a
173.794921875	n/a	1.0	2	88983	n/a
173.8125	n/a	0.0	1	88992	n/a
173.830078125	n/a	1.0	2	89001	n/a
173.845703125	n/a	1.0	2	89009	n/a
173.86328125	n/a	0.0	1	89018	n/a
173.87890625	n/a	1.0	2	89026	n/a
173.896484375	n/a	0.0	1	89035	n/a
173.912109375	n/a	1.0	2	89043	n/a
173.9296875	n/a	0.0	1	89052	n/a
173.9453125	n/a	1.0	2	89060	n/a
173.962890625	n/a	0.0	1	89069	n/a
173.978515625	n/a	0.0	1	89077	n/a
173.99609375	n/a	1.0	2	89086	n/a
174.01171875	n/a	1.0	2	89094	n/a
174.029296875	n/a	0.0	1	89103	n/a
174.044921875	n/a	1.0	2	89111	n/a
174.0625	n/a	0.0	1	89120	n/a
174.080078125	n/a	1.0	2	89129	n/a
174.095703125	n/a	0.0	1	89137	n/a
174.11328125	n/a	0.0	1	89146	n/a
174.12890625	n/a	1.0	2	89154	n/a
174.146484375	n/a	0.0	1	89163	n/a
174.162109375	n/a	1.0	2	89171	n/a
174.1796875	n/a	1.0	2	89180	n/a
174.1953125	n/a	0.0	1	89188	n/a
174.212890625	n/a	0.0	1	89197	n/a
174.228515625	n/a	1.0	2	89205	n/a
174.24609375	n/a	0.0	1	89214	n/a
174.26171875	n/a	1.0	2	89222	n/a
174.279296875	n/a	1.0	2	89231	n/a
174.294921875	n/a	0.0	1	89239	n/a
175.58203125	n/a	1.0	2	89898	7.0
175.599609375	n/a	0.0	1	89907	n/a
175.615234375	n/a	1.0	2	89915	n/a
175.6328125	n/a	0.0	1	89924	n/a
175.6484375	n/a	1.0	2	89932	n/a
175.666015625	n/a	0.0	1	89941	n/a
175.681640625	n/a	1.0	2	89949	n/a
175.69921875	n/a	0.0	1	89958	n/a
175.71484375	n/a	1.0	2	89966	n/a
175.732421875	n/a	0.0	1	89975	n/a
175.748046875	n/a	1.0	2	89983	n/a
175.765625	n/a	0.0	1	89992	n/a
175.78125	n/a	0.0	1	90000	n/a
175.798828125	n/a	1.0	2	90009	n/a
175.814453125	n/a	0.0	1	90017	n/a
175.83203125	n/a	1.0	2	90026	n/a
175.849609375	n/a	1.0	2	90035	n/a
175.865234375	n/a	0.0	1	90043	n/a
175.8828125	n/a	1.0	2	90052	n/a
175.8984375	n/a	0.0	1	90060	n/a
175.916015625	n/a	1.0	2	90069	n/a
175.931640625	n/a	0.0	1	90077	n/a
175.94921875	n/a	0.0	1	90086	n/a
175.96484375	n/a	1.0	2	90094	n/a
175.982421875	n/a	0.0	1	90103	n/a
175.998046875	n/a	1.0	2	90111	n/a
176.015625	n/a	1.0	2	90120	n/a
176.03125	n/a	0.0	1	90128	n/a
176.048828125	n/a	0.0	1	90137	n/a
176.064453125	n/a	1.0	2	90145	n/a
176.08203125	n/a	0.0	1	90154	n/a
176.099609375	n/a	1.0	2	90163	n/a
176.115234375	n/a	1.0	2	90171	n/a
176.1328125	n/a	0.0	1	90180	n/a
176.1484375	n/a	0.0	1	90188	n/a
176.166015625	n/a	1.0	2	90197	n/a
176.181640625	n/a	0.0	1	90205	n/a
176.19921875	n/a	1.0	2	90214	n/a
176.21484375	n/a	1.0	2	90222	n/a
176.232421875	n/a	0.0	1	90231	n/a
176.248046875	n/a	0.0	1	90239	n/a
176.265625	n/a	1.0	2	90248	n/a
176.28125	n/a	0.0	1	90256	n/a
176.298828125	n/a	1.0	2	90265	n/a
176.314453125	n/a	1.0	2	90273	n/a
176.33203125	n/a	0.0	1	90282	n/a
176.349609375	n/a	0.0	1	90291	n/a
176.365234375	n/a	1.0	2	90299	n/a
176.3828125	n/a	1.0	2	90308	n/a
176.3984375	n/a	0.0	1	90316	n/a
176.416015625	n/a	1.0	2	90325	n/a
176.431640625	n/a	0.0	1	90333	n/a
176.44921875	n/a	0.0	1	90342	n/a
176.46484375	n/a	1.0	2	90350	n/a
176.482421875	n/a	0.0	1	90359	n/a
176.498046875	n/a	1.0	2	90367	n/a
176.515625	n/a	1.0	2	90376	n/a
176.53125	n/a	0.0	1	90384	n/a
176.548828125	n/a	1.0	2	90393	n/a
176.564453125	n/a	0.0	1	90401	n/a
176.58203125	n/a	0.0	1	90410	n/a
176.599609375	n/a	1.0	2	90419	n/a
176.615234375	n/a	1.0	2	90427	n/a
176.6328125	n/a	0.0	1	90436	n/a
176.6484375	n/a	0.0	1	90444	n/a
176.666015625	n/a	1.0	2	90453	n/a
176.681640625	n/a	1.0	2	90461	n/a
176.69921875	n/a	0.0	1	90470	n/a
176.71484375	n/a	0.0	1	90478	n/a
176.732421875	n/a	1.0	2	90487	n/a
176.748046875	n/a	0.0	1	90495	n/a
176.765625	n/a	1.0	2	90504	n/a
176.78125	n/a	1.0	2	90512	n/a
176.798828125	n/a	0.0	1	90521	n/a
176.814453125	n/a	1.0	2	90529	n/a
176.83203125	n/a	0.0	1	90538	n/a
176.849609375	n/a	1.0	2	90547	n/a
176.865234375	n/a	0.0	1	90555	n/a
176.8828125	n/a	0.0	1	90564	n/a
176.8984375	n/a	1.0	2	90572	n/a
176.916015625	n/a	1.0	2	90581	n/a
176.931640625	n/a	0.0	1	90589	n/a
176.94921875	n/a	0.0	1	90598	n/a
176.96484375	n/a	1.0	2	90606	n/a
176.982421875	n/a	1.0	2	90615	n/a
176.998046875	n/a	0.0	1	90623	n/a
177.015625	n/a	0.0	1	90632	n/a
177.03125	n/a	1.0	2	90640	n/a
177.048828125	n/a	1.0	2	90649	n/a
177.064453125	n/a	0.0	1	90657	n/a
177.08203125	n/a	0.0	1	90666	n/a
177.099609375	n/a	1.0	2	90675	n/a
177.115234375	n/a	0.0	1	90683	n/a
177.1328125	n/a	1.0	2	90692	n/a
177.1484375	n/a	1.0	2	90700	n/a
177.166015625	n/a	0.0	1	90709	n/a
177.181640625	n/a	0.0	1	90717	n/a
177.19921875	n/a	1.0	2	90726	n/a
177.21484375	n/a	1.0	2	90734	n/a
177.232421875	n/a	0.0	1	90743	n/a
177.248046875	n/a	0.0	1	90751	n/a
177.265625	n/a	1.0	2	90760	n/a
177.28125	n/a	1.0	2	90768	n/a
177.298828125	n/a	0.0	1	90777	n/a
177.314453125	n/a	0.0	1	90785	n/a
177.33203125	n/a	1.0	2	90794	n/a
177.349609375	n/a	0.0	1	90803	n/a
177.365234375	n/a	1.0	2	90811	n/a
177.3828125	n/a	1.0	2	90820	n/a
177.3984375	n/a	0.0	1	90828	n/a
177.416015625	n/a	1.0	2	90837	n/a
177.431640625	n/a	0.0	1	90845	n/a
177.44921875	n/a	0.0	1	90854	n/a
177.46484375	n/a	1.0	2	90862	n/a
177.482421875	n/a	1.0	2	90871	n/a
177.498046875	n/a	0.0	1	90879	n/a
177.515625	n/a	0.0	1	90888	n/a
177.53125	n/a	1.0	2	90896	n/a
177.548828125	n/a	1.0	2	90905	n/a
177.564453125	n/a	0.0	1	90913	n/a
177.58203125	n/a	0.0	1	90922	n/a
177.599609375	n/a	1.0	2	90931	n/a
177.615234375	n/a	0.0	1	90939	n/a
177.6328125	n/a	1.0	2	90948	n/a
177.6484375	n/a	0.0	1	90956	n/a
177.666015625	n/a	1.0	2	90965	n/a
177.681640625	n/a	1.0	2	90973	n/a
177.69921875	n/a	0.0	1	90982	n/a
177.71484375	n/a	1.0	2	90990	n/a
177.732421875	n/a	0.0	1	90999	n/a
177.748046875	n/a	1.0	2	91007	n/a
177.765625	n/a	0.0	1	91016	n/a
177.78125	n/a	1.0	2	91024	n/a
177.798828125	n/a	0.0	1	91033	n/a
177.814453125	n/a	1.0	2	91041	n/a
177.83203125	n/a	0.0	1	91050	n/a
177.849609375	n/a	1.0	2	91059	n/a
177.865234375	n/a	0.0	1	91067	n/a
177.8828125	n/a	0.0	1	91076	n/a
177.8984375	n/a	1.0	2	91084	n/a
177.916015625	n/a	0.0	1	91093	n/a
177.931640625	n/a	1.0	2	91101	n/a
177.94921875	n/a	1.0	2	91110	n/a
177.96484375	n/a	0.0	1	91118	n/a
177.982421875	n/a	1.0	2	91127	n/a
177.998046875	n/a	0.0	1	91135	n/a
178.015625	n/a	1.0	2	91144	n/a
178.03125	n/a	0.0	1	91152	n/a
178.048828125	n/a	0.0	1	91161	n/a
178.064453125	n/a	1.0	2	91169	n/a
178.08203125	n/a	0.0	1	91178	n/a
178.099609375	n/a	1.0	2	91187	n/a
178.115234375	n/a	1.0	2	91195	n/a
178.1328125	n/a	0.0	1	91204	n/a
178.1484375	n/a	0.0	1	91212	n/a
178.166015625	n/a	1.0	2	91221	n/a
178.181640625	n/a	0.0	1	91229	n/a
178.19921875	n/a	1.0	2	91238	n/a
178.21484375	n/a	1.0	2	91246	n/a
178.232421875	n/a	0.0	1	91255	n/a
178.248046875	n/a	0.0	1	91263	n/a
178.265625	n/a	1.0	2	91272	n/a
178.28125	n/a	0.0	1	91280	n/a
178.298828125	n/a	1.0	2	91289	n/a
178.314453125	n/a	1.0	2	91297	n/a
178.33203125	n/a	0.0	1	91306	n/a
178.349609375	n/a	0.0	1	91315	n/a
178.365234375	n/a	1.0	2	91323	n/a
178.3828125	n/a	0.0	1	91332	n/a
178.3984375	n/a	1.0	2	91340	n/a
178.416015625	n/a	1.0	2	91349	n/a
178.431640625	n/a	0.0	1	91357	n/a
178.44921875	n/a	0.0	1	91366	n/a
178.46484375	n/a	1.0	2	91374	n/a
178.482421875	n/a	1.0	2	91383	n/a
178.498046875	n/a	0.0	1	91391	n/a
178.515625	n/a	1.0	2	91400	n/a
178.53125	n/a	0.0	1	91408	n/a
178.548828125	n/a	0.0	1	91417	n/a
178.564453125	n/a	1.0	2	91425	n/a
178.58203125	n/a	0.0	1	91434	n/a
178.599609375	n/a	1.0	2	91443	n/a
178.615234375	n/a	1.0	2	91451	n/a
178.6328125	n/a	0.0	1	91460	n/a
178.6484375	n/a	1.0	2	91468	n/a
178.666015625	n/a	0.0	1	91477	n/a
178.681640625	n/a	0.0	1	91485	n/a
178.69921875	n/a	1.0	2	91494	n/a
178.71484375	n/a	1.0	2	91502	n/a
178.732421875	n/a	0.0	1	91511	n/a
178.748046875	n/a	0.0	1	91519	n/a
178.765625	n/a	1.0	2	91528	n/a
178.78125	n/a	1.0	2	91536	n/a
178.798828125	n/a	0.0	1	91545	n/a
178.814453125	n/a	0.0	1	91553	n/a
178.83203125	n/a	1.0	2	91562	n/a
178.849609375	n/a	0.0	1	91571	n/a
178.865234375	n/a	1.0	2	91579	n/a
178.8828125	n/a	1.0	2	91588	n/a
178.8984375	n/a	0.0	1	91596	n/a
178.916015625	n/a	1.0	2	91605	n/a
178.931640625	n/a	0.0	1	91613	n/a
178.94921875	n/a	1.0	2	91622	n/a
178.96484375	n/a	0.0	1	91630	n/a
178.982421875	n/a	0.0	1	91639	n/a
178.998046875	n/a	1.0	2	91647	n/a
179.015625	n/a	1.0	2	91656	n/a
179.03125	n/a	0.0	1	91664	n/a
179.048828125	n/a	0.0	1	91673	n/a
179.064453125	n/a	1.0	2	91681	n/a
179.08203125	n/a	1.0	2	91690	n/a
179.099609375	n/a	0.0	1	91699	n/a
179.115234375	n/a	0.0	1	91707	n/a
179.1328125	n/a	1.0	2	91716	n/a
179.1484375	n/a	1.0	2	91724	n/a
179.166015625	n/a	0.0	1	91733	n/a
179.181640625	n/a	0.0	1	91741	n/a
179.19921875	n/a	1.0	2	91750	n/a
179.21484375	n/a	0.0	1	91758	n/a
179.232421875	n/a	1.0	2	91767	n/a
179.248046875	n/a	1.0	2	91775	n/a
179.265625	n/a	0.0	1	91784	n/a
179.28125	n/a	0.0	1	91792	n/a
179.298828125	n/a	1.0	2	91801	n/a
179.314453125	n/a	1.0	2	91809	n/a
179.33203125	n/a	0.0	1	91818	n/a
179.349609375	n/a	0.0	1	91827	n/a
179.365234375	n/a	1.0	2	91835	n/a
179.3828125	n/a	1.0	2	91844	n/a
179.3984375	n/a	0.0	1	91852	n/a
179.416015625	n/a	0.0	1	91861	n/a
179.431640625	n/a	1.0	2	91869	n/a
179.44921875	n/a	0.0	1	91878	n/a
179.46484375	n/a	1.0	2	91886	n/a
179.482421875	n/a	1.0	2	91895	n/a
179.498046875	n/a	0.0	1	91903	n/a
179.515625	n/a	1.0	2	91912	n/a
179.53125	n/a	0.0	1	91920	n/a
179.548828125	n/a	0.0	1	91929	n/a
179.564453125	n/a	1.0	2	91937	n/a
179.58203125	n/a	1.0	2	91946	n/a
179.599609375	n/a	0.0	1	91955	n/a
179.615234375	n/a	0.0	1	91963	n/a
179.6328125	n/a	1.0	2	91972	n/a
179.6484375	n/a	1.0	2	91980	n/a
179.666015625	n/a	0.0	1	91989	n/a
179.681640625	n/a	0.0	1	91997	n/a
179.69921875	n/a	1.0	2	92006	n/a
179.71484375	n/a	0.0	1	92014	n/a
179.732421875	n/a	1.0	2	92023	n/a
179.748046875	n/a	0.0	1	92031	n/a
179.765625	n/a	1.0	2	92040	n/a
179.78125	n/a	1.0	2	92048	n/a
179.798828125	n/a	0.0	1	92057	n/a
179.814453125	n/a	1.0	2	92065	n/a
179.83203125	n/a	0.0	1	92074	n/a
179.849609375	n/a	1.0	2	92083	n/a
179.865234375	n/a	0.0	1	92091	n/a
179.8828125	n/a	1.0	2	92100	n/a
179.8984375	n/a	0.0	1	92108	n/a
179.916015625	n/a	1.0	2	92117	n/a
179.931640625	n/a	0.0	1	92125	n/a
179.94921875	n/a	1.0	2	92134	n/a
179.96484375	n/a	0.0	1	92142	n/a
179.982421875	n/a	0.0	1	92151	n/a
179.998046875	n/a	1.0	2	92159	n/a
180.015625	n/a	0.0	1	92168	n/a
180.03125	n/a	1.0	2	92176	n/a
180.048828125	n/a	1.0	2	92185	n/a
180.064453125	n/a	0.0	1	92193	n/a
180.08203125	n/a	1.0	2	92202	n/a
180.099609375	n/a	0.0	1	92211	n/a
180.115234375	n/a	1.0	2	92219	n/a
180.1328125	n/a	0.0	1	92228	n/a
180.1484375	n/a	0.0	1	92236	n/a
180.166015625	n/a	1.0	2	92245	n/a
180.181640625	n/a	0.0	1	92253	n/a
180.19921875	n/a	1.0	2	92262	n/a
180.21484375	n/a	1.0	2	92270	n/a
180.232421875	n/a	0.0	1	92279	n/a
180.248046875	n/a	0.0	1	92287	n/a
180.265625	n/a	1.0	2	92296	n/a
180.28125	n/a	0.0	1	92304	n/a
180.298828125	n/a	1.0	2	92313	n/a
180.314453125	n/a	1.0	2	92321	n/a
180.33203125	n/a	0.0	1	92330	n/a
180.349609375	n/a	0.0	1	92339	n/a
180.365234375	n/a	1.0	2	92347	n/a
180.3828125	n/a	0.0	1	92356	n/a
180.3984375	n/a	1.0	2	92364	n/a
180.416015625	n/a	1.0	2	92373	n/a
180.431640625	n/a	0.0	1	92381	n/a
180.44921875	n/a	0.0	1	92390	n/a
180.46484375	n/a	1.0	2	92398	n/a
180.482421875	n/a	0.0	1	92407	n/a
180.498046875	n/a	1.0	2	92415	n/a
180.515625	n/a	1.0	2	92424	n/a
180.53125	n/a	0.0	1	92432	n/a
180.548828125	n/a	0.0	1	92441	n/a
180.564453125	n/a	1.0	2	92449	n/a
180.58203125	n/a	1.0	2	92458	n/a
180.599609375	n/a	0.0	1	92467	n/a
180.615234375	n/a	1.0	2	92475	n/a
180.6328125	n/a	0.0	1	92484	n/a
180.6484375	n/a	0.0	1	92492	n/a
180.666015625	n/a	1.0	2	92501	n/a
180.681640625	n/a	0.0	1	92509	n/a
180.69921875	n/a	1.0	2	92518	n/a
180.71484375	n/a	1.0	2	92526	n/a
180.732421875	n/a	0.0	1	92535	n/a
180.748046875	n/a	1.0	2	92543	n/a
180.765625	n/a	0.0	1	92552	n/a
180.78125	n/a	0.0	1	92560	n/a
180.798828125	n/a	1.0	2	92569	n/a
180.814453125	n/a	1.0	2	92577	n/a
180.83203125	n/a	0.0	1	92586	n/a
180.849609375	n/a	0.0	1	92595	n/a
180.865234375	n/a	1.0	2	92603	n/a
180.8828125	n/a	1.0	2	92612	n/a
180.8984375	n/a	0.0	1	92620	n/a
180.916015625	n/a	0.0	1	92629	n/a
180.931640625	n/a	1.0	2	92637	n/a
180.94921875	n/a	0.0	1	92646	n/a
180.96484375	n/a	1.0	2	92654	n/a
180.982421875	n/a	1.0	2	92663	n/a
180.998046875	n/a	0.0	1	92671	n/a
181.015625	n/a	1.0	2	92680	n/a
181.03125	n/a	0.0	1	92688	n/a
181.048828125	n/a	1.0	2	92697	n/a
181.064453125	n/a	0.0	1	92705	n/a
181.08203125	n/a	0.0	1	92714	n/a
181.099609375	n/a	1.0	2	92723	n/a
181.115234375	n/a	1.0	2	92731	n/a
181.1328125	n/a	0.0	1	92740	n/a
181.1484375	n/a	0.0	1	92748	n/a
181.166015625	n/a	1.0	2	92757	n/a
181.181640625	n/a	1.0	2	92765	n/a
181.19921875	n/a	0.0	1	92774	n/a
181.21484375	n/a	0.0	1	92782	n/a
181.232421875	n/a	1.0	2	92791	n/a
181.248046875	n/a	1.0	2	92799	n/a
181.265625	n/a	0.0	1	92808	n/a
181.28125	n/a	0.0	1	92816	n/a
181.298828125	n/a	1.0	2	92825	n/a
181.314453125	n/a	0.0	1	92833	n/a
181.33203125	n/a	1.0	2	92842	n/a
181.349609375	n/a	1.0	2	92851	n/a
181.365234375	n/a	0.0	1	92859	n/a
181.3828125	n/a	0.0	1	92868	n/a
181.3984375	n/a	1.0	2	92876	n/a
181.416015625	n/a	1.0	2	92885	n/a
181.431640625	n/a	0.0	1	92893	n/a
181.44921875	n/a	0.0	1	92902	n/a
181.46484375	n/a	1.0	2	92910	n/a
181.482421875	n/a	1.0	2	92919	n/a
181.498046875	n/a	0.0	1	92927	n/a
181.515625	n/a	0.0	1	92936	n/a
181.53125	n/a	1.0	2	92944	n/a
181.548828125	n/a	0.0	1	92953	n/a
181.564453125	n/a	1.0	2	92961	n/a
181.58203125	n/a	1.0	2	92970	n/a
181.599609375	n/a	0.0	1	92979	n/a
181.615234375	n/a	1.0	2	92987	n/a
181.6328125	n/a	0.0	1	92996	n/a
181.6484375	n/a	0.0	1	93004	n/a
181.666015625	n/a	1.0	2	93013	n/a
181.681640625	n/a	1.0	2	93021	n/a
181.69921875	n/a	0.0	1	93030	n/a
181.71484375	n/a	0.0	1	93038	n/a
181.732421875	n/a	1.0	2	93047	n/a
181.748046875	n/a	1.0	2	93055	n/a
181.765625	n/a	0.0	1	93064	n/a
181.78125	n/a	0.0	1	93072	n/a
181.798828125	n/a	1.0	2	93081	n/a
181.814453125	n/a	0.0	1	93089	n/a
181.83203125	n/a	1.0	2	93098	n/a
181.849609375	n/a	0.0	1	93107	n/a
181.865234375	n/a	1.0	2	93115	n/a
181.8828125	n/a	1.0	2	93124	n/a
181.8984375	n/a	0.0	1	93132	n/a
181.916015625	n/a	1.0	2	93141	n/a
181.931640625	n/a	0.0	1	93149	n/a
181.94921875	n/a	1.0	2	93158	n/a
181.96484375	n/a	0.0	1	93166	n/a
181.982421875	n/a	1.0	2	93175	n/a
181.998046875	n/a	0.0	1	93183	n/a
182.015625	n/a	1.0	2	93192	n/a
182.03125	n/a	0.0	1	93200	n/a
182.048828125	n/a	1.0	2	93209	n/a
182.064453125	n/a	0.0	1	93217	n/a
182.08203125	n/a	0.0	1	93226	n/a
182.099609375	n/a	1.0	2	93235	n/a
182.115234375	n/a	0.0	1	93243	n/a
182.1328125	n/a	1.0	2	93252	n/a
182.1484375	n/a	1.0	2	93260	n/a
182.166015625	n/a	0.0	1	93269	n/a
182.181640625	n/a	1.0	2	93277	n/a
182.19921875	n/a	0.0	1	93286	n/a
182.21484375	n/a	1.0	2	93294	n/a
182.232421875	n/a	0.0	1	93303	n/a
182.248046875	n/a	0.0	1	93311	n/a
182.265625	n/a	1.0	2	93320	n/a
182.28125	n/a	0.0	1	93328	n/a
182.298828125	n/a	1.0	2	93337	n/a
182.314453125	n/a	1.0	2	93345	n/a
182.33203125	n/a	0.0	1	93354	n/a
182.349609375	n/a	0.0	1	93363	n/a
182.365234375	n/a	1.0	2	93371	n/a
182.3828125	n/a	0.0	1	93380	n/a
182.3984375	n/a	1.0	2	93388	n/a
182.416015625	n/a	1.0	2	93397	n/a
182.431640625	n/a	0.0	1	93405	n/a
182.44921875	n/a	0.0	1	93414	n/a
182.46484375	n/a	1.0	2	93422	n/a
182.482421875	n/a	0.0	1	93431	n/a
182.498046875	n/a	1.0	2	93439	n/a
182.515625	n/a	1.0	2	93448	n/a
182.53125	n/a	0.0	1	93456	n/a
182.548828125	n/a	0.0	1	93465	n/a
182.564453125	n/a	1.0	2	93473	n/a
182.58203125	n/a	0.0	1	93482	n/a
182.599609375	n/a	1.0	2	93491	n/a
182.615234375	n/a	1.0	2	93499	n/a
182.6328125	n/a	0.0	1	93508	n/a
182.6484375	n/a	0.0	1	93516	n/a
182.666015625	n/a	1.0	2	93525	n/a
182.681640625	n/a	1.0	2	93533	n/a
182.69921875	n/a	0.0	1	93542	n/a
182.71484375	n/a	1.0	2	93550	n/a
182.732421875	n/a	0.0	1	93559	n/a
182.748046875	n/a	0.0	1	93567	n/a
182.765625	n/a	1.0	2	93576	n/a
182.78125	n/a	0.0	1	93584	n/a
182.798828125	n/a	1.0	2	93593	n/a
182.814453125	n/a	1.0	2	93601	n/a
182.83203125	n/a	0.0	1	93610	n/a
182.849609375	n/a	1.0	2	93619	n/a
182.865234375	n/a	0.0	1	93627	n/a
182.8828125	n/a	0.0	1	93636	n/a
182.8984375	n/a	1.0	2	93644	n/a
182.916015625	n/a	1.0	2	93653	n/a
182.931640625	n/a	0.0	1	93661	n/a
182.94921875	n/a	0.0	1	93670	n/a
182.96484375	n/a	1.0	2	93678	n/a
182.982421875	n/a	1.0	2	93687	n/a
182.998046875	n/a	0.0	1	93695	n/a
183.015625	n/a	0.0	1	93704	n/a
183.03125	n/a	1.0	2	93712	n/a
183.048828125	n/a	0.0	1	93721	n/a
183.064453125	n/a	1.0	2	93729	n/a
183.08203125	n/a	1.0	2	93738	n/a
183.099609375	n/a	0.0	1	93747	n/a
183.115234375	n/a	1.0	2	93755	n/a
183.1328125	n/a	0.0	1	93764	n/a
183.1484375	n/a	1.0	2	93772	n/a
183.166015625	n/a	0.0	1	93781	n/a
183.181640625	n/a	0.0	1	93789	n/a
183.19921875	n/a	1.0	2	93798	n/a
183.21484375	n/a	1.0	2	93806	n/a
183.232421875	n/a	0.0	1	93815	n/a
183.248046875	n/a	0.0	1	93823	n/a
183.265625	n/a	1.0	2	93832	n/a
183.28125	n/a	1.0	2	93840	n/a
183.298828125	n/a	0.0	1	93849	n/a
183.314453125	n/a	0.0	1	93857	n/a
183.33203125	n/a	1.0	2	93866	n/a
183.349609375	n/a	1.0	2	93875	n/a
183.365234375	n/a	0.0	1	93883	n/a
183.3828125	n/a	0.0	1	93892	n/a
183.3984375	n/a	1.0	2	93900	n/a
183.416015625	n/a	0.0	1	93909	n/a
183.431640625	n/a	1.0	2	93917	n/a
183.44921875	n/a	1.0	2	93926	n/a
183.46484375	n/a	0.0	1	93934	n/a
183.482421875	n/a	0.0	1	93943	n/a
183.498046875	n/a	1.0	2	93951	n/a
183.515625	n/a	1.0	2	93960	n/a
183.53125	n/a	0.0	1	93968	n/a
183.548828125	n/a	0.0	1	93977	n/a
183.564453125	n/a	1.0	2	93985	n/a
183.58203125	n/a	1.0	2	93994	n/a
183.599609375	n/a	0.0	1	94003	n/a
183.615234375	n/a	0.0	1	94011	n/a
183.6328125	n/a	1.0	2	94020	n/a
183.6484375	n/a	0.0	1	94028	n/a
183.666015625	n/a	1.0	2	94037	n/a
183.681640625	n/a	1.0	2	94045	n/a
183.69921875	n/a	0.0	1	94054	n/a
183.71484375	n/a	1.0	2	94062	n/a
183.732421875	n/a	0.0	1	94071	n/a
183.748046875	n/a	0.0	1	94079	n/a
183.765625	n/a	1.0	2	94088	n/a
183.78125	n/a	1.0	2	94096	n/a
183.798828125	n/a	0.0	1	94105	n/a
183.814453125	n/a	0.0	1	94113	n/a
183.83203125	n/a	1.0	2	94122	n/a
183.849609375	n/a	1.0	2	94131	n/a
183.865234375	n/a	0.0	1	94139	n/a
183.8828125	n/a	0.0	1	94148	n/a
183.8984375	n/a	1.0	2	94156	n/a
183.916015625	n/a	0.0	1	94165	n/a
183.931640625	n/a	1.0	2	94173	n/a
183.94921875	n/a	0.0	1	94182	n/a
183.96484375	n/a	1.0	2	94190	n/a
183.982421875	n/a	1.0	2	94199	n/a
183.998046875	n/a	0.0	1	94207	n/a
184.015625	n/a	1.0	2	94216	n/a
184.03125	n/a	0.0	1	94224	n/a
184.048828125	n/a	1.0	2	94233	n/a
184.064453125	n/a	0.0	1	94241	n/a
184.08203125	n/a	1.0	2	94250	n/a
184.099609375	n/a	0.0	1	94259	n/a
184.115234375	n/a	1.0	2	94267	n/a
184.1328125	n/a	0.0	1	94276	n/a
184.1484375	n/a	1.0	2	94284	n/a
184.166015625	n/a	0.0	1	94293	n/a
184.181640625	n/a	0.0	1	94301	n/a
184.19921875	n/a	1.0	2	94310	n/a
184.21484375	n/a	0.0	1	94318	n/a
184.232421875	n/a	1.0	2	94327	n/a
184.248046875	n/a	1.0	2	94335	n/a
184.265625	n/a	0.0	1	94344	n/a
184.28125	n/a	1.0	2	94352	n/a
184.298828125	n/a	0.0	1	94361	n/a
184.314453125	n/a	1.0	2	94369	n/a
184.33203125	n/a	0.0	1	94378	n/a
184.349609375	n/a	0.0	1	94387	n/a
184.365234375	n/a	1.0	2	94395	n/a
184.3828125	n/a	0.0	1	94404	n/a
184.3984375	n/a	1.0	2	94412	n/a
184.416015625	n/a	1.0	2	94421	n/a
184.431640625	n/a	0.0	1	94429	n/a
184.44921875	n/a	0.0	1	94438	n/a
184.46484375	n/a	1.0	2	94446	n/a
184.482421875	n/a	0.0	1	94455	n/a
184.498046875	n/a	1.0	2	94463	n/a
184.515625	n/a	1.0	2	94472	n/a
184.53125	n/a	0.0	1	94480	n/a
184.548828125	n/a	0.0	1	94489	n/a
184.564453125	n/a	1.0	2	94497	n/a
184.58203125	n/a	0.0	1	94506	n/a
184.599609375	n/a	1.0	2	94515	n/a
184.615234375	n/a	1.0	2	94523	n/a
184.6328125	n/a	0.0	1	94532	n/a
184.6484375	n/a	0.0	1	94540	n/a
184.666015625	n/a	1.0	2	94549	n/a
184.681640625	n/a	0.0	1	94557	n/a
184.69921875	n/a	1.0	2	94566	n/a
184.71484375	n/a	1.0	2	94574	n/a
184.732421875	n/a	0.0	1	94583	n/a
184.748046875	n/a	0.0	1	94591	n/a
184.765625	n/a	1.0	2	94600	n/a
184.78125	n/a	1.0	2	94608	n/a
184.798828125	n/a	0.0	1	94617	n/a
184.814453125	n/a	1.0	2	94625	n/a
184.83203125	n/a	0.0	1	94634	n/a
184.849609375	n/a	0.0	1	94643	n/a
184.865234375	n/a	1.0	2	94651	n/a
184.8828125	n/a	0.0	1	94660	n/a
184.8984375	n/a	1.0	2	94668	n/a
184.916015625	n/a	1.0	2	94677	n/a
184.931640625	n/a	0.0	1	94685	n/a
184.94921875	n/a	1.0	2	94694	n/a
184.96484375	n/a	0.0	1	94702	n/a
184.982421875	n/a	0.0	1	94711	n/a
184.998046875	n/a	1.0	2	94719	n/a
185.015625	n/a	1.0	2	94728	n/a
185.03125	n/a	0.0	1	94736	n/a
185.048828125	n/a	0.0	1	94745	n/a
185.064453125	n/a	1.0	2	94753	n/a
185.08203125	n/a	1.0	2	94762	n/a
185.099609375	n/a	0.0	1	94771	n/a
185.115234375	n/a	0.0	1	94779	n/a
185.1328125	n/a	1.0	2	94788	n/a
185.1484375	n/a	0.0	1	94796	n/a
185.166015625	n/a	1.0	2	94805	n/a
185.181640625	n/a	1.0	2	94813	n/a
185.19921875	n/a	0.0	1	94822	n/a
185.21484375	n/a	1.0	2	94830	n/a
185.232421875	n/a	0.0	1	94839	n/a
185.248046875	n/a	1.0	2	94847	n/a
185.265625	n/a	0.0	1	94856	n/a
185.28125	n/a	0.0	1	94864	n/a
185.298828125	n/a	1.0	2	94873	n/a
185.314453125	n/a	1.0	2	94881	n/a
185.33203125	n/a	0.0	1	94890	n/a
185.349609375	n/a	0.0	1	94899	n/a
185.365234375	n/a	1.0	2	94907	n/a
185.3828125	n/a	1.0	2	94916	n/a
185.3984375	n/a	0.0	1	94924	n/a
185.416015625	n/a	0.0	1	94933	n/a
185.431640625	n/a	1.0	2	94941	n/a
185.44921875	n/a	1.0	2	94950	n/a
185.46484375	n/a	0.0	1	94958	n/a
185.482421875	n/a	0.0	1	94967	n/a
185.498046875	n/a	1.0	2	94975	n/a
185.515625	n/a	0.0	1	94984	n/a
185.53125	n/a	1.0	2	94992	n/a
185.548828125	n/a	1.0	2	95001	n/a
185.564453125	n/a	0.0	1	95009	n/a
185.58203125	n/a	0.0	1	95018	n/a
185.599609375	n/a	1.0	2	95027	n/a
185.615234375	n/a	1.0	2	95035	n/a
185.6328125	n/a	0.0	1	95044	n/a
185.6484375	n/a	0.0	1	95052	n/a
185.666015625	n/a	1.0	2	95061	n/a
185.681640625	n/a	1.0	2	95069	n/a
185.69921875	n/a	0.0	1	95078	n/a
185.71484375	n/a	0.0	1	95086	n/a
185.732421875	n/a	1.0	2	95095	n/a
185.748046875	n/a	0.0	1	95103	n/a
185.765625	n/a	1.0	2	95112	n/a
185.78125	n/a	1.0	2	95120	n/a
185.798828125	n/a	0.0	1	95129	n/a
185.814453125	n/a	1.0	2	95137	n/a
185.83203125	n/a	0.0	1	95146	n/a
185.849609375	n/a	0.0	1	95155	n/a
185.865234375	n/a	1.0	2	95163	n/a
185.8828125	n/a	1.0	2	95172	n/a
185.8984375	n/a	0.0	1	95180	n/a
185.916015625	n/a	0.0	1	95189	n/a
185.931640625	n/a	1.0	2	95197	n/a
185.94921875	n/a	1.0	2	95206	n/a
185.96484375	n/a	0.0	1	95214	n/a
185.982421875	n/a	0.0	1	95223	n/a
185.998046875	n/a	1.0	2	95231	n/a
186.015625	n/a	0.0	1	95240	n/a
186.03125	n/a	1.0	2	95248	n/a
186.048828125	n/a	0.0	1	95257	n/a
186.064453125	n/a	1.0	2	95265	n/a
186.08203125	n/a	1.0	2	95274	n/a
186.099609375	n/a	0.0	1	95283	n/a
186.115234375	n/a	1.0	2	95291	n/a
186.1328125	n/a	0.0	1	95300	n/a
186.1484375	n/a	1.0	2	95308	n/a
186.166015625	n/a	0.0	1	95317	n/a
186.181640625	n/a	1.0	2	95325	n/a
186.19921875	n/a	0.0	1	95334	n/a
186.21484375	n/a	1.0	2	95342	n/a
186.232421875	n/a	0.0	1	95351	n/a
186.248046875	n/a	1.0	2	95359	n/a
186.265625	n/a	0.0	1	95368	n/a
186.28125	n/a	0.0	1	95376	n/a
186.298828125	n/a	1.0	2	95385	n/a
186.314453125	n/a	0.0	1	95393	n/a
186.33203125	n/a	1.0	2	95402	n/a
186.349609375	n/a	1.0	2	95411	n/a
186.365234375	n/a	0.0	1	95419	n/a
186.3828125	n/a	1.0	2	95428	n/a
186.3984375	n/a	0.0	1	95436	n/a
186.416015625	n/a	1.0	2	95445	n/a
186.431640625	n/a	0.0	1	95453	n/a
186.44921875	n/a	0.0	1	95462	n/a
186.46484375	n/a	1.0	2	95470	n/a
186.482421875	n/a	0.0	1	95479	n/a
186.498046875	n/a	1.0	2	95487	n/a
186.515625	n/a	1.0	2	95496	n/a
186.53125	n/a	0.0	1	95504	n/a
186.548828125	n/a	0.0	1	95513	n/a
186.564453125	n/a	1.0	2	95521	n/a
186.58203125	n/a	0.0	1	95530	n/a
186.599609375	n/a	1.0	2	95539	n/a
186.615234375	n/a	1.0	2	95547	n/a
186.6328125	n/a	0.0	1	95556	n/a
186.6484375	n/a	0.0	1	95564	n/a
186.666015625	n/a	1.0	2	95573	n/a
186.681640625	n/a	0.0	1	95581	n/a
186.69921875	n/a	1.0	2	95590	n/a
186.71484375	n/a	1.0	2	95598	n/a
186.732421875	n/a	0.0	1	95607	n/a
186.748046875	n/a	0.0	1	95615	n/a
186.765625	n/a	1.0	2	95624	n/a
186.78125	n/a	0.0	1	95632	n/a
186.798828125	n/a	1.0	2	95641	n/a
186.814453125	n/a	1.0	2	95649	n/a
186.83203125	n/a	0.0	1	95658	n/a
186.849609375	n/a	0.0	1	95667	n/a
186.865234375	n/a	1.0	2	95675	n/a
186.8828125	n/a	1.0	2	95684	n/a
186.8984375	n/a	0.0	1	95692	n/a
186.916015625	n/a	1.0	2	95701	n/a
186.931640625	n/a	0.0	1	95709	n/a
186.94921875	n/a	0.0	1	95718	n/a
186.96484375	n/a	1.0	2	95726	n/a
186.982421875	n/a	0.0	1	95735	n/a
186.998046875	n/a	1.0	2	95743	n/a
187.015625	n/a	1.0	2	95752	n/a
187.03125	n/a	0.0	1	95760	n/a
187.048828125	n/a	1.0	2	95769	n/a
187.064453125	n/a	0.0	1	95777	n/a
187.08203125	n/a	0.0	1	95786	n/a
187.099609375	n/a	1.0	2	95795	n/a
187.115234375	n/a	1.0	2	95803	n/a
187.1328125	n/a	0.0	1	95812	n/a
187.1484375	n/a	0.0	1	95820	n/a
187.166015625	n/a	1.0	2	95829	n/a
187.181640625	n/a	1.0	2	95837	n/a
187.19921875	n/a	0.0	1	95846	n/a
187.21484375	n/a	0.0	1	95854	n/a
187.232421875	n/a	1.0	2	95863	n/a
187.248046875	n/a	0.0	1	95871	n/a
187.265625	n/a	1.0	2	95880	n/a
187.28125	n/a	1.0	2	95888	n/a
187.298828125	n/a	0.0	1	95897	n/a
187.314453125	n/a	1.0	2	95905	n/a
187.33203125	n/a	0.0	1	95914	n/a
187.349609375	n/a	1.0	2	95923	n/a
187.365234375	n/a	0.0	1	95931	n/a
187.3828125	n/a	0.0	1	95940	n/a
187.3984375	n/a	1.0	2	95948	n/a
187.416015625	n/a	1.0	2	95957	n/a
187.431640625	n/a	0.0	1	95965	n/a
187.44921875	n/a	0.0	1	95974	n/a
187.46484375	n/a	1.0	2	95982	n/a
187.482421875	n/a	1.0	2	95991	n/a
187.498046875	n/a	0.0	1	95999	n/a
187.515625	n/a	0.0	1	96008	n/a
187.53125	n/a	1.0	2	96016	n/a
187.548828125	n/a	1.0	2	96025	n/a
187.564453125	n/a	0.0	1	96033	n/a
187.58203125	n/a	0.0	1	96042	n/a
187.599609375	n/a	1.0	2	96051	n/a
187.615234375	n/a	0.0	1	96059	n/a
187.6328125	n/a	1.0	2	96068	n/a
187.6484375	n/a	1.0	2	96076	n/a
187.666015625	n/a	0.0	1	96085	n/a
187.681640625	n/a	0.0	1	96093	n/a
187.69921875	n/a	1.0	2	96102	n/a
187.71484375	n/a	1.0	2	96110	n/a
187.732421875	n/a	0.0	1	96119	n/a
187.748046875	n/a	0.0	1	96127	n/a
187.765625	n/a	1.0	2	96136	n/a
187.78125	n/a	1.0	2	96144	n/a
187.798828125	n/a	0.0	1	96153	n/a
187.814453125	n/a	0.0	1	96161	n/a
187.83203125	n/a	1.0	2	96170	n/a
187.849609375	n/a	0.0	1	96179	n/a
187.865234375	n/a	1.0	2	96187	n/a
187.8828125	n/a	1.0	2	96196	n/a
187.8984375	n/a	0.0	1	96204	n/a
187.916015625	n/a	1.0	2	96213	n/a
187.931640625	n/a	0.0	1	96221	n/a
187.94921875	n/a	0.0	1	96230	n/a
187.96484375	n/a	1.0	2	96238	n/a
187.982421875	n/a	1.0	2	96247	n/a
187.998046875	n/a	0.0	1	96255	n/a
188.015625	n/a	0.0	1	96264	n/a
188.03125	n/a	1.0	2	96272	n/a
188.048828125	n/a	1.0	2	96281	n/a
188.064453125	n/a	0.0	1	96289	n/a
188.08203125	n/a	0.0	1	96298	n/a
188.099609375	n/a	1.0	2	96307	n/a
188.115234375	n/a	0.0	1	96315	n/a
188.1328125	n/a	1.0	2	96324	n/a
188.1484375	n/a	0.0	1	96332	n/a
188.166015625	n/a	1.0	2	96341	n/a
188.181640625	n/a	1.0	2	96349	n/a
188.19921875	n/a	0.0	1	96358	n/a
188.21484375	n/a	1.0	2	96366	n/a
188.232421875	n/a	0.0	1	96375	n/a
188.248046875	n/a	1.0	2	96383	n/a
188.265625	n/a	0.0	1	96392	n/a
188.28125	n/a	1.0	2	96400	n/a
188.298828125	n/a	0.0	1	96409	n/a
188.314453125	n/a	1.0	2	96417	n/a
188.33203125	n/a	0.0	1	96426	n/a
188.349609375	n/a	1.0	2	96435	n/a
188.365234375	n/a	0.0	1	96443	n/a
188.3828125	n/a	0.0	1	96452	n/a
188.3984375	n/a	1.0	2	96460	n/a
188.416015625	n/a	0.0	1	96469	n/a
188.431640625	n/a	1.0	2	96477	n/a
188.44921875	n/a	1.0	2	96486	n/a
188.46484375	n/a	0.0	1	96494	n/a
188.482421875	n/a	1.0	2	96503	n/a
188.498046875	n/a	0.0	1	96511	n/a
188.515625	n/a	1.0	2	96520	n/a
188.53125	n/a	0.0	1	96528	n/a
188.548828125	n/a	0.0	1	96537	n/a
188.564453125	n/a	1.0	2	96545	n/a
188.58203125	n/a	0.0	1	96554	n/a
188.599609375	n/a	1.0	2	96563	n/a
188.615234375	n/a	1.0	2	96571	n/a
188.6328125	n/a	0.0	1	96580	n/a
188.6484375	n/a	0.0	1	96588	n/a
188.666015625	n/a	1.0	2	96597	n/a
188.681640625	n/a	0.0	1	96605	n/a
188.69921875	n/a	1.0	2	96614	n/a
188.71484375	n/a	1.0	2	96622	n/a
188.732421875	n/a	0.0	1	96631	n/a
188.748046875	n/a	0.0	1	96639	n/a
188.765625	n/a	1.0	2	96648	n/a
188.78125	n/a	0.0	1	96656	n/a
188.798828125	n/a	1.0	2	96665	n/a
188.814453125	n/a	1.0	2	96673	n/a
188.83203125	n/a	0.0	1	96682	n/a
188.849609375	n/a	0.0	1	96691	n/a
188.865234375	n/a	1.0	2	96699	n/a
188.8828125	n/a	0.0	1	96708	n/a
188.8984375	n/a	1.0	2	96716	n/a
188.916015625	n/a	1.0	2	96725	n/a
188.931640625	n/a	0.0	1	96733	n/a
188.94921875	n/a	0.0	1	96742	n/a
188.96484375	n/a	1.0	2	96750	n/a
188.982421875	n/a	1.0	2	96759	n/a
188.998046875	n/a	0.0	1	96767	n/a
189.015625	n/a	1.0	2	96776	n/a
189.03125	n/a	0.0	1	96784	n/a
189.048828125	n/a	0.0	1	96793	n/a
189.064453125	n/a	1.0	2	96801	n/a
189.08203125	n/a	0.0	1	96810	n/a
189.099609375	n/a	1.0	2	96819	n/a
189.115234375	n/a	1.0	2	96827	n/a
189.1328125	n/a	0.0	1	96836	n/a
189.1484375	n/a	1.0	2	96844	n/a
189.166015625	n/a	0.0	1	96853	n/a
189.181640625	n/a	0.0	1	96861	n/a
189.19921875	n/a	1.0	2	96870	n/a
189.21484375	n/a	1.0	2	96878	n/a
189.232421875	n/a	0.0	1	96887	n/a
189.248046875	n/a	0.0	1	96895	n/a
189.265625	n/a	1.0	2	96904	n/a
189.28125	n/a	1.0	2	96912	n/a
189.298828125	n/a	0.0	1	96921	n/a
189.314453125	n/a	0.0	1	96929	n/a
189.33203125	n/a	1.0	2	96938	n/a
189.349609375	n/a	0.0	1	96947	n/a
189.365234375	n/a	1.0	2	96955	n/a
189.3828125	n/a	1.0	2	96964	n/a
189.3984375	n/a	0.0	1	96972	n/a
189.416015625	n/a	1.0	2	96981	n/a
189.431640625	n/a	0.0	1	96989	n/a
189.44921875	n/a	1.0	2	96998	n/a
189.46484375	n/a	0.0	1	97006	n/a
189.482421875	n/a	0.0	1	97015	n/a
189.498046875	n/a	1.0	2	97023	n/a
189.515625	n/a	1.0	2	97032	n/a
189.53125	n/a	0.0	1	97040	n/a
189.548828125	n/a	0.0	1	97049	n/a
189.564453125	n/a	1.0	2	97057	n/a
189.58203125	n/a	1.0	2	97066	n/a
189.599609375	n/a	0.0	1	97075	n/a
189.615234375	n/a	0.0	1	97083	n/a
189.6328125	n/a	1.0	2	97092	n/a
189.6484375	n/a	1.0	2	97100	n/a
189.666015625	n/a	0.0	1	97109	n/a
189.681640625	n/a	0.0	1	97117	n/a
189.69921875	n/a	1.0	2	97126	n/a
189.71484375	n/a	0.0	1	97134	n/a
189.732421875	n/a	1.0	2	97143	n/a
189.748046875	n/a	1.0	2	97151	n/a
189.765625	n/a	0.0	1	97160	n/a
189.78125	n/a	0.0	1	97168	n/a
189.798828125	n/a	1.0	2	97177	n/a
189.814453125	n/a	1.0	2	97185	n/a
189.83203125	n/a	0.0	1	97194	n/a
189.849609375	n/a	0.0	1	97203	n/a
189.865234375	n/a	1.0	2	97211	n/a
189.8828125	n/a	1.0	2	97220	n/a
189.8984375	n/a	0.0	1	97228	n/a
189.916015625	n/a	0.0	1	97237	n/a
189.931640625	n/a	1.0	2	97245	n/a
189.94921875	n/a	0.0	1	97254	n/a
189.96484375	n/a	1.0	2	97262	n/a
189.982421875	n/a	1.0	2	97271	n/a
189.998046875	n/a	0.0	1	97279	n/a
190.015625	n/a	1.0	2	97288	n/a
190.03125	n/a	0.0	1	97296	n/a
190.048828125	n/a	0.0	1	97305	n/a
190.064453125	n/a	1.0	2	97313	n/a
190.08203125	n/a	1.0	2	97322	n/a
190.099609375	n/a	0.0	1	97331	n/a
190.115234375	n/a	0.0	1	97339	n/a
190.1328125	n/a	1.0	2	97348	n/a
190.1484375	n/a	1.0	2	97356	n/a
190.166015625	n/a	0.0	1	97365	n/a
190.181640625	n/a	0.0	1	97373	n/a
190.19921875	n/a	1.0	2	97382	n/a
190.21484375	n/a	0.0	1	97390	n/a
190.232421875	n/a	1.0	2	97399	n/a
190.248046875	n/a	0.0	1	97407	n/a
190.265625	n/a	1.0	2	97416	n/a
190.28125	n/a	1.0	2	97424	n/a
190.298828125	n/a	0.0	1	97433	n/a
190.314453125	n/a	1.0	2	97441	n/a
190.33203125	n/a	0.0	1	97450	n/a
190.349609375	n/a	1.0	2	97459	n/a
190.365234375	n/a	0.0	1	97467	n/a
190.3828125	n/a	1.0	2	97476	n/a
190.3984375	n/a	0.0	1	97484	n/a
190.416015625	n/a	1.0	2	97493	n/a
190.431640625	n/a	0.0	1	97501	n/a
190.44921875	n/a	1.0	2	97510	n/a
190.46484375	n/a	0.0	1	97518	n/a
190.482421875	n/a	0.0	1	97527	n/a
190.498046875	n/a	1.0	2	97535	n/a
190.515625	n/a	0.0	1	97544	n/a
190.53125	n/a	1.0	2	97552	n/a
190.548828125	n/a	1.0	2	97561	n/a
190.564453125	n/a	0.0	1	97569	n/a
190.58203125	n/a	1.0	2	97578	n/a
190.599609375	n/a	0.0	1	97587	n/a
190.615234375	n/a	1.0	2	97595	n/a
190.6328125	n/a	0.0	1	97604	n/a
190.6484375	n/a	0.0	1	97612	n/a
190.666015625	n/a	1.0	2	97621	n/a
190.681640625	n/a	0.0	1	97629	n/a
190.69921875	n/a	1.0	2	97638	n/a
190.71484375	n/a	1.0	2	97646	n/a
190.732421875	n/a	0.0	1	97655	n/a
190.748046875	n/a	0.0	1	97663	n/a
190.765625	n/a	1.0	2	97672	n/a
190.78125	n/a	0.0	1	97680	n/a
190.798828125	n/a	1.0	2	97689	n/a
190.814453125	n/a	1.0	2	97697	n/a
190.83203125	n/a	0.0	1	97706	n/a
190.849609375	n/a	0.0	1	97715	n/a
190.865234375	n/a	1.0	2	97723	n/a
190.8828125	n/a	0.0	1	97732	n/a
190.8984375	n/a	1.0	2	97740	n/a
190.916015625	n/a	1.0	2	97749	n/a
190.931640625	n/a	0.0	1	97757	n/a
190.94921875	n/a	0.0	1	97766	n/a
190.96484375	n/a	1.0	2	97774	n/a
190.982421875	n/a	0.0	1	97783	n/a
190.998046875	n/a	1.0	2	97791	n/a
191.015625	n/a	1.0	2	97800	n/a
191.03125	n/a	0.0	1	97808	n/a
191.048828125	n/a	0.0	1	97817	n/a
191.064453125	n/a	1.0	2	97825	n/a
191.08203125	n/a	1.0	2	97834	n/a
191.099609375	n/a	0.0	1	97843	n/a
191.115234375	n/a	1.0	2	97851	n/a
191.1328125	n/a	0.0	1	97860	n/a
191.1484375	n/a	0.0	1	97868	n/a
191.166015625	n/a	1.0	2	97877	n/a
191.181640625	n/a	0.0	1	97885	n/a
191.19921875	n/a	1.0	2	97894	n/a
191.21484375	n/a	1.0	2	97902	n/a
191.232421875	n/a	0.0	1	97911	n/a
191.248046875	n/a	1.0	2	97919	n/a
191.265625	n/a	0.0	1	97928	n/a
191.28125	n/a	0.0	1	97936	n/a
191.298828125	n/a	1.0	2	97945	n/a
191.314453125	n/a	1.0	2	97953	n/a
191.33203125	n/a	0.0	1	97962	n/a
191.349609375	n/a	0.0	1	97971	n/a
191.365234375	n/a	1.0	2	97979	n/a
191.3828125	n/a	1.0	2	97988	n/a
191.3984375	n/a	0.0	1	97996	n/a
191.416015625	n/a	0.0	1	98005	n/a
191.431640625	n/a	1.0	2	98013	n/a
191.44921875	n/a	0.0	1	98022	n/a
191.46484375	n/a	1.0	2	98030	n/a
191.482421875	n/a	1.0	2	98039	n/a
191.498046875	n/a	0.0	1	98047	n/a
191.515625	n/a	1.0	2	98056	n/a
191.53125	n/a	0.0	1	98064	n/a
191.548828125	n/a	1.0	2	98073	n/a
191.564453125	n/a	0.0	1	98081	n/a
191.58203125	n/a	0.0	1	98090	n/a
191.599609375	n/a	1.0	2	98099	n/a
191.615234375	n/a	1.0	2	98107	n/a
191.6328125	n/a	0.0	1	98116	n/a
191.6484375	n/a	0.0	1	98124	n/a
191.666015625	n/a	1.0	2	98133	n/a
191.681640625	n/a	1.0	2	98141	n/a
191.69921875	n/a	0.0	1	98150	n/a
191.71484375	n/a	0.0	1	98158	n/a
191.732421875	n/a	1.0	2	98167	n/a
191.748046875	n/a	1.0	2	98175	n/a
191.765625	n/a	0.0	1	98184	n/a
191.78125	n/a	0.0	1	98192	n/a
191.798828125	n/a	1.0	2	98201	n/a
191.814453125	n/a	0.0	1	98209	n/a
191.83203125	n/a	1.0	2	98218	n/a
191.849609375	n/a	1.0	2	98227	n/a
191.865234375	n/a	0.0	1	98235	n/a
191.8828125	n/a	0.0	1	98244	n/a
191.8984375	n/a	1.0	2	98252	n/a
191.916015625	n/a	1.0	2	98261	n/a
191.931640625	n/a	0.0	1	98269	n/a
191.94921875	n/a	0.0	1	98278	n/a
191.96484375	n/a	1.0	2	98286	n/a
191.982421875	n/a	1.0	2	98295	n/a
191.998046875	n/a	0.0	1	98303	n/a
192.015625	n/a	0.0	1	98312	n/a
192.03125	n/a	1.0	2	98320	n/a
192.048828125	n/a	0.0	1	98329	n/a
192.064453125	n/a	1.0	2	98337	n/a
192.08203125	n/a	1.0	2	98346	n/a
192.099609375	n/a	0.0	1	98355	n/a
192.115234375	n/a	1.0	2	98363	n/a
192.1328125	n/a	0.0	1	98372	n/a
192.1484375	n/a	0.0	1	98380	n/a
192.166015625	n/a	1.0	2	98389	n/a
192.181640625	n/a	1.0	2	98397	n/a
192.19921875	n/a	0.0	1	98406	n/a
192.21484375	n/a	0.0	1	98414	n/a
192.232421875	n/a	1.0	2	98423	n/a
192.248046875	n/a	1.0	2	98431	n/a
192.265625	n/a	0.0	1	98440	n/a
192.28125	n/a	0.0	1	98448	n/a
192.298828125	n/a	1.0	2	98457	n/a
192.314453125	n/a	0.0	1	98465	n/a
192.33203125	n/a	1.0	2	98474	n/a
192.349609375	n/a	0.0	1	98483	n/a
192.365234375	n/a	1.0	2	98491	n/a
192.3828125	n/a	1.0	2	98500	n/a
192.3984375	n/a	0.0	1	98508	n/a
192.416015625	n/a	1.0	2	98517	n/a
192.431640625	n/a	0.0	1	98525	n/a
192.44921875	n/a	1.0	2	98534	n/a
192.46484375	n/a	0.0	1	98542	n/a
192.482421875	n/a	1.0	2	98551	n/a
192.498046875	n/a	0.0	1	98559	n/a
192.515625	n/a	1.0	2	98568	n/a
192.53125	n/a	0.0	1	98576	n/a
192.548828125	n/a	1.0	2	98585	n/a
192.564453125	n/a	0.0	1	98593	n/a
192.58203125	n/a	0.0	1	98602	n/a
192.599609375	n/a	1.0	2	98611	n/a
192.615234375	n/a	0.0	1	98619	n/a
192.6328125	n/a	1.0	2	98628	n/a
192.6484375	n/a	1.0	2	98636	n/a
192.666015625	n/a	0.0	1	98645	n/a
192.681640625	n/a	1.0	2	98653	n/a
192.69921875	n/a	0.0	1	98662	n/a
192.71484375	n/a	1.0	2	98670	n/a
192.732421875	n/a	0.0	1	98679	n/a
192.748046875	n/a	0.0	1	98687	n/a
192.765625	n/a	1.0	2	98696	n/a
192.78125	n/a	0.0	1	98704	n/a
192.798828125	n/a	1.0	2	98713	n/a
192.814453125	n/a	1.0	2	98721	n/a
192.83203125	n/a	0.0	1	98730	n/a
192.849609375	n/a	0.0	1	98739	n/a
192.865234375	n/a	1.0	2	98747	n/a
192.8828125	n/a	0.0	1	98756	n/a
192.8984375	n/a	1.0	2	98764	n/a
192.916015625	n/a	1.0	2	98773	n/a
192.931640625	n/a	0.0	1	98781	n/a
192.94921875	n/a	0.0	1	98790	n/a
192.96484375	n/a	1.0	2	98798	n/a
192.982421875	n/a	0.0	1	98807	n/a
192.998046875	n/a	1.0	2	98815	n/a
193.015625	n/a	1.0	2	98824	n/a
193.03125	n/a	0.0	1	98832	n/a
193.048828125	n/a	0.0	1	98841	n/a
193.064453125	n/a	1.0	2	98849	n/a
193.08203125	n/a	0.0	1	98858	n/a
193.099609375	n/a	1.0	2	98867	n/a
193.115234375	n/a	1.0	2	98875	n/a
193.1328125	n/a	0.0	1	98884	n/a
193.1484375	n/a	0.0	1	98892	n/a
193.166015625	n/a	1.0	2	98901	n/a
193.181640625	n/a	1.0	2	98909	n/a
193.19921875	n/a	0.0	1	98918	n/a
193.21484375	n/a	1.0	2	98926	n/a
193.232421875	n/a	0.0	1	98935	n/a
193.248046875	n/a	0.0	1	98943	n/a
193.265625	n/a	1.0	2	98952	n/a
193.28125	n/a	0.0	1	98960	n/a
193.298828125	n/a	1.0	2	98969	n/a
193.314453125	n/a	1.0	2	98977	n/a
193.33203125	n/a	0.0	1	98986	n/a
193.349609375	n/a	1.0	2	98995	n/a
193.365234375	n/a	0.0	1	99003	n/a
193.3828125	n/a	0.0	1	99012	n/a
193.3984375	n/a	1.0	2	99020	n/a
193.416015625	n/a	1.0	2	99029	n/a
193.431640625	n/a	0.0	1	99037	n/a
193.44921875	n/a	0.0	1	99046	n/a
193.46484375	n/a	1.0	2	99054	n/a
193.482421875	n/a	1.0	2	99063	n/a
193.498046875	n/a	0.0	1	99071	n/a
193.515625	n/a	0.0	1	99080	n/a
193.53125	n/a	1.0	2	99088	n/a
193.548828125	n/a	0.0	1	99097	n/a
193.564453125	n/a	1.0	2	99105	n/a
193.58203125	n/a	1.0	2	99114	n/a
193.599609375	n/a	0.0	1	99123	n/a
193.615234375	n/a	1.0	2	99131	n/a
193.6328125	n/a	0.0	1	99140	n/a
193.6484375	n/a	1.0	2	99148	n/a
193.666015625	n/a	0.0	1	99157	n/a
193.681640625	n/a	0.0	1	99165	n/a
193.69921875	n/a	1.0	2	99174	n/a
193.71484375	n/a	1.0	2	99182	n/a
193.732421875	n/a	0.0	1	99191	n/a
193.748046875	n/a	0.0	1	99199	n/a
193.765625	n/a	1.0	2	99208	n/a
193.78125	n/a	1.0	2	99216	n/a
193.798828125	n/a	0.0	1	99225	n/a
193.814453125	n/a	0.0	1	99233	n/a
193.83203125	n/a	1.0	2	99242	n/a
193.849609375	n/a	1.0	2	99251	n/a
193.865234375	n/a	0.0	1	99259	n/a
193.8828125	n/a	0.0	1	99268	n/a
193.8984375	n/a	1.0	2	99276	n/a
193.916015625	n/a	0.0	1	99285	n/a
193.931640625	n/a	1.0	2	99293	n/a
193.94921875	n/a	1.0	2	99302	n/a
193.96484375	n/a	0.0	1	99310	n/a
193.982421875	n/a	0.0	1	99319	n/a
193.998046875	n/a	1.0	2	99327	n/a
194.015625	n/a	1.0	2	99336	n/a
194.03125	n/a	0.0	1	99344	n/a
194.048828125	n/a	0.0	1	99353	n/a
194.064453125	n/a	1.0	2	99361	n/a
194.08203125	n/a	1.0	2	99370	n/a
194.099609375	n/a	0.0	1	99379	n/a
194.115234375	n/a	0.0	1	99387	n/a
194.1328125	n/a	1.0	2	99396	n/a
194.1484375	n/a	0.0	1	99404	n/a
194.166015625	n/a	1.0	2	99413	n/a
194.181640625	n/a	1.0	2	99421	n/a
194.19921875	n/a	0.0	1	99430	n/a
194.21484375	n/a	1.0	2	99438	n/a
194.232421875	n/a	0.0	1	99447	n/a
194.248046875	n/a	0.0	1	99455	n/a
194.265625	n/a	1.0	2	99464	n/a
194.28125	n/a	1.0	2	99472	n/a
194.298828125	n/a	0.0	1	99481	n/a
194.314453125	n/a	0.0	1	99489	n/a
194.33203125	n/a	1.0	2	99498	n/a
194.349609375	n/a	1.0	2	99507	n/a
194.365234375	n/a	0.0	1	99515	n/a
194.3828125	n/a	0.0	1	99524	n/a
194.3984375	n/a	1.0	2	99532	n/a
194.416015625	n/a	0.0	1	99541	n/a
194.431640625	n/a	1.0	2	99549	n/a
194.44921875	n/a	0.0	1	99558	n/a
194.46484375	n/a	1.0	2	99566	n/a
194.482421875	n/a	1.0	2	99575	n/a
194.498046875	n/a	0.0	1	99583	n/a
194.515625	n/a	1.0	2	99592	n/a
194.53125	n/a	0.0	1	99600	n/a
194.548828125	n/a	1.0	2	99609	n/a
194.564453125	n/a	0.0	1	99617	n/a
194.58203125	n/a	1.0	2	99626	n/a
194.599609375	n/a	0.0	1	99635	n/a
194.615234375	n/a	1.0	2	99643	n/a
194.6328125	n/a	0.0	1	99652	n/a
194.6484375	n/a	1.0	2	99660	n/a
194.666015625	n/a	0.0	1	99669	n/a
194.681640625	n/a	0.0	1	99677	n/a
194.69921875	n/a	1.0	2	99686	n/a
194.71484375	n/a	0.0	1	99694	n/a
194.732421875	n/a	1.0	2	99703	n/a
194.748046875	n/a	1.0	2	99711	n/a
194.765625	n/a	0.0	1	99720	n/a
194.78125	n/a	1.0	2	99728	n/a
194.798828125	n/a	0.0	1	99737	n/a
194.814453125	n/a	1.0	2	99745	n/a
194.83203125	n/a	0.0	1	99754	n/a
194.849609375	n/a	0.0	1	99763	n/a
194.865234375	n/a	1.0	2	99771	n/a
194.8828125	n/a	0.0	1	99780	n/a
194.8984375	n/a	1.0	2	99788	n/a
194.916015625	n/a	1.0	2	99797	n/a
194.931640625	n/a	0.0	1	99805	n/a
194.94921875	n/a	0.0	1	99814	n/a
194.96484375	n/a	1.0	2	99822	n/a
194.982421875	n/a	0.0	1	99831	n/a
194.998046875	n/a	1.0	2	99839	n/a
195.015625	n/a	1.0	2	99848	n/a
195.03125	n/a	0.0	1	99856	n/a
195.048828125	n/a	0.0	1	99865	n/a
195.064453125	n/a	1.0	2	99873	n/a
195.08203125	n/a	0.0	1	99882	n/a
195.099609375	n/a	1.0	2	99891	n/a
195.115234375	n/a	1.0	2	99899	n/a
195.1328125	n/a	0.0	1	99908	n/a
195.1484375	n/a	0.0	1	99916	n/a
195.166015625	n/a	1.0	2	99925	n/a
195.181640625	n/a	0.0	1	99933	n/a
195.19921875	n/a	1.0	2	99942	n/a
195.21484375	n/a	1.0	2	99950	n/a
195.232421875	n/a	0.0	1	99959	n/a
195.248046875	n/a	0.0	1	99967	n/a
195.265625	n/a	1.0	2	99976	n/a
195.28125	n/a	1.0	2	99984	n/a
195.298828125	n/a	0.0	1	99993	n/a
195.314453125	n/a	1.0	2	100001	n/a
195.33203125	n/a	0.0	1	100010	n/a
195.349609375	n/a	0.0	1	100019	n/a
195.365234375	n/a	1.0	2	100027	n/a
195.3828125	n/a	0.0	1	100036	n/a
195.3984375	n/a	1.0	2	100044	n/a
195.416015625	n/a	1.0	2	100053	n/a
195.431640625	n/a	0.0	1	100061	n/a
195.44921875	n/a	1.0	2	100070	n/a
195.46484375	n/a	0.0	1	100078	n/a
195.482421875	n/a	0.0	1	100087	n/a
195.498046875	n/a	1.0	2	100095	n/a
195.515625	n/a	1.0	2	100104	n/a
195.53125	n/a	0.0	1	100112	n/a
195.548828125	n/a	0.0	1	100121	n/a
195.564453125	n/a	1.0	2	100129	n/a
195.58203125	n/a	1.0	2	100138	n/a
195.599609375	n/a	0.0	1	100147	n/a
195.615234375	n/a	0.0	1	100155	n/a
195.6328125	n/a	1.0	2	100164	n/a
195.6484375	n/a	0.0	1	100172	n/a
195.666015625	n/a	1.0	2	100181	n/a
195.681640625	n/a	1.0	2	100189	n/a
195.69921875	n/a	0.0	1	100198	n/a
195.71484375	n/a	1.0	2	100206	n/a
195.732421875	n/a	0.0	1	100215	n/a
195.748046875	n/a	1.0	2	100223	n/a
195.765625	n/a	0.0	1	100232	n/a
195.78125	n/a	0.0	1	100240	n/a
195.798828125	n/a	1.0	2	100249	n/a
195.814453125	n/a	1.0	2	100257	n/a
195.83203125	n/a	0.0	1	100266	n/a
195.849609375	n/a	0.0	1	100275	n/a
195.865234375	n/a	1.0	2	100283	n/a
195.8828125	n/a	1.0	2	100292	n/a
195.8984375	n/a	0.0	1	100300	n/a
195.916015625	n/a	0.0	1	100309	n/a
195.931640625	n/a	1.0	2	100317	n/a
195.94921875	n/a	1.0	2	100326	n/a
195.96484375	n/a	0.0	1	100334	n/a
195.982421875	n/a	0.0	1	100343	n/a
195.998046875	n/a	1.0	2	100351	n/a
196.015625	n/a	0.0	1	100360	n/a
196.03125	n/a	1.0	2	100368	n/a
196.048828125	n/a	1.0	2	100377	n/a
196.064453125	n/a	0.0	1	100385	n/a
196.08203125	n/a	0.0	1	100394	n/a
196.099609375	n/a	1.0	2	100403	n/a
196.115234375	n/a	1.0	2	100411	n/a
196.1328125	n/a	0.0	1	100420	n/a
196.1484375	n/a	0.0	1	100428	n/a
196.166015625	n/a	1.0	2	100437	n/a
196.181640625	n/a	1.0	2	100445	n/a
196.19921875	n/a	0.0	1	100454	n/a
196.21484375	n/a	0.0	1	100462	n/a
196.232421875	n/a	1.0	2	100471	n/a
196.248046875	n/a	0.0	1	100479	n/a
196.265625	n/a	1.0	2	100488	n/a
196.28125	n/a	1.0	2	100496	n/a
196.298828125	n/a	0.0	1	100505	n/a
196.314453125	n/a	1.0	2	100513	n/a
196.33203125	n/a	0.0	1	100522	n/a
196.349609375	n/a	0.0	1	100531	n/a
196.365234375	n/a	1.0	2	100539	n/a
196.3828125	n/a	1.0	2	100548	n/a
196.3984375	n/a	0.0	1	100556	n/a
196.416015625	n/a	0.0	1	100565	n/a
196.431640625	n/a	1.0	2	100573	n/a
196.44921875	n/a	1.0	2	100582	n/a
196.46484375	n/a	0.0	1	100590	n/a
196.482421875	n/a	0.0	1	100599	n/a
196.498046875	n/a	1.0	2	100607	n/a
196.515625	n/a	0.0	1	100616	n/a
196.53125	n/a	1.0	2	100624	n/a
196.548828125	n/a	0.0	1	100633	n/a
196.564453125	n/a	1.0	2	100641	n/a
196.58203125	n/a	1.0	2	100650	n/a
196.599609375	n/a	0.0	1	100659	n/a
196.615234375	n/a	1.0	2	100667	n/a
196.6328125	n/a	0.0	1	100676	n/a
196.6484375	n/a	1.0	2	100684	n/a
196.666015625	n/a	0.0	1	100693	n/a
196.681640625	n/a	1.0	2	100701	n/a
196.69921875	n/a	0.0	1	100710	n/a
196.71484375	n/a	1.0	2	100718	n/a
196.732421875	n/a	0.0	1	100727	n/a
196.748046875	n/a	1.0	2	100735	n/a
196.765625	n/a	0.0	1	100744	n/a
196.78125	n/a	0.0	1	100752	n/a
196.798828125	n/a	1.0	2	100761	n/a
196.814453125	n/a	0.0	1	100769	n/a
196.83203125	n/a	1.0	2	100778	n/a
196.849609375	n/a	1.0	2	100787	n/a
196.865234375	n/a	0.0	1	100795	n/a
196.8828125	n/a	1.0	2	100804	n/a
196.8984375	n/a	0.0	1	100812	n/a
196.916015625	n/a	1.0	2	100821	n/a
196.931640625	n/a	0.0	1	100829	n/a
196.94921875	n/a	0.0	1	100838	n/a
196.96484375	n/a	1.0	2	100846	n/a
196.982421875	n/a	0.0	1	100855	n/a
196.998046875	n/a	1.0	2	100863	n/a
197.015625	n/a	1.0	2	100872	n/a
197.03125	n/a	0.0	1	100880	n/a
197.048828125	n/a	0.0	1	100889	n/a
197.064453125	n/a	1.0	2	100897	n/a
197.08203125	n/a	0.0	1	100906	n/a
197.099609375	n/a	1.0	2	100915	n/a
197.115234375	n/a	1.0	2	100923	n/a
197.1328125	n/a	0.0	1	100932	n/a
197.1484375	n/a	0.0	1	100940	n/a
197.166015625	n/a	1.0	2	100949	n/a
197.181640625	n/a	0.0	1	100957	n/a
197.19921875	n/a	1.0	2	100966	n/a
197.21484375	n/a	1.0	2	100974	n/a
197.232421875	n/a	0.0	1	100983	n/a
197.248046875	n/a	0.0	1	100991	n/a
197.265625	n/a	1.0	2	101000	n/a
197.28125	n/a	0.0	1	101008	n/a
197.298828125	n/a	1.0	2	101017	n/a
197.314453125	n/a	1.0	2	101025	n/a
197.33203125	n/a	0.0	1	101034	n/a
197.349609375	n/a	0.0	1	101043	n/a
197.365234375	n/a	1.0	2	101051	n/a
197.3828125	n/a	1.0	2	101060	n/a
197.3984375	n/a	0.0	1	101068	n/a
197.416015625	n/a	1.0	2	101077	n/a
197.431640625	n/a	0.0	1	101085	n/a
197.44921875	n/a	0.0	1	101094	n/a
197.46484375	n/a	1.0	2	101102	n/a
197.482421875	n/a	0.0	1	101111	n/a
197.498046875	n/a	1.0	2	101119	n/a
197.515625	n/a	1.0	2	101128	n/a
197.53125	n/a	0.0	1	101136	n/a
197.548828125	n/a	1.0	2	101145	n/a
197.564453125	n/a	0.0	1	101153	n/a
197.58203125	n/a	0.0	1	101162	n/a
197.599609375	n/a	1.0	2	101171	n/a
197.615234375	n/a	1.0	2	101179	n/a
197.6328125	n/a	0.0	1	101188	n/a
197.6484375	n/a	0.0	1	101196	n/a
197.666015625	n/a	1.0	2	101205	n/a
197.681640625	n/a	1.0	2	101213	n/a
197.69921875	n/a	0.0	1	101222	n/a
197.71484375	n/a	0.0	1	101230	n/a
197.732421875	n/a	1.0	2	101239	n/a
197.748046875	n/a	0.0	1	101247	n/a
197.765625	n/a	1.0	2	101256	n/a
197.78125	n/a	1.0	2	101264	n/a
197.798828125	n/a	0.0	1	101273	n/a
197.814453125	n/a	1.0	2	101281	n/a
197.83203125	n/a	0.0	1	101290	n/a
197.849609375	n/a	1.0	2	101299	n/a
197.865234375	n/a	0.0	1	101307	n/a
197.8828125	n/a	0.0	1	101316	n/a
197.8984375	n/a	1.0	2	101324	n/a
197.916015625	n/a	1.0	2	101333	n/a
197.931640625	n/a	0.0	1	101341	n/a
197.94921875	n/a	0.0	1	101350	n/a
197.96484375	n/a	1.0	2	101358	n/a
197.982421875	n/a	1.0	2	101367	n/a
197.998046875	n/a	0.0	1	101375	n/a
198.015625	n/a	0.0	1	101384	n/a
198.03125	n/a	1.0	2	101392	n/a
198.048828125	n/a	1.0	2	101401	n/a
198.064453125	n/a	0.0	1	101409	n/a
198.08203125	n/a	0.0	1	101418	n/a
198.099609375	n/a	1.0	2	101427	n/a
198.115234375	n/a	0.0	1	101435	n/a
198.1328125	n/a	1.0	2	101444	n/a
198.1484375	n/a	1.0	2	101452	n/a
198.166015625	n/a	0.0	1	101461	n/a
198.181640625	n/a	0.0	1	101469	n/a
198.19921875	n/a	1.0	2	101478	n/a
198.21484375	n/a	1.0	2	101486	n/a
198.232421875	n/a	0.0	1	101495	n/a
198.248046875	n/a	0.0	1	101503	n/a
198.265625	n/a	1.0	2	101512	n/a
198.28125	n/a	1.0	2	101520	n/a
198.298828125	n/a	0.0	1	101529	n/a
198.314453125	n/a	0.0	1	101537	n/a
198.33203125	n/a	1.0	2	101546	n/a
198.349609375	n/a	0.0	1	101555	n/a
198.365234375	n/a	1.0	2	101563	n/a
198.3828125	n/a	1.0	2	101572	n/a
198.3984375	n/a	0.0	1	101580	n/a
198.416015625	n/a	1.0	2	101589	n/a
198.431640625	n/a	0.0	1	101597	n/a
198.44921875	n/a	0.0	1	101606	n/a
198.46484375	n/a	1.0	2	101614	n/a
198.482421875	n/a	1.0	2	101623	n/a
198.498046875	n/a	0.0	1	101631	n/a
198.515625	n/a	0.0	1	101640	n/a
198.53125	n/a	1.0	2	101648	n/a
198.548828125	n/a	1.0	2	101657	n/a
198.564453125	n/a	0.0	1	101665	n/a
198.58203125	n/a	0.0	1	101674	n/a
198.599609375	n/a	1.0	2	101683	n/a
198.615234375	n/a	0.0	1	101691	n/a
198.6328125	n/a	1.0	2	101700	n/a
198.6484375	n/a	0.0	1	101708	n/a
198.666015625	n/a	1.0	2	101717	n/a
198.681640625	n/a	1.0	2	101725	n/a
198.69921875	n/a	0.0	1	101734	n/a
198.71484375	n/a	1.0	2	101742	n/a
198.732421875	n/a	0.0	1	101751	n/a
198.748046875	n/a	1.0	2	101759	n/a
198.765625	n/a	0.0	1	101768	n/a
198.78125	n/a	1.0	2	101776	n/a
198.798828125	n/a	0.0	1	101785	n/a
198.814453125	n/a	1.0	2	101793	n/a
198.83203125	n/a	0.0	1	101802	n/a
198.849609375	n/a	1.0	2	101811	n/a
198.865234375	n/a	0.0	1	101819	n/a
198.8828125	n/a	0.0	1	101828	n/a
198.8984375	n/a	1.0	2	101836	n/a
198.916015625	n/a	0.0	1	101845	n/a
198.931640625	n/a	1.0	2	101853	n/a
198.94921875	n/a	1.0	2	101862	n/a
198.96484375	n/a	0.0	1	101870	n/a
198.982421875	n/a	1.0	2	101879	n/a
198.998046875	n/a	0.0	1	101887	n/a
199.015625	n/a	1.0	2	101896	n/a
199.03125	n/a	0.0	1	101904	n/a
199.048828125	n/a	0.0	1	101913	n/a
199.064453125	n/a	1.0	2	101921	n/a
199.08203125	n/a	0.0	1	101930	n/a
199.099609375	n/a	1.0	2	101939	n/a
199.115234375	n/a	1.0	2	101947	n/a
199.1328125	n/a	0.0	1	101956	n/a
199.1484375	n/a	0.0	1	101964	n/a
199.166015625	n/a	1.0	2	101973	n/a
199.181640625	n/a	0.0	1	101981	n/a
199.19921875	n/a	1.0	2	101990	n/a
199.21484375	n/a	1.0	2	101998	n/a
199.232421875	n/a	0.0	1	102007	n/a
199.248046875	n/a	0.0	1	102015	n/a
199.265625	n/a	1.0	2	102024	n/a
199.28125	n/a	0.0	1	102032	n/a
199.298828125	n/a	1.0	2	102041	n/a
199.314453125	n/a	1.0	2	102049	n/a
199.33203125	n/a	0.0	1	102058	n/a
199.349609375	n/a	0.0	1	102067	n/a
199.365234375	n/a	1.0	2	102075	n/a
199.3828125	n/a	0.0	1	102084	n/a
199.3984375	n/a	1.0	2	102092	n/a
199.416015625	n/a	1.0	2	102101	n/a
199.431640625	n/a	0.0	1	102109	n/a
199.44921875	n/a	0.0	1	102118	n/a
199.46484375	n/a	1.0	2	102126	n/a
199.482421875	n/a	1.0	2	102135	n/a
199.498046875	n/a	0.0	1	102143	n/a
199.515625	n/a	1.0	2	102152	n/a
199.53125	n/a	0.0	1	102160	n/a
199.548828125	n/a	0.0	1	102169	n/a
199.564453125	n/a	1.0	2	102177	n/a
199.58203125	n/a	0.0	1	102186	n/a
199.599609375	n/a	1.0	2	102195	n/a
199.615234375	n/a	1.0	2	102203	n/a
199.6328125	n/a	0.0	1	102212	n/a
199.6484375	n/a	1.0	2	102220	n/a
199.666015625	n/a	0.0	1	102229	n/a
199.681640625	n/a	0.0	1	102237	n/a
199.69921875	n/a	1.0	2	102246	n/a
199.71484375	n/a	1.0	2	102254	n/a
199.732421875	n/a	0.0	1	102263	n/a
199.748046875	n/a	0.0	1	102271	n/a
199.765625	n/a	1.0	2	102280	n/a
199.78125	n/a	1.0	2	102288	n/a
199.798828125	n/a	0.0	1	102297	n/a
199.814453125	n/a	0.0	1	102305	n/a
199.83203125	n/a	1.0	2	102314	n/a
199.849609375	n/a	0.0	1	102323	n/a
199.865234375	n/a	1.0	2	102331	n/a
199.8828125	n/a	1.0	2	102340	n/a
199.8984375	n/a	0.0	1	102348	n/a
199.916015625	n/a	1.0	2	102357	n/a
199.931640625	n/a	0.0	1	102365	n/a
199.94921875	n/a	1.0	2	102374	n/a
199.96484375	n/a	0.0	1	102382	n/a
199.982421875	n/a	0.0	1	102391	n/a
199.998046875	n/a	1.0	2	102399	n/a
200.015625	n/a	1.0	2	102408	n/a
200.03125	n/a	0.0	1	102416	n/a
200.048828125	n/a	0.0	1	102425	n/a
200.064453125	n/a	1.0	2	102433	n/a
200.08203125	n/a	1.0	2	102442	n/a
200.099609375	n/a	0.0	1	102451	n/a
200.115234375	n/a	0.0	1	102459	n/a
200.1328125	n/a	1.0	2	102468	n/a
200.1484375	n/a	1.0	2	102476	n/a
200.166015625	n/a	0.0	1	102485	n/a
200.181640625	n/a	0.0	1	102493	n/a
200.19921875	n/a	1.0	2	102502	n/a
200.21484375	n/a	0.0	1	102510	n/a
200.232421875	n/a	1.0	2	102519	n/a
200.248046875	n/a	1.0	2	102527	n/a
200.265625	n/a	0.0	1	102536	n/a
200.28125	n/a	0.0	1	102544	n/a
200.298828125	n/a	1.0	2	102553	n/a
200.314453125	n/a	1.0	2	102561	n/a
200.33203125	n/a	0.0	1	102570	n/a
200.349609375	n/a	0.0	1	102579	n/a
200.365234375	n/a	1.0	2	102587	n/a
200.3828125	n/a	1.0	2	102596	n/a
200.3984375	n/a	0.0	1	102604	n/a
200.416015625	n/a	0.0	1	102613	n/a
200.431640625	n/a	1.0	2	102621	n/a
200.44921875	n/a	0.0	1	102630	n/a
200.46484375	n/a	1.0	2	102638	n/a
200.482421875	n/a	1.0	2	102647	n/a
200.498046875	n/a	0.0	1	102655	n/a
200.515625	n/a	1.0	2	102664	n/a
200.53125	n/a	0.0	1	102672	n/a
200.548828125	n/a	0.0	1	102681	n/a
200.564453125	n/a	1.0	2	102689	n/a
200.58203125	n/a	1.0	2	102698	n/a
200.599609375	n/a	0.0	1	102707	n/a
200.615234375	n/a	0.0	1	102715	n/a
200.6328125	n/a	1.0	2	102724	n/a
200.6484375	n/a	1.0	2	102732	n/a
200.666015625	n/a	0.0	1	102741	n/a
200.681640625	n/a	0.0	1	102749	n/a
200.69921875	n/a	1.0	2	102758	n/a
200.71484375	n/a	0.0	1	102766	n/a
200.732421875	n/a	1.0	2	102775	n/a
200.748046875	n/a	0.0	1	102783	n/a
200.765625	n/a	1.0	2	102792	n/a
200.78125	n/a	1.0	2	102800	n/a
200.798828125	n/a	0.0	1	102809	n/a
200.814453125	n/a	1.0	2	102817	n/a
200.83203125	n/a	0.0	1	102826	n/a
200.849609375	n/a	1.0	2	102835	n/a
200.865234375	n/a	0.0	1	102843	n/a
200.8828125	n/a	1.0	2	102852	n/a
200.8984375	n/a	0.0	1	102860	n/a
200.916015625	n/a	1.0	2	102869	n/a
200.931640625	n/a	0.0	1	102877	n/a
200.94921875	n/a	1.0	2	102886	n/a
200.96484375	n/a	0.0	1	102894	n/a
200.982421875	n/a	0.0	1	102903	n/a
200.998046875	n/a	1.0	2	102911	n/a
201.015625	n/a	0.0	1	102920	n/a
201.03125	n/a	1.0	2	102928	n/a
201.048828125	n/a	1.0	2	102937	n/a
201.064453125	n/a	0.0	1	102945	n/a
201.08203125	n/a	1.0	2	102954	n/a
201.099609375	n/a	0.0	1	102963	n/a
201.115234375	n/a	1.0	2	102971	n/a
201.1328125	n/a	0.0	1	102980	n/a
201.1484375	n/a	0.0	1	102988	n/a
201.166015625	n/a	1.0	2	102997	n/a
201.181640625	n/a	0.0	1	103005	n/a
201.19921875	n/a	1.0	2	103014	n/a
201.21484375	n/a	1.0	2	103022	n/a
201.232421875	n/a	0.0	1	103031	n/a
201.248046875	n/a	0.0	1	103039	n/a
201.265625	n/a	1.0	2	103048	n/a
201.28125	n/a	0.0	1	103056	n/a
201.298828125	n/a	1.0	2	103065	n/a
201.314453125	n/a	1.0	2	103073	n/a
201.33203125	n/a	0.0	1	103082	n/a
201.349609375	n/a	0.0	1	103091	n/a
201.365234375	n/a	1.0	2	103099	n/a
201.3828125	n/a	0.0	1	103108	n/a
201.3984375	n/a	1.0	2	103116	n/a
201.416015625	n/a	1.0	2	103125	n/a
201.431640625	n/a	0.0	1	103133	n/a
201.44921875	n/a	0.0	1	103142	n/a
201.46484375	n/a	1.0	2	103150	n/a
201.482421875	n/a	0.0	1	103159	n/a
201.498046875	n/a	1.0	2	103167	n/a
201.515625	n/a	1.0	2	103176	n/a
201.53125	n/a	0.0	1	103184	n/a
201.548828125	n/a	0.0	1	103193	n/a
201.564453125	n/a	1.0	2	103201	n/a
201.58203125	n/a	1.0	2	103210	n/a
201.599609375	n/a	0.0	1	103219	n/a
201.615234375	n/a	1.0	2	103227	n/a
201.6328125	n/a	0.0	1	103236	n/a
201.6484375	n/a	0.0	1	103244	n/a
201.666015625	n/a	1.0	2	103253	n/a
201.681640625	n/a	0.0	1	103261	n/a
201.69921875	n/a	1.0	2	103270	n/a
201.71484375	n/a	1.0	2	103278	n/a
201.732421875	n/a	0.0	1	103287	n/a
201.748046875	n/a	1.0	2	103295	n/a
201.765625	n/a	0.0	1	103304	n/a
201.78125	n/a	0.0	1	103312	n/a
201.798828125	n/a	1.0	2	103321	n/a
201.814453125	n/a	1.0	2	103329	n/a
201.83203125	n/a	0.0	1	103338	n/a
201.849609375	n/a	0.0	1	103347	n/a
201.865234375	n/a	1.0	2	103355	n/a
201.8828125	n/a	1.0	2	103364	n/a
201.8984375	n/a	0.0	1	103372	n/a
201.916015625	n/a	0.0	1	103381	n/a
201.931640625	n/a	1.0	2	103389	n/a
201.94921875	n/a	0.0	1	103398	n/a
201.96484375	n/a	1.0	2	103406	n/a
201.982421875	n/a	1.0	2	103415	n/a
201.998046875	n/a	0.0	1	103423	n/a
202.015625	n/a	1.0	2	103432	n/a
202.03125	n/a	0.0	1	103440	n/a
202.048828125	n/a	1.0	2	103449	n/a
202.064453125	n/a	0.0	1	103457	n/a
202.08203125	n/a	0.0	1	103466	n/a
202.099609375	n/a	1.0	2	103475	n/a
202.115234375	n/a	1.0	2	103483	n/a
202.1328125	n/a	0.0	1	103492	n/a
202.1484375	n/a	0.0	1	103500	n/a
202.166015625	n/a	1.0	2	103509	n/a
202.181640625	n/a	1.0	2	103517	n/a
202.19921875	n/a	0.0	1	103526	n/a
202.21484375	n/a	0.0	1	103534	n/a
202.232421875	n/a	1.0	2	103543	n/a
202.248046875	n/a	1.0	2	103551	n/a
202.265625	n/a	0.0	1	103560	n/a
202.28125	n/a	0.0	1	103568	n/a
202.298828125	n/a	1.0	2	103577	n/a
202.314453125	n/a	0.0	1	103585	n/a
202.33203125	n/a	1.0	2	103594	n/a
202.349609375	n/a	1.0	2	103603	n/a
202.365234375	n/a	0.0	1	103611	n/a
202.3828125	n/a	0.0	1	103620	n/a
202.3984375	n/a	1.0	2	103628	n/a
202.416015625	n/a	1.0	2	103637	n/a
202.431640625	n/a	0.0	1	103645	n/a
202.44921875	n/a	0.0	1	103654	n/a
202.46484375	n/a	1.0	2	103662	n/a
202.482421875	n/a	1.0	2	103671	n/a
202.498046875	n/a	0.0	1	103679	n/a
202.515625	n/a	0.0	1	103688	n/a
202.53125	n/a	1.0	2	103696	n/a
202.548828125	n/a	0.0	1	103705	n/a
202.564453125	n/a	1.0	2	103713	n/a
202.58203125	n/a	1.0	2	103722	n/a
202.599609375	n/a	0.0	1	103731	n/a
202.615234375	n/a	1.0	2	103739	n/a
202.6328125	n/a	0.0	1	103748	n/a
202.6484375	n/a	0.0	1	103756	n/a
202.666015625	n/a	1.0	2	103765	n/a
202.681640625	n/a	1.0	2	103773	n/a
202.69921875	n/a	0.0	1	103782	n/a
202.71484375	n/a	0.0	1	103790	n/a
202.732421875	n/a	1.0	2	103799	n/a
202.748046875	n/a	1.0	2	103807	n/a
202.765625	n/a	0.0	1	103816	n/a
202.78125	n/a	0.0	1	103824	n/a
202.798828125	n/a	1.0	2	103833	n/a
202.814453125	n/a	0.0	1	103841	n/a
202.83203125	n/a	1.0	2	103850	n/a
202.849609375	n/a	0.0	1	103859	n/a
202.865234375	n/a	1.0	2	103867	n/a
202.8828125	n/a	1.0	2	103876	n/a
202.8984375	n/a	0.0	1	103884	n/a
202.916015625	n/a	1.0	2	103893	n/a
202.931640625	n/a	0.0	1	103901	n/a
202.94921875	n/a	1.0	2	103910	n/a
202.96484375	n/a	0.0	1	103918	n/a
202.982421875	n/a	1.0	2	103927	n/a
202.998046875	n/a	0.0	1	103935	n/a
203.015625	n/a	1.0	2	103944	n/a
203.03125	n/a	0.0	1	103952	n/a
203.048828125	n/a	1.0	2	103961	n/a
203.064453125	n/a	0.0	1	103969	n/a
203.08203125	n/a	0.0	1	103978	n/a
203.099609375	n/a	1.0	2	103987	n/a
203.115234375	n/a	0.0	1	103995	n/a
203.1328125	n/a	1.0	2	104004	n/a
203.1484375	n/a	1.0	2	104012	n/a
203.166015625	n/a	0.0	1	104021	n/a
203.181640625	n/a	1.0	2	104029	n/a
203.19921875	n/a	0.0	1	104038	n/a
203.21484375	n/a	1.0	2	104046	n/a
203.232421875	n/a	0.0	1	104055	n/a
203.248046875	n/a	0.0	1	104063	n/a
203.265625	n/a	1.0	2	104072	n/a
203.28125	n/a	0.0	1	104080	n/a
203.298828125	n/a	1.0	2	104089	n/a
203.314453125	n/a	1.0	2	104097	n/a
203.33203125	n/a	0.0	1	104106	n/a
203.349609375	n/a	0.0	1	104115	n/a
203.365234375	n/a	1.0	2	104123	n/a
203.3828125	n/a	0.0	1	104132	n/a
203.3984375	n/a	1.0	2	104140	n/a
203.416015625	n/a	1.0	2	104149	n/a
203.431640625	n/a	0.0	1	104157	n/a
203.44921875	n/a	0.0	1	104166	n/a
203.46484375	n/a	1.0	2	104174	n/a
203.482421875	n/a	0.0	1	104183	n/a
203.498046875	n/a	1.0	2	104191	n/a
203.515625	n/a	1.0	2	104200	n/a
203.53125	n/a	0.0	1	104208	n/a
203.548828125	n/a	0.0	1	104217	n/a
203.564453125	n/a	1.0	2	104225	n/a
203.58203125	n/a	0.0	1	104234	n/a
203.599609375	n/a	1.0	2	104243	n/a
203.615234375	n/a	1.0	2	104251	n/a
203.6328125	n/a	0.0	1	104260	n/a
203.6484375	n/a	0.0	1	104268	n/a
203.666015625	n/a	1.0	2	104277	n/a
203.681640625	n/a	1.0	2	104285	n/a
203.69921875	n/a	0.0	1	104294	n/a
203.71484375	n/a	1.0	2	104302	n/a
203.732421875	n/a	0.0	1	104311	n/a
203.748046875	n/a	0.0	1	104319	n/a
203.765625	n/a	1.0	2	104328	n/a
203.78125	n/a	0.0	1	104336	n/a
203.798828125	n/a	1.0	2	104345	n/a
203.814453125	n/a	1.0	2	104353	n/a
203.83203125	n/a	0.0	1	104362	n/a
203.849609375	n/a	1.0	2	104371	n/a
203.865234375	n/a	0.0	1	104379	n/a
203.8828125	n/a	0.0	1	104388	n/a
203.8984375	n/a	1.0	2	104396	n/a
203.916015625	n/a	1.0	2	104405	n/a
203.931640625	n/a	0.0	1	104413	n/a
203.94921875	n/a	0.0	1	104422	n/a
203.96484375	n/a	1.0	2	104430	n/a
203.982421875	n/a	1.0	2	104439	n/a
203.998046875	n/a	0.0	1	104447	n/a
204.015625	n/a	0.0	1	104456	n/a
204.03125	n/a	1.0	2	104464	n/a
204.048828125	n/a	0.0	1	104473	n/a
204.064453125	n/a	1.0	2	104481	n/a
204.08203125	n/a	1.0	2	104490	n/a
204.099609375	n/a	0.0	1	104499	n/a
204.115234375	n/a	1.0	2	104507	n/a
204.1328125	n/a	0.0	1	104516	n/a
204.1484375	n/a	1.0	2	104524	n/a
204.166015625	n/a	0.0	1	104533	n/a
204.181640625	n/a	0.0	1	104541	n/a
204.19921875	n/a	1.0	2	104550	n/a
204.21484375	n/a	1.0	2	104558	n/a
204.232421875	n/a	0.0	1	104567	n/a
204.248046875	n/a	0.0	1	104575	n/a
204.265625	n/a	1.0	2	104584	n/a
204.28125	n/a	1.0	2	104592	n/a
204.298828125	n/a	0.0	1	104601	n/a
204.314453125	n/a	0.0	1	104609	n/a
204.33203125	n/a	1.0	2	104618	n/a
204.349609375	n/a	1.0	2	104627	n/a
204.365234375	n/a	0.0	1	104635	n/a
204.3828125	n/a	0.0	1	104644	n/a
204.3984375	n/a	1.0	2	104652	n/a
204.416015625	n/a	0.0	1	104661	n/a
204.431640625	n/a	1.0	2	104669	n/a
204.44921875	n/a	1.0	2	104678	n/a
204.46484375	n/a	0.0	1	104686	n/a
204.482421875	n/a	0.0	1	104695	n/a
204.498046875	n/a	1.0	2	104703	n/a
204.515625	n/a	1.0	2	104712	n/a
204.53125	n/a	0.0	1	104720	n/a
204.548828125	n/a	0.0	1	104729	n/a
204.564453125	n/a	1.0	2	104737	n/a
204.58203125	n/a	1.0	2	104746	n/a
204.599609375	n/a	0.0	1	104755	n/a
204.615234375	n/a	0.0	1	104763	n/a
204.6328125	n/a	1.0	2	104772	n/a
204.6484375	n/a	0.0	1	104780	n/a
204.666015625	n/a	1.0	2	104789	n/a
204.681640625	n/a	1.0	2	104797	n/a
204.69921875	n/a	0.0	1	104806	n/a
204.71484375	n/a	1.0	2	104814	n/a
204.732421875	n/a	0.0	1	104823	n/a
204.748046875	n/a	0.0	1	104831	n/a
204.765625	n/a	1.0	2	104840	n/a
204.78125	n/a	1.0	2	104848	n/a
204.798828125	n/a	0.0	1	104857	n/a
204.814453125	n/a	0.0	1	104865	n/a
204.83203125	n/a	1.0	2	104874	n/a
204.849609375	n/a	1.0	2	104883	n/a
204.865234375	n/a	0.0	1	104891	n/a
204.8828125	n/a	0.0	1	104900	n/a
204.8984375	n/a	1.0	2	104908	n/a
204.916015625	n/a	0.0	1	104917	n/a
204.931640625	n/a	1.0	2	104925	n/a
204.94921875	n/a	0.0	1	104934	n/a
204.96484375	n/a	1.0	2	104942	n/a
204.982421875	n/a	1.0	2	104951	n/a
204.998046875	n/a	0.0	1	104959	n/a
205.015625	n/a	1.0	2	104968	n/a
205.03125	n/a	0.0	1	104976	n/a
205.048828125	n/a	1.0	2	104985	n/a
205.064453125	n/a	0.0	1	104993	n/a
205.08203125	n/a	1.0	2	105002	n/a
205.099609375	n/a	0.0	1	105011	n/a
205.115234375	n/a	1.0	2	105019	n/a
205.1328125	n/a	0.0	1	105028	n/a
205.1484375	n/a	1.0	2	105036	n/a
205.166015625	n/a	0.0	1	105045	n/a
205.181640625	n/a	0.0	1	105053	n/a
205.19921875	n/a	1.0	2	105062	n/a
205.21484375	n/a	0.0	1	105070	n/a
205.232421875	n/a	1.0	2	105079	n/a
205.248046875	n/a	1.0	2	105087	n/a
205.265625	n/a	0.0	1	105096	n/a
205.28125	n/a	1.0	2	105104	n/a
205.298828125	n/a	0.0	1	105113	n/a
205.314453125	n/a	1.0	2	105121	n/a
205.33203125	n/a	0.0	1	105130	n/a
205.349609375	n/a	0.0	1	105139	n/a
205.365234375	n/a	1.0	2	105147	n/a
205.3828125	n/a	0.0	1	105156	n/a
205.3984375	n/a	1.0	2	105164	n/a
205.416015625	n/a	1.0	2	105173	n/a
205.431640625	n/a	0.0	1	105181	n/a
205.44921875	n/a	0.0	1	105190	n/a
205.46484375	n/a	1.0	2	105198	n/a
205.482421875	n/a	0.0	1	105207	n/a
205.498046875	n/a	1.0	2	105215	n/a
205.515625	n/a	1.0	2	105224	n/a
205.53125	n/a	0.0	1	105232	n/a
205.548828125	n/a	0.0	1	105241	n/a
205.564453125	n/a	1.0	2	105249	n/a
205.58203125	n/a	0.0	1	105258	n/a
205.599609375	n/a	1.0	2	105267	n/a
205.615234375	n/a	1.0	2	105275	n/a
205.6328125	n/a	0.0	1	105284	n/a
205.6484375	n/a	0.0	1	105292	n/a
205.666015625	n/a	1.0	2	105301	n/a
205.681640625	n/a	0.0	1	105309	n/a
205.69921875	n/a	1.0	2	105318	n/a
205.71484375	n/a	1.0	2	105326	n/a
205.732421875	n/a	0.0	1	105335	n/a
205.748046875	n/a	0.0	1	105343	n/a
205.765625	n/a	1.0	2	105352	n/a
205.78125	n/a	1.0	2	105360	n/a
205.798828125	n/a	0.0	1	105369	n/a
205.814453125	n/a	1.0	2	105377	n/a
205.83203125	n/a	0.0	1	105386	n/a
205.849609375	n/a	0.0	1	105395	n/a
205.865234375	n/a	1.0	2	105403	n/a
205.8828125	n/a	0.0	1	105412	n/a
205.8984375	n/a	1.0	2	105420	n/a
205.916015625	n/a	1.0	2	105429	n/a
205.931640625	n/a	0.0	1	105437	n/a
205.94921875	n/a	1.0	2	105446	n/a
205.96484375	n/a	0.0	1	105454	n/a
205.982421875	n/a	0.0	1	105463	n/a
205.998046875	n/a	1.0	2	105471	n/a
206.015625	n/a	1.0	2	105480	n/a
206.03125	n/a	0.0	1	105488	n/a
206.048828125	n/a	0.0	1	105497	n/a
206.064453125	n/a	1.0	2	105505	n/a
206.08203125	n/a	1.0	2	105514	n/a
206.099609375	n/a	0.0	1	105523	n/a
206.115234375	n/a	0.0	1	105531	n/a
206.1328125	n/a	1.0	2	105540	n/a
206.1484375	n/a	0.0	1	105548	n/a
206.166015625	n/a	1.0	2	105557	n/a
206.181640625	n/a	1.0	2	105565	n/a
206.19921875	n/a	0.0	1	105574	n/a
206.21484375	n/a	1.0	2	105582	n/a
206.232421875	n/a	0.0	1	105591	n/a
206.248046875	n/a	1.0	2	105599	n/a
206.265625	n/a	0.0	1	105608	n/a
206.28125	n/a	0.0	1	105616	n/a
206.298828125	n/a	1.0	2	105625	n/a
206.314453125	n/a	1.0	2	105633	n/a
206.33203125	n/a	0.0	1	105642	n/a
206.349609375	n/a	0.0	1	105651	n/a
206.365234375	n/a	1.0	2	105659	n/a
206.3828125	n/a	1.0	2	105668	n/a
206.3984375	n/a	0.0	1	105676	n/a
206.416015625	n/a	0.0	1	105685	n/a
206.431640625	n/a	1.0	2	105693	n/a
206.44921875	n/a	1.0	2	105702	n/a
206.46484375	n/a	0.0	1	105710	n/a
206.482421875	n/a	0.0	1	105719	n/a
206.498046875	n/a	1.0	2	105727	n/a
206.515625	n/a	0.0	1	105736	n/a
206.53125	n/a	1.0	2	105744	n/a
206.548828125	n/a	1.0	2	105753	n/a
206.564453125	n/a	0.0	1	105761	n/a
206.58203125	n/a	0.0	1	105770	n/a
206.599609375	n/a	1.0	2	105779	n/a
206.615234375	n/a	1.0	2	105787	n/a
206.6328125	n/a	0.0	1	105796	n/a
206.6484375	n/a	0.0	1	105804	n/a
206.666015625	n/a	1.0	2	105813	n/a
206.681640625	n/a	1.0	2	105821	n/a
206.69921875	n/a	0.0	1	105830	n/a
206.71484375	n/a	0.0	1	105838	n/a
206.732421875	n/a	1.0	2	105847	n/a
206.748046875	n/a	0.0	1	105855	n/a
206.765625	n/a	1.0	2	105864	n/a
206.78125	n/a	1.0	2	105872	n/a
206.798828125	n/a	0.0	1	105881	n/a
206.814453125	n/a	1.0	2	105889	n/a
206.83203125	n/a	0.0	1	105898	n/a
206.849609375	n/a	0.0	1	105907	n/a
206.865234375	n/a	1.0	2	105915	n/a
206.8828125	n/a	1.0	2	105924	n/a
206.8984375	n/a	0.0	1	105932	n/a
206.916015625	n/a	0.0	1	105941	n/a
206.931640625	n/a	1.0	2	105949	n/a
206.94921875	n/a	1.0	2	105958	n/a
206.96484375	n/a	0.0	1	105966	n/a
206.982421875	n/a	0.0	1	105975	n/a
206.998046875	n/a	1.0	2	105983	n/a
207.015625	n/a	0.0	1	105992	n/a
207.03125	n/a	1.0	2	106000	n/a
207.048828125	n/a	0.0	1	106009	n/a
207.064453125	n/a	1.0	2	106017	n/a
208.369140625	n/a	1.0	2	106685	10.0
208.38671875	n/a	0.0	1	106694	n/a
208.40234375	n/a	1.0	2	106702	n/a
208.419921875	n/a	0.0	1	106711	n/a
208.435546875	n/a	1.0	2	106719	n/a
208.453125	n/a	0.0	1	106728	n/a
208.46875	n/a	0.0	1	106736	n/a
208.486328125	n/a	1.0	2	106745	n/a
208.501953125	n/a	0.0	1	106753	n/a
208.51953125	n/a	1.0	2	106762	n/a
208.53515625	n/a	0.0	1	106770	n/a
208.552734375	n/a	1.0	2	106779	n/a
208.568359375	n/a	1.0	2	106787	n/a
208.5859375	n/a	0.0	1	106796	n/a
208.6015625	n/a	1.0	2	106804	n/a
208.619140625	n/a	0.0	1	106813	n/a
208.63671875	n/a	0.0	1	106822	n/a
208.65234375	n/a	1.0	2	106830	n/a
208.669921875	n/a	1.0	2	106839	n/a
208.685546875	n/a	0.0	1	106847	n/a
208.703125	n/a	0.0	1	106856	n/a
208.71875	n/a	1.0	2	106864	n/a
208.736328125	n/a	0.0	1	106873	n/a
208.751953125	n/a	1.0	2	106881	n/a
208.76953125	n/a	1.0	2	106890	n/a
208.78515625	n/a	0.0	1	106898	n/a
208.802734375	n/a	1.0	2	106907	n/a
208.818359375	n/a	0.0	1	106915	n/a
208.8359375	n/a	1.0	2	106924	n/a
208.8515625	n/a	0.0	1	106932	n/a
208.869140625	n/a	1.0	2	106941	n/a
208.88671875	n/a	0.0	1	106950	n/a
208.90234375	n/a	1.0	2	106958	n/a
208.919921875	n/a	0.0	1	106967	n/a
208.935546875	n/a	0.0	1	106975	n/a
208.953125	n/a	1.0	2	106984	n/a
208.96875	n/a	1.0	2	106992	n/a
208.986328125	n/a	0.0	1	107001	n/a
209.001953125	n/a	0.0	1	107009	n/a
209.01953125	n/a	1.0	2	107018	n/a
209.03515625	n/a	0.0	1	107026	n/a
209.052734375	n/a	1.0	2	107035	n/a
209.068359375	n/a	1.0	2	107043	n/a
209.0859375	n/a	0.0	1	107052	n/a
209.1015625	n/a	0.0	1	107060	n/a
209.119140625	n/a	1.0	2	107069	n/a
209.13671875	n/a	1.0	2	107078	n/a
209.15234375	n/a	0.0	1	107086	n/a
209.169921875	n/a	1.0	2	107095	n/a
209.185546875	n/a	0.0	1	107103	n/a
209.203125	n/a	0.0	1	107112	n/a
209.21875	n/a	1.0	2	107120	n/a
209.236328125	n/a	1.0	2	107129	n/a
209.251953125	n/a	0.0	1	107137	n/a
209.26953125	n/a	0.0	1	107146	n/a
209.28515625	n/a	1.0	2	107154	n/a
209.302734375	n/a	0.0	1	107163	n/a
209.318359375	n/a	1.0	2	107171	n/a
209.3359375	n/a	1.0	2	107180	n/a
209.3515625	n/a	0.0	1	107188	n/a
209.369140625	n/a	0.0	1	107197	n/a
209.38671875	n/a	1.0	2	107206	n/a
209.40234375	n/a	0.0	1	107214	n/a
209.419921875	n/a	1.0	2	107223	n/a
209.435546875	n/a	0.0	1	107231	n/a
209.453125	n/a	1.0	2	107240	n/a
209.46875	n/a	1.0	2	107248	n/a
209.486328125	n/a	0.0	1	107257	n/a
209.501953125	n/a	1.0	2	107265	n/a
209.51953125	n/a	0.0	1	107274	n/a
209.53515625	n/a	1.0	2	107282	n/a
209.552734375	n/a	0.0	1	107291	n/a
209.568359375	n/a	0.0	1	107299	n/a
209.5859375	n/a	1.0	2	107308	n/a
209.6015625	n/a	1.0	2	107316	n/a
209.619140625	n/a	0.0	1	107325	n/a
209.63671875	n/a	1.0	2	107334	n/a
209.65234375	n/a	0.0	1	107342	n/a
209.669921875	n/a	0.0	1	107351	n/a
209.685546875	n/a	1.0	2	107359	n/a
209.703125	n/a	0.0	1	107368	n/a
209.71875	n/a	1.0	2	107376	n/a
209.736328125	n/a	0.0	1	107385	n/a
209.751953125	n/a	1.0	2	107393	n/a
209.76953125	n/a	0.0	1	107402	n/a
209.78515625	n/a	1.0	2	107410	n/a
209.802734375	n/a	1.0	2	107419	n/a
209.818359375	n/a	0.0	1	107427	n/a
209.8359375	n/a	0.0	1	107436	n/a
209.8515625	n/a	1.0	2	107444	n/a
209.869140625	n/a	1.0	2	107453	n/a
209.88671875	n/a	0.0	1	107462	n/a
209.90234375	n/a	0.0	1	107470	n/a
209.919921875	n/a	1.0	2	107479	n/a
209.935546875	n/a	1.0	2	107487	n/a
209.953125	n/a	0.0	1	107496	n/a
209.96875	n/a	1.0	2	107504	n/a
209.986328125	n/a	0.0	1	107513	n/a
210.001953125	n/a	1.0	2	107521	n/a
210.01953125	n/a	0.0	1	107530	n/a
210.03515625	n/a	1.0	2	107538	n/a
210.052734375	n/a	0.0	1	107547	n/a
210.068359375	n/a	1.0	2	107555	n/a
210.0859375	n/a	0.0	1	107564	n/a
210.1015625	n/a	0.0	1	107572	n/a
210.119140625	n/a	1.0	2	107581	n/a
210.13671875	n/a	0.0	1	107590	n/a
210.15234375	n/a	1.0	2	107598	n/a
210.169921875	n/a	0.0	1	107607	n/a
210.185546875	n/a	1.0	2	107615	n/a
210.203125	n/a	0.0	1	107624	n/a
210.21875	n/a	1.0	2	107632	n/a
210.236328125	n/a	0.0	1	107641	n/a
210.251953125	n/a	1.0	2	107649	n/a
210.26953125	n/a	1.0	2	107658	n/a
210.28515625	n/a	0.0	1	107666	n/a
210.302734375	n/a	0.0	1	107675	n/a
210.318359375	n/a	1.0	2	107683	n/a
210.3359375	n/a	1.0	2	107692	n/a
210.3515625	n/a	0.0	1	107700	n/a
210.369140625	n/a	1.0	2	107709	n/a
210.38671875	n/a	0.0	1	107718	n/a
210.40234375	n/a	0.0	1	107726	n/a
210.419921875	n/a	1.0	2	107735	n/a
210.435546875	n/a	0.0	1	107743	n/a
210.453125	n/a	1.0	2	107752	n/a
210.46875	n/a	1.0	2	107760	n/a
210.486328125	n/a	0.0	1	107769	n/a
210.501953125	n/a	1.0	2	107777	n/a
210.51953125	n/a	0.0	1	107786	n/a
210.53515625	n/a	1.0	2	107794	n/a
210.552734375	n/a	0.0	1	107803	n/a
210.568359375	n/a	0.0	1	107811	n/a
210.5859375	n/a	1.0	2	107820	n/a
210.6015625	n/a	0.0	1	107828	n/a
210.619140625	n/a	1.0	2	107837	n/a
210.63671875	n/a	0.0	1	107846	n/a
210.65234375	n/a	1.0	2	107854	n/a
210.669921875	n/a	1.0	2	107863	n/a
210.685546875	n/a	0.0	1	107871	n/a
210.703125	n/a	1.0	2	107880	n/a
210.71875	n/a	0.0	1	107888	n/a
210.736328125	n/a	0.0	1	107897	n/a
210.751953125	n/a	1.0	2	107905	n/a
210.76953125	n/a	1.0	2	107914	n/a
210.78515625	n/a	0.0	1	107922	n/a
210.802734375	n/a	0.0	1	107931	n/a
210.818359375	n/a	1.0	2	107939	n/a
210.8359375	n/a	0.0	1	107948	n/a
210.8515625	n/a	1.0	2	107956	n/a
210.869140625	n/a	1.0	2	107965	n/a
210.88671875	n/a	0.0	1	107974	n/a
210.90234375	n/a	1.0	2	107982	n/a
210.919921875	n/a	0.0	1	107991	n/a
210.935546875	n/a	1.0	2	107999	n/a
210.953125	n/a	0.0	1	108008	n/a
210.96875	n/a	1.0	2	108016	n/a
210.986328125	n/a	0.0	1	108025	n/a
211.001953125	n/a	1.0	2	108033	n/a
211.01953125	n/a	0.0	1	108042	n/a
211.03515625	n/a	0.0	1	108050	n/a
211.052734375	n/a	1.0	2	108059	n/a
211.068359375	n/a	1.0	2	108067	n/a
211.0859375	n/a	0.0	1	108076	n/a
211.1015625	n/a	0.0	1	108084	n/a
211.119140625	n/a	1.0	2	108093	n/a
211.13671875	n/a	0.0	1	108102	n/a
211.15234375	n/a	1.0	2	108110	n/a
211.169921875	n/a	1.0	2	108119	n/a
211.185546875	n/a	0.0	1	108127	n/a
211.203125	n/a	0.0	1	108136	n/a
211.21875	n/a	1.0	2	108144	n/a
211.236328125	n/a	1.0	2	108153	n/a
211.251953125	n/a	0.0	1	108161	n/a
211.26953125	n/a	1.0	2	108170	n/a
211.28515625	n/a	0.0	1	108178	n/a
211.302734375	n/a	0.0	1	108187	n/a
211.318359375	n/a	1.0	2	108195	n/a
211.3359375	n/a	1.0	2	108204	n/a
211.3515625	n/a	0.0	1	108212	n/a
211.369140625	n/a	0.0	1	108221	n/a
211.38671875	n/a	1.0	2	108230	n/a
211.40234375	n/a	0.0	1	108238	n/a
211.419921875	n/a	1.0	2	108247	n/a
211.435546875	n/a	1.0	2	108255	n/a
211.453125	n/a	0.0	1	108264	n/a
211.46875	n/a	0.0	1	108272	n/a
211.486328125	n/a	1.0	2	108281	n/a
211.501953125	n/a	0.0	1	108289	n/a
211.51953125	n/a	1.0	2	108298	n/a
211.53515625	n/a	0.0	1	108306	n/a
211.552734375	n/a	1.0	2	108315	n/a
211.568359375	n/a	1.0	2	108323	n/a
211.5859375	n/a	0.0	1	108332	n/a
211.6015625	n/a	1.0	2	108340	n/a
211.619140625	n/a	0.0	1	108349	n/a
211.63671875	n/a	1.0	2	108358	n/a
211.65234375	n/a	0.0	1	108366	n/a
211.669921875	n/a	0.0	1	108375	n/a
211.685546875	n/a	1.0	2	108383	n/a
211.703125	n/a	1.0	2	108392	n/a
211.71875	n/a	0.0	1	108400	n/a
211.736328125	n/a	1.0	2	108409	n/a
211.751953125	n/a	0.0	1	108417	n/a
211.76953125	n/a	0.0	1	108426	n/a
211.78515625	n/a	1.0	2	108434	n/a
211.802734375	n/a	0.0	1	108443	n/a
211.818359375	n/a	1.0	2	108451	n/a
211.8359375	n/a	0.0	1	108460	n/a
211.8515625	n/a	1.0	2	108468	n/a
211.869140625	n/a	0.0	1	108477	n/a
211.88671875	n/a	1.0	2	108486	n/a
211.90234375	n/a	1.0	2	108494	n/a
211.919921875	n/a	0.0	1	108503	n/a
211.935546875	n/a	0.0	1	108511	n/a
211.953125	n/a	1.0	2	108520	n/a
211.96875	n/a	1.0	2	108528	n/a
211.986328125	n/a	0.0	1	108537	n/a
212.001953125	n/a	0.0	1	108545	n/a
212.01953125	n/a	1.0	2	108554	n/a
212.03515625	n/a	1.0	2	108562	n/a
212.052734375	n/a	0.0	1	108571	n/a
212.068359375	n/a	1.0	2	108579	n/a
212.0859375	n/a	0.0	1	108588	n/a
212.1015625	n/a	1.0	2	108596	n/a
212.119140625	n/a	0.0	1	108605	n/a
212.13671875	n/a	1.0	2	108614	n/a
212.15234375	n/a	0.0	1	108622	n/a
212.169921875	n/a	1.0	2	108631	n/a
212.185546875	n/a	0.0	1	108639	n/a
212.203125	n/a	0.0	1	108648	n/a
212.21875	n/a	1.0	2	108656	n/a
212.236328125	n/a	0.0	1	108665	n/a
212.251953125	n/a	1.0	2	108673	n/a
212.26953125	n/a	0.0	1	108682	n/a
212.28515625	n/a	1.0	2	108690	n/a
212.302734375	n/a	0.0	1	108699	n/a
212.318359375	n/a	1.0	2	108707	n/a
212.3359375	n/a	0.0	1	108716	n/a
212.3515625	n/a	1.0	2	108724	n/a
212.369140625	n/a	1.0	2	108733	n/a
212.38671875	n/a	0.0	1	108742	n/a
212.40234375	n/a	0.0	1	108750	n/a
212.419921875	n/a	1.0	2	108759	n/a
212.435546875	n/a	1.0	2	108767	n/a
212.453125	n/a	0.0	1	108776	n/a
212.46875	n/a	1.0	2	108784	n/a
212.486328125	n/a	0.0	1	108793	n/a
212.501953125	n/a	0.0	1	108801	n/a
212.51953125	n/a	1.0	2	108810	n/a
212.53515625	n/a	0.0	1	108818	n/a
212.552734375	n/a	1.0	2	108827	n/a
212.568359375	n/a	1.0	2	108835	n/a
212.5859375	n/a	0.0	1	108844	n/a
212.6015625	n/a	1.0	2	108852	n/a
212.619140625	n/a	0.0	1	108861	n/a
212.63671875	n/a	1.0	2	108870	n/a
212.65234375	n/a	0.0	1	108878	n/a
212.669921875	n/a	0.0	1	108887	n/a
212.685546875	n/a	1.0	2	108895	n/a
212.703125	n/a	0.0	1	108904	n/a
212.71875	n/a	1.0	2	108912	n/a
212.736328125	n/a	0.0	1	108921	n/a
212.751953125	n/a	1.0	2	108929	n/a
212.76953125	n/a	1.0	2	108938	n/a
212.78515625	n/a	0.0	1	108946	n/a
212.802734375	n/a	1.0	2	108955	n/a
212.818359375	n/a	0.0	1	108963	n/a
212.8359375	n/a	0.0	1	108972	n/a
212.8515625	n/a	1.0	2	108980	n/a
212.869140625	n/a	1.0	2	108989	n/a
212.88671875	n/a	0.0	1	108998	n/a
212.90234375	n/a	0.0	1	109006	n/a
212.919921875	n/a	1.0	2	109015	n/a
212.935546875	n/a	0.0	1	109023	n/a
212.953125	n/a	1.0	2	109032	n/a
212.96875	n/a	1.0	2	109040	n/a
212.986328125	n/a	0.0	1	109049	n/a
213.001953125	n/a	1.0	2	109057	n/a
213.01953125	n/a	0.0	1	109066	n/a
213.03515625	n/a	1.0	2	109074	n/a
213.052734375	n/a	0.0	1	109083	n/a
213.068359375	n/a	1.0	2	109091	n/a
213.0859375	n/a	0.0	1	109100	n/a
213.1015625	n/a	1.0	2	109108	n/a
213.119140625	n/a	0.0	1	109117	n/a
213.13671875	n/a	0.0	1	109126	n/a
213.15234375	n/a	1.0	2	109134	n/a
213.169921875	n/a	1.0	2	109143	n/a
213.185546875	n/a	0.0	1	109151	n/a
213.203125	n/a	0.0	1	109160	n/a
213.21875	n/a	1.0	2	109168	n/a
213.236328125	n/a	0.0	1	109177	n/a
213.251953125	n/a	1.0	2	109185	n/a
213.26953125	n/a	1.0	2	109194	n/a
213.28515625	n/a	0.0	1	109202	n/a
213.302734375	n/a	0.0	1	109211	n/a
213.318359375	n/a	1.0	2	109219	n/a
213.3359375	n/a	1.0	2	109228	n/a
213.3515625	n/a	0.0	1	109236	n/a
213.369140625	n/a	1.0	2	109245	n/a
213.38671875	n/a	0.0	1	109254	n/a
213.40234375	n/a	0.0	1	109262	n/a
213.419921875	n/a	1.0	2	109271	n/a
213.435546875	n/a	1.0	2	109279	n/a
213.453125	n/a	0.0	1	109288	n/a
213.46875	n/a	0.0	1	109296	n/a
213.486328125	n/a	1.0	2	109305	n/a
213.501953125	n/a	0.0	1	109313	n/a
213.51953125	n/a	1.0	2	109322	n/a
213.53515625	n/a	1.0	2	109330	n/a
213.552734375	n/a	0.0	1	109339	n/a
213.568359375	n/a	0.0	1	109347	n/a
213.5859375	n/a	1.0	2	109356	n/a
213.6015625	n/a	0.0	1	109364	n/a
213.619140625	n/a	1.0	2	109373	n/a
213.63671875	n/a	0.0	1	109382	n/a
213.65234375	n/a	1.0	2	109390	n/a
213.669921875	n/a	1.0	2	109399	n/a
213.685546875	n/a	0.0	1	109407	n/a
213.703125	n/a	1.0	2	109416	n/a
213.71875	n/a	0.0	1	109424	n/a
213.736328125	n/a	1.0	2	109433	n/a
213.751953125	n/a	0.0	1	109441	n/a
213.76953125	n/a	0.0	1	109450	n/a
213.78515625	n/a	1.0	2	109458	n/a
213.802734375	n/a	1.0	2	109467	n/a
213.818359375	n/a	0.0	1	109475	n/a
213.8359375	n/a	1.0	2	109484	n/a
213.8515625	n/a	0.0	1	109492	n/a
213.869140625	n/a	0.0	1	109501	n/a
213.88671875	n/a	1.0	2	109510	n/a
213.90234375	n/a	0.0	1	109518	n/a
213.919921875	n/a	1.0	2	109527	n/a
213.935546875	n/a	0.0	1	109535	n/a
213.953125	n/a	1.0	2	109544	n/a
213.96875	n/a	0.0	1	109552	n/a
213.986328125	n/a	1.0	2	109561	n/a
214.001953125	n/a	1.0	2	109569	n/a
214.01953125	n/a	0.0	1	109578	n/a
214.03515625	n/a	0.0	1	109586	n/a
214.052734375	n/a	1.0	2	109595	n/a
214.068359375	n/a	1.0	2	109603	n/a
214.0859375	n/a	0.0	1	109612	n/a
214.1015625	n/a	0.0	1	109620	n/a
214.119140625	n/a	1.0	2	109629	n/a
214.13671875	n/a	1.0	2	109638	n/a
214.15234375	n/a	0.0	1	109646	n/a
214.169921875	n/a	1.0	2	109655	n/a
214.185546875	n/a	0.0	1	109663	n/a
214.203125	n/a	1.0	2	109672	n/a
214.21875	n/a	0.0	1	109680	n/a
214.236328125	n/a	1.0	2	109689	n/a
214.251953125	n/a	0.0	1	109697	n/a
214.26953125	n/a	1.0	2	109706	n/a
214.28515625	n/a	0.0	1	109714	n/a
214.302734375	n/a	0.0	1	109723	n/a
214.318359375	n/a	1.0	2	109731	n/a
214.3359375	n/a	0.0	1	109740	n/a
214.3515625	n/a	1.0	2	109748	n/a
214.369140625	n/a	0.0	1	109757	n/a
214.38671875	n/a	1.0	2	109766	n/a
214.40234375	n/a	0.0	1	109774	n/a
214.419921875	n/a	1.0	2	109783	n/a
214.435546875	n/a	0.0	1	109791	n/a
214.453125	n/a	1.0	2	109800	n/a
214.46875	n/a	1.0	2	109808	n/a
214.486328125	n/a	0.0	1	109817	n/a
214.501953125	n/a	0.0	1	109825	n/a
214.51953125	n/a	1.0	2	109834	n/a
214.53515625	n/a	1.0	2	109842	n/a
214.552734375	n/a	0.0	1	109851	n/a
214.568359375	n/a	1.0	2	109859	n/a
214.5859375	n/a	0.0	1	109868	n/a
214.6015625	n/a	0.0	1	109876	n/a
214.619140625	n/a	1.0	2	109885	n/a
214.63671875	n/a	0.0	1	109894	n/a
214.65234375	n/a	1.0	2	109902	n/a
214.669921875	n/a	1.0	2	109911	n/a
214.685546875	n/a	0.0	1	109919	n/a
214.703125	n/a	1.0	2	109928	n/a
214.71875	n/a	0.0	1	109936	n/a
214.736328125	n/a	1.0	2	109945	n/a
214.751953125	n/a	0.0	1	109953	n/a
214.76953125	n/a	0.0	1	109962	n/a
214.78515625	n/a	1.0	2	109970	n/a
214.802734375	n/a	0.0	1	109979	n/a
214.818359375	n/a	1.0	2	109987	n/a
214.8359375	n/a	0.0	1	109996	n/a
214.8515625	n/a	1.0	2	110004	n/a
214.869140625	n/a	1.0	2	110013	n/a
214.88671875	n/a	0.0	1	110022	n/a
214.90234375	n/a	1.0	2	110030	n/a
214.919921875	n/a	0.0	1	110039	n/a
214.935546875	n/a	0.0	1	110047	n/a
214.953125	n/a	1.0	2	110056	n/a
214.96875	n/a	1.0	2	110064	n/a
214.986328125	n/a	0.0	1	110073	n/a
215.001953125	n/a	0.0	1	110081	n/a
215.01953125	n/a	1.0	2	110090	n/a
215.03515625	n/a	0.0	1	110098	n/a
215.052734375	n/a	1.0	2	110107	n/a
215.068359375	n/a	1.0	2	110115	n/a
215.0859375	n/a	0.0	1	110124	n/a
215.1015625	n/a	1.0	2	110132	n/a
215.119140625	n/a	0.0	1	110141	n/a
215.13671875	n/a	1.0	2	110150	n/a
215.15234375	n/a	0.0	1	110158	n/a
215.169921875	n/a	1.0	2	110167	n/a
215.185546875	n/a	0.0	1	110175	n/a
215.203125	n/a	1.0	2	110184	n/a
215.21875	n/a	0.0	1	110192	n/a
215.236328125	n/a	0.0	1	110201	n/a
215.251953125	n/a	1.0	2	110209	n/a
215.26953125	n/a	1.0	2	110218	n/a
215.28515625	n/a	0.0	1	110226	n/a
215.302734375	n/a	0.0	1	110235	n/a
215.318359375	n/a	1.0	2	110243	n/a
215.3359375	n/a	0.0	1	110252	n/a
215.3515625	n/a	1.0	2	110260	n/a
215.369140625	n/a	1.0	2	110269	n/a
215.38671875	n/a	0.0	1	110278	n/a
215.40234375	n/a	0.0	1	110286	n/a
215.419921875	n/a	1.0	2	110295	n/a
215.435546875	n/a	1.0	2	110303	n/a
215.453125	n/a	0.0	1	110312	n/a
215.46875	n/a	1.0	2	110320	n/a
215.486328125	n/a	0.0	1	110329	n/a
215.501953125	n/a	0.0	1	110337	n/a
215.51953125	n/a	1.0	2	110346	n/a
215.53515625	n/a	1.0	2	110354	n/a
215.552734375	n/a	0.0	1	110363	n/a
215.568359375	n/a	0.0	1	110371	n/a
215.5859375	n/a	1.0	2	110380	n/a
215.6015625	n/a	0.0	1	110388	n/a
215.619140625	n/a	1.0	2	110397	n/a
215.63671875	n/a	1.0	2	110406	n/a
215.65234375	n/a	0.0	1	110414	n/a
215.669921875	n/a	0.0	1	110423	n/a
215.685546875	n/a	1.0	2	110431	n/a
215.703125	n/a	0.0	1	110440	n/a
215.71875	n/a	1.0	2	110448	n/a
215.736328125	n/a	0.0	1	110457	n/a
215.751953125	n/a	1.0	2	110465	n/a
215.76953125	n/a	1.0	2	110474	n/a
215.78515625	n/a	0.0	1	110482	n/a
215.802734375	n/a	1.0	2	110491	n/a
215.818359375	n/a	0.0	1	110499	n/a
215.8359375	n/a	1.0	2	110508	n/a
215.8515625	n/a	0.0	1	110516	n/a
215.869140625	n/a	0.0	1	110525	n/a
215.88671875	n/a	1.0	2	110534	n/a
215.90234375	n/a	1.0	2	110542	n/a
215.919921875	n/a	0.0	1	110551	n/a
215.935546875	n/a	1.0	2	110559	n/a
215.953125	n/a	0.0	1	110568	n/a
215.96875	n/a	0.0	1	110576	n/a
215.986328125	n/a	1.0	2	110585	n/a
216.001953125	n/a	0.0	1	110593	n/a
216.01953125	n/a	1.0	2	110602	n/a
216.03515625	n/a	0.0	1	110610	n/a
216.052734375	n/a	1.0	2	110619	n/a
216.068359375	n/a	0.0	1	110627	n/a
216.0859375	n/a	1.0	2	110636	n/a
216.1015625	n/a	1.0	2	110644	n/a
216.119140625	n/a	0.0	1	110653	n/a
216.13671875	n/a	0.0	1	110662	n/a
216.15234375	n/a	1.0	2	110670	n/a
216.169921875	n/a	1.0	2	110679	n/a
216.185546875	n/a	0.0	1	110687	n/a
216.203125	n/a	0.0	1	110696	n/a
216.21875	n/a	1.0	2	110704	n/a
216.236328125	n/a	1.0	2	110713	n/a
216.251953125	n/a	0.0	1	110721	n/a
216.26953125	n/a	1.0	2	110730	n/a
216.28515625	n/a	0.0	1	110738	n/a
216.302734375	n/a	1.0	2	110747	n/a
216.318359375	n/a	0.0	1	110755	n/a
216.3359375	n/a	1.0	2	110764	n/a
216.3515625	n/a	0.0	1	110772	n/a
216.369140625	n/a	1.0	2	110781	n/a
216.38671875	n/a	0.0	1	110790	n/a
216.40234375	n/a	0.0	1	110798	n/a
216.419921875	n/a	1.0	2	110807	n/a
216.435546875	n/a	0.0	1	110815	n/a
216.453125	n/a	1.0	2	110824	n/a
216.46875	n/a	0.0	1	110832	n/a
216.486328125	n/a	1.0	2	110841	n/a
216.501953125	n/a	0.0	1	110849	n/a
216.51953125	n/a	1.0	2	110858	n/a
216.53515625	n/a	0.0	1	110866	n/a
216.552734375	n/a	1.0	2	110875	n/a
216.568359375	n/a	1.0	2	110883	n/a
216.5859375	n/a	0.0	1	110892	n/a
216.6015625	n/a	0.0	1	110900	n/a
216.619140625	n/a	1.0	2	110909	n/a
216.63671875	n/a	1.0	2	110918	n/a
216.65234375	n/a	0.0	1	110926	n/a
216.669921875	n/a	1.0	2	110935	n/a
216.685546875	n/a	0.0	1	110943	n/a
216.703125	n/a	0.0	1	110952	n/a
216.71875	n/a	1.0	2	110960	n/a
216.736328125	n/a	0.0	1	110969	n/a
216.751953125	n/a	1.0	2	110977	n/a
216.76953125	n/a	1.0	2	110986	n/a
216.78515625	n/a	0.0	1	110994	n/a
216.802734375	n/a	1.0	2	111003	n/a
216.818359375	n/a	0.0	1	111011	n/a
216.8359375	n/a	1.0	2	111020	n/a
216.8515625	n/a	0.0	1	111028	n/a
216.869140625	n/a	0.0	1	111037	n/a
216.88671875	n/a	1.0	2	111046	n/a
216.90234375	n/a	0.0	1	111054	n/a
216.919921875	n/a	1.0	2	111063	n/a
216.935546875	n/a	0.0	1	111071	n/a
216.953125	n/a	1.0	2	111080	n/a
216.96875	n/a	1.0	2	111088	n/a
216.986328125	n/a	0.0	1	111097	n/a
217.001953125	n/a	1.0	2	111105	n/a
217.01953125	n/a	0.0	1	111114	n/a
217.03515625	n/a	0.0	1	111122	n/a
217.052734375	n/a	1.0	2	111131	n/a
217.068359375	n/a	1.0	2	111139	n/a
217.0859375	n/a	0.0	1	111148	n/a
217.1015625	n/a	0.0	1	111156	n/a
217.119140625	n/a	1.0	2	111165	n/a
217.13671875	n/a	0.0	1	111174	n/a
217.15234375	n/a	1.0	2	111182	n/a
217.169921875	n/a	1.0	2	111191	n/a
217.185546875	n/a	0.0	1	111199	n/a
217.203125	n/a	1.0	2	111208	n/a
217.21875	n/a	0.0	1	111216	n/a
217.236328125	n/a	1.0	2	111225	n/a
217.251953125	n/a	0.0	1	111233	n/a
217.26953125	n/a	1.0	2	111242	n/a
217.28515625	n/a	0.0	1	111250	n/a
217.302734375	n/a	1.0	2	111259	n/a
217.318359375	n/a	0.0	1	111267	n/a
217.3359375	n/a	0.0	1	111276	n/a
217.3515625	n/a	1.0	2	111284	n/a
217.369140625	n/a	1.0	2	111293	n/a
217.38671875	n/a	0.0	1	111302	n/a
217.40234375	n/a	0.0	1	111310	n/a
217.419921875	n/a	1.0	2	111319	n/a
217.435546875	n/a	0.0	1	111327	n/a
217.453125	n/a	1.0	2	111336	n/a
217.46875	n/a	1.0	2	111344	n/a
217.486328125	n/a	0.0	1	111353	n/a
217.501953125	n/a	0.0	1	111361	n/a
217.51953125	n/a	1.0	2	111370	n/a
217.53515625	n/a	1.0	2	111378	n/a
217.552734375	n/a	0.0	1	111387	n/a
217.568359375	n/a	1.0	2	111395	n/a
217.5859375	n/a	0.0	1	111404	n/a
217.6015625	n/a	0.0	1	111412	n/a
217.619140625	n/a	1.0	2	111421	n/a
217.63671875	n/a	1.0	2	111430	n/a
217.65234375	n/a	0.0	1	111438	n/a
217.669921875	n/a	0.0	1	111447	n/a
217.685546875	n/a	1.0	2	111455	n/a
217.703125	n/a	0.0	1	111464	n/a
217.71875	n/a	1.0	2	111472	n/a
217.736328125	n/a	1.0	2	111481	n/a
217.751953125	n/a	0.0	1	111489	n/a
217.76953125	n/a	0.0	1	111498	n/a
217.78515625	n/a	1.0	2	111506	n/a
217.802734375	n/a	0.0	1	111515	n/a
217.818359375	n/a	1.0	2	111523	n/a
217.8359375	n/a	0.0	1	111532	n/a
217.8515625	n/a	1.0	2	111540	n/a
217.869140625	n/a	1.0	2	111549	n/a
217.88671875	n/a	0.0	1	111558	n/a
217.90234375	n/a	1.0	2	111566	n/a
217.919921875	n/a	0.0	1	111575	n/a
217.935546875	n/a	1.0	2	111583	n/a
217.953125	n/a	0.0	1	111592	n/a
217.96875	n/a	0.0	1	111600	n/a
217.986328125	n/a	1.0	2	111609	n/a
218.001953125	n/a	1.0	2	111617	n/a
218.01953125	n/a	0.0	1	111626	n/a
218.03515625	n/a	1.0	2	111634	n/a
218.052734375	n/a	0.0	1	111643	n/a
218.068359375	n/a	0.0	1	111651	n/a
218.0859375	n/a	1.0	2	111660	n/a
218.1015625	n/a	0.0	1	111668	n/a
218.119140625	n/a	1.0	2	111677	n/a
218.13671875	n/a	0.0	1	111686	n/a
218.15234375	n/a	1.0	2	111694	n/a
218.169921875	n/a	0.0	1	111703	n/a
218.185546875	n/a	1.0	2	111711	n/a
218.203125	n/a	1.0	2	111720	n/a
218.21875	n/a	0.0	1	111728	n/a
218.236328125	n/a	0.0	1	111737	n/a
218.251953125	n/a	1.0	2	111745	n/a
218.26953125	n/a	1.0	2	111754	n/a
218.28515625	n/a	0.0	1	111762	n/a
218.302734375	n/a	0.0	1	111771	n/a
218.318359375	n/a	1.0	2	111779	n/a
218.3359375	n/a	1.0	2	111788	n/a
218.3515625	n/a	0.0	1	111796	n/a
218.369140625	n/a	1.0	2	111805	n/a
218.38671875	n/a	0.0	1	111814	n/a
218.40234375	n/a	1.0	2	111822	n/a
218.419921875	n/a	0.0	1	111831	n/a
218.435546875	n/a	1.0	2	111839	n/a
218.453125	n/a	0.0	1	111848	n/a
218.46875	n/a	1.0	2	111856	n/a
218.486328125	n/a	0.0	1	111865	n/a
218.501953125	n/a	0.0	1	111873	n/a
218.51953125	n/a	1.0	2	111882	n/a
218.53515625	n/a	0.0	1	111890	n/a
218.552734375	n/a	1.0	2	111899	n/a
218.568359375	n/a	0.0	1	111907	n/a
218.5859375	n/a	1.0	2	111916	n/a
218.6015625	n/a	0.0	1	111924	n/a
218.619140625	n/a	1.0	2	111933	n/a
218.63671875	n/a	0.0	1	111942	n/a
218.65234375	n/a	1.0	2	111950	n/a
218.669921875	n/a	1.0	2	111959	n/a
218.685546875	n/a	0.0	1	111967	n/a
218.703125	n/a	0.0	1	111976	n/a
218.71875	n/a	1.0	2	111984	n/a
218.736328125	n/a	1.0	2	111993	n/a
218.751953125	n/a	0.0	1	112001	n/a
218.76953125	n/a	1.0	2	112010	n/a
218.78515625	n/a	0.0	1	112018	n/a
218.802734375	n/a	0.0	1	112027	n/a
218.818359375	n/a	1.0	2	112035	n/a
218.8359375	n/a	0.0	1	112044	n/a
218.8515625	n/a	1.0	2	112052	n/a
218.869140625	n/a	1.0	2	112061	n/a
218.88671875	n/a	0.0	1	112070	n/a
218.90234375	n/a	1.0	2	112078	n/a
218.919921875	n/a	0.0	1	112087	n/a
218.935546875	n/a	1.0	2	112095	n/a
218.953125	n/a	0.0	1	112104	n/a
218.96875	n/a	0.0	1	112112	n/a
218.986328125	n/a	1.0	2	112121	n/a
219.001953125	n/a	0.0	1	112129	n/a
219.01953125	n/a	1.0	2	112138	n/a
219.03515625	n/a	0.0	1	112146	n/a
219.052734375	n/a	1.0	2	112155	n/a
219.068359375	n/a	1.0	2	112163	n/a
219.0859375	n/a	0.0	1	112172	n/a
219.1015625	n/a	1.0	2	112180	n/a
219.119140625	n/a	0.0	1	112189	n/a
219.13671875	n/a	0.0	1	112198	n/a
219.15234375	n/a	1.0	2	112206	n/a
219.169921875	n/a	1.0	2	112215	n/a
219.185546875	n/a	0.0	1	112223	n/a
219.203125	n/a	0.0	1	112232	n/a
219.21875	n/a	1.0	2	112240	n/a
219.236328125	n/a	0.0	1	112249	n/a
219.251953125	n/a	1.0	2	112257	n/a
219.26953125	n/a	1.0	2	112266	n/a
219.28515625	n/a	0.0	1	112274	n/a
219.302734375	n/a	1.0	2	112283	n/a
219.318359375	n/a	0.0	1	112291	n/a
219.3359375	n/a	1.0	2	112300	n/a
219.3515625	n/a	0.0	1	112308	n/a
219.369140625	n/a	1.0	2	112317	n/a
219.38671875	n/a	0.0	1	112326	n/a
219.40234375	n/a	1.0	2	112334	n/a
219.419921875	n/a	0.0	1	112343	n/a
219.435546875	n/a	0.0	1	112351	n/a
219.453125	n/a	1.0	2	112360	n/a
219.46875	n/a	1.0	2	112368	n/a
219.486328125	n/a	0.0	1	112377	n/a
219.501953125	n/a	0.0	1	112385	n/a
219.51953125	n/a	1.0	2	112394	n/a
219.53515625	n/a	0.0	1	112402	n/a
219.552734375	n/a	1.0	2	112411	n/a
219.568359375	n/a	1.0	2	112419	n/a
219.5859375	n/a	0.0	1	112428	n/a
219.6015625	n/a	0.0	1	112436	n/a
219.619140625	n/a	1.0	2	112445	n/a
219.63671875	n/a	1.0	2	112454	n/a
219.65234375	n/a	0.0	1	112462	n/a
219.669921875	n/a	1.0	2	112471	n/a
219.685546875	n/a	0.0	1	112479	n/a
219.703125	n/a	0.0	1	112488	n/a
219.71875	n/a	1.0	2	112496	n/a
219.736328125	n/a	1.0	2	112505	n/a
219.751953125	n/a	0.0	1	112513	n/a
219.76953125	n/a	0.0	1	112522	n/a
219.78515625	n/a	1.0	2	112530	n/a
219.802734375	n/a	0.0	1	112539	n/a
219.818359375	n/a	1.0	2	112547	n/a
219.8359375	n/a	1.0	2	112556	n/a
219.8515625	n/a	0.0	1	112564	n/a
219.869140625	n/a	0.0	1	112573	n/a
219.88671875	n/a	1.0	2	112582	n/a
219.90234375	n/a	0.0	1	112590	n/a
219.919921875	n/a	1.0	2	112599	n/a
219.935546875	n/a	0.0	1	112607	n/a
219.953125	n/a	1.0	2	112616	n/a
219.96875	n/a	1.0	2	112624	n/a
219.986328125	n/a	0.0	1	112633	n/a
220.001953125	n/a	1.0	2	112641	n/a
220.01953125	n/a	0.0	1	112650	n/a
220.03515625	n/a	1.0	2	112658	n/a
220.052734375	n/a	0.0	1	112667	n/a
220.068359375	n/a	0.0	1	112675	n/a
220.0859375	n/a	1.0	2	112684	n/a
220.1015625	n/a	1.0	2	112692	n/a
220.119140625	n/a	0.0	1	112701	n/a
220.13671875	n/a	1.0	2	112710	n/a
220.15234375	n/a	0.0	1	112718	n/a
220.169921875	n/a	0.0	1	112727	n/a
220.185546875	n/a	1.0	2	112735	n/a
220.203125	n/a	0.0	1	112744	n/a
220.21875	n/a	1.0	2	112752	n/a
220.236328125	n/a	0.0	1	112761	n/a
220.251953125	n/a	1.0	2	112769	n/a
220.26953125	n/a	0.0	1	112778	n/a
220.28515625	n/a	1.0	2	112786	n/a
220.302734375	n/a	1.0	2	112795	n/a
220.318359375	n/a	0.0	1	112803	n/a
220.3359375	n/a	0.0	1	112812	n/a
220.3515625	n/a	1.0	2	112820	n/a
220.369140625	n/a	1.0	2	112829	n/a
220.38671875	n/a	0.0	1	112838	n/a
220.40234375	n/a	0.0	1	112846	n/a
220.419921875	n/a	1.0	2	112855	n/a
220.435546875	n/a	1.0	2	112863	n/a
220.453125	n/a	0.0	1	112872	n/a
220.46875	n/a	1.0	2	112880	n/a
220.486328125	n/a	0.0	1	112889	n/a
220.501953125	n/a	1.0	2	112897	n/a
220.51953125	n/a	0.0	1	112906	n/a
220.53515625	n/a	1.0	2	112914	n/a
220.552734375	n/a	0.0	1	112923	n/a
220.568359375	n/a	1.0	2	112931	n/a
220.5859375	n/a	0.0	1	112940	n/a
220.6015625	n/a	0.0	1	112948	n/a
220.619140625	n/a	1.0	2	112957	n/a
220.63671875	n/a	0.0	1	112966	n/a
220.65234375	n/a	1.0	2	112974	n/a
220.669921875	n/a	0.0	1	112983	n/a
220.685546875	n/a	1.0	2	112991	n/a
220.703125	n/a	0.0	1	113000	n/a
220.71875	n/a	1.0	2	113008	n/a
220.736328125	n/a	0.0	1	113017	n/a
220.751953125	n/a	1.0	2	113025	n/a
220.76953125	n/a	1.0	2	113034	n/a
220.78515625	n/a	0.0	1	113042	n/a
220.802734375	n/a	0.0	1	113051	n/a
220.818359375	n/a	1.0	2	113059	n/a
220.8359375	n/a	1.0	2	113068	n/a
220.8515625	n/a	0.0	1	113076	n/a
220.869140625	n/a	1.0	2	113085	n/a
220.88671875	n/a	0.0	1	113094	n/a
220.90234375	n/a	0.0	1	113102	n/a
220.919921875	n/a	1.0	2	113111	n/a
220.935546875	n/a	0.0	1	113119	n/a
220.953125	n/a	1.0	2	113128	n/a
220.96875	n/a	1.0	2	113136	n/a
220.986328125	n/a	0.0	1	113145	n/a
221.001953125	n/a	1.0	2	113153	n/a
221.01953125	n/a	0.0	1	113162	n/a
221.03515625	n/a	1.0	2	113170	n/a
221.052734375	n/a	0.0	1	113179	n/a
221.068359375	n/a	0.0	1	113187	n/a
221.0859375	n/a	1.0	2	113196	n/a
221.1015625	n/a	0.0	1	113204	n/a
221.119140625	n/a	1.0	2	113213	n/a
221.13671875	n/a	0.0	1	113222	n/a
221.15234375	n/a	1.0	2	113230	n/a
221.169921875	n/a	1.0	2	113239	n/a
221.185546875	n/a	0.0	1	113247	n/a
221.203125	n/a	1.0	2	113256	n/a
221.21875	n/a	0.0	1	113264	n/a
221.236328125	n/a	0.0	1	113273	n/a
221.251953125	n/a	1.0	2	113281	n/a
221.26953125	n/a	1.0	2	113290	n/a
221.28515625	n/a	0.0	1	113298	n/a
221.302734375	n/a	0.0	1	113307	n/a
221.318359375	n/a	1.0	2	113315	n/a
221.3359375	n/a	0.0	1	113324	n/a
221.3515625	n/a	1.0	2	113332	n/a
221.369140625	n/a	1.0	2	113341	n/a
221.38671875	n/a	0.0	1	113350	n/a
221.40234375	n/a	1.0	2	113358	n/a
221.419921875	n/a	0.0	1	113367	n/a
221.435546875	n/a	1.0	2	113375	n/a
221.453125	n/a	0.0	1	113384	n/a
221.46875	n/a	1.0	2	113392	n/a
221.486328125	n/a	0.0	1	113401	n/a
221.501953125	n/a	1.0	2	113409	n/a
221.51953125	n/a	0.0	1	113418	n/a
221.53515625	n/a	0.0	1	113426	n/a
221.552734375	n/a	1.0	2	113435	n/a
221.568359375	n/a	1.0	2	113443	n/a
221.5859375	n/a	0.0	1	113452	n/a
221.6015625	n/a	0.0	1	113460	n/a
221.619140625	n/a	1.0	2	113469	n/a
221.63671875	n/a	0.0	1	113478	n/a
221.65234375	n/a	1.0	2	113486	n/a
221.669921875	n/a	1.0	2	113495	n/a
221.685546875	n/a	0.0	1	113503	n/a
221.703125	n/a	0.0	1	113512	n/a
221.71875	n/a	1.0	2	113520	n/a
221.736328125	n/a	1.0	2	113529	n/a
221.751953125	n/a	0.0	1	113537	n/a
221.76953125	n/a	1.0	2	113546	n/a
221.78515625	n/a	0.0	1	113554	n/a
221.802734375	n/a	0.0	1	113563	n/a
221.818359375	n/a	1.0	2	113571	n/a
221.8359375	n/a	1.0	2	113580	n/a
221.8515625	n/a	0.0	1	113588	n/a
221.869140625	n/a	0.0	1	113597	n/a
221.88671875	n/a	1.0	2	113606	n/a
221.90234375	n/a	0.0	1	113614	n/a
221.919921875	n/a	1.0	2	113623	n/a
221.935546875	n/a	1.0	2	113631	n/a
221.953125	n/a	0.0	1	113640	n/a
221.96875	n/a	0.0	1	113648	n/a
221.986328125	n/a	1.0	2	113657	n/a
222.001953125	n/a	0.0	1	113665	n/a
222.01953125	n/a	1.0	2	113674	n/a
222.03515625	n/a	0.0	1	113682	n/a
222.052734375	n/a	1.0	2	113691	n/a
222.068359375	n/a	1.0	2	113699	n/a
222.0859375	n/a	0.0	1	113708	n/a
222.1015625	n/a	1.0	2	113716	n/a
222.119140625	n/a	0.0	1	113725	n/a
222.13671875	n/a	1.0	2	113734	n/a
222.15234375	n/a	0.0	1	113742	n/a
222.169921875	n/a	0.0	1	113751	n/a
222.185546875	n/a	1.0	2	113759	n/a
222.203125	n/a	1.0	2	113768	n/a
222.21875	n/a	0.0	1	113776	n/a
222.236328125	n/a	1.0	2	113785	n/a
222.251953125	n/a	0.0	1	113793	n/a
222.26953125	n/a	0.0	1	113802	n/a
222.28515625	n/a	1.0	2	113810	n/a
222.302734375	n/a	0.0	1	113819	n/a
222.318359375	n/a	1.0	2	113827	n/a
222.3359375	n/a	0.0	1	113836	n/a
222.3515625	n/a	1.0	2	113844	n/a
222.369140625	n/a	0.0	1	113853	n/a
222.38671875	n/a	1.0	2	113862	n/a
222.40234375	n/a	1.0	2	113870	n/a
222.419921875	n/a	0.0	1	113879	n/a
222.435546875	n/a	0.0	1	113887	n/a
222.453125	n/a	1.0	2	113896	n/a
222.46875	n/a	1.0	2	113904	n/a
222.486328125	n/a	0.0	1	113913	n/a
222.501953125	n/a	0.0	1	113921	n/a
222.51953125	n/a	1.0	2	113930	n/a
222.53515625	n/a	1.0	2	113938	n/a
222.552734375	n/a	0.0	1	113947	n/a
222.568359375	n/a	1.0	2	113955	n/a
222.5859375	n/a	0.0	1	113964	n/a
222.6015625	n/a	1.0	2	113972	n/a
222.619140625	n/a	0.0	1	113981	n/a
222.63671875	n/a	1.0	2	113990	n/a
222.65234375	n/a	0.0	1	113998	n/a
222.669921875	n/a	1.0	2	114007	n/a
222.685546875	n/a	0.0	1	114015	n/a
222.703125	n/a	0.0	1	114024	n/a
222.71875	n/a	1.0	2	114032	n/a
222.736328125	n/a	0.0	1	114041	n/a
222.751953125	n/a	1.0	2	114049	n/a
222.76953125	n/a	0.0	1	114058	n/a
222.78515625	n/a	1.0	2	114066	n/a
222.802734375	n/a	0.0	1	114075	n/a
222.818359375	n/a	1.0	2	114083	n/a
222.8359375	n/a	0.0	1	114092	n/a
222.8515625	n/a	1.0	2	114100	n/a
222.869140625	n/a	1.0	2	114109	n/a
222.88671875	n/a	0.0	1	114118	n/a
222.90234375	n/a	0.0	1	114126	n/a
222.919921875	n/a	1.0	2	114135	n/a
222.935546875	n/a	1.0	2	114143	n/a
222.953125	n/a	0.0	1	114152	n/a
222.96875	n/a	1.0	2	114160	n/a
222.986328125	n/a	0.0	1	114169	n/a
223.001953125	n/a	0.0	1	114177	n/a
223.01953125	n/a	1.0	2	114186	n/a
223.03515625	n/a	0.0	1	114194	n/a
223.052734375	n/a	1.0	2	114203	n/a
223.068359375	n/a	1.0	2	114211	n/a
223.0859375	n/a	0.0	1	114220	n/a
223.1015625	n/a	1.0	2	114228	n/a
223.119140625	n/a	0.0	1	114237	n/a
223.13671875	n/a	1.0	2	114246	n/a
223.15234375	n/a	0.0	1	114254	n/a
223.169921875	n/a	0.0	1	114263	n/a
223.185546875	n/a	1.0	2	114271	n/a
223.203125	n/a	0.0	1	114280	n/a
223.21875	n/a	1.0	2	114288	n/a
223.236328125	n/a	0.0	1	114297	n/a
223.251953125	n/a	1.0	2	114305	n/a
223.26953125	n/a	1.0	2	114314	n/a
223.28515625	n/a	0.0	1	114322	n/a
223.302734375	n/a	1.0	2	114331	n/a
223.318359375	n/a	0.0	1	114339	n/a
223.3359375	n/a	0.0	1	114348	n/a
223.3515625	n/a	1.0	2	114356	n/a
223.369140625	n/a	1.0	2	114365	n/a
223.38671875	n/a	0.0	1	114374	n/a
223.40234375	n/a	0.0	1	114382	n/a
223.419921875	n/a	1.0	2	114391	n/a
223.435546875	n/a	0.0	1	114399	n/a
223.453125	n/a	1.0	2	114408	n/a
223.46875	n/a	1.0	2	114416	n/a
223.486328125	n/a	0.0	1	114425	n/a
223.501953125	n/a	1.0	2	114433	n/a
223.51953125	n/a	0.0	1	114442	n/a
223.53515625	n/a	1.0	2	114450	n/a
223.552734375	n/a	0.0	1	114459	n/a
223.568359375	n/a	1.0	2	114467	n/a
223.5859375	n/a	0.0	1	114476	n/a
223.6015625	n/a	1.0	2	114484	n/a
223.619140625	n/a	0.0	1	114493	n/a
223.63671875	n/a	0.0	1	114502	n/a
223.65234375	n/a	1.0	2	114510	n/a
223.669921875	n/a	1.0	2	114519	n/a
223.685546875	n/a	0.0	1	114527	n/a
223.703125	n/a	0.0	1	114536	n/a
223.71875	n/a	1.0	2	114544	n/a
223.736328125	n/a	0.0	1	114553	n/a
223.751953125	n/a	1.0	2	114561	n/a
223.76953125	n/a	1.0	2	114570	n/a
223.78515625	n/a	0.0	1	114578	n/a
223.802734375	n/a	0.0	1	114587	n/a
223.818359375	n/a	1.0	2	114595	n/a
223.8359375	n/a	1.0	2	114604	n/a
223.8515625	n/a	0.0	1	114612	n/a
223.869140625	n/a	1.0	2	114621	n/a
223.88671875	n/a	0.0	1	114630	n/a
223.90234375	n/a	0.0	1	114638	n/a
223.919921875	n/a	1.0	2	114647	n/a
223.935546875	n/a	1.0	2	114655	n/a
223.953125	n/a	0.0	1	114664	n/a
223.96875	n/a	0.0	1	114672	n/a
223.986328125	n/a	1.0	2	114681	n/a
224.001953125	n/a	0.0	1	114689	n/a
224.01953125	n/a	1.0	2	114698	n/a
224.03515625	n/a	1.0	2	114706	n/a
224.052734375	n/a	0.0	1	114715	n/a
224.068359375	n/a	0.0	1	114723	n/a
224.0859375	n/a	1.0	2	114732	n/a
224.1015625	n/a	0.0	1	114740	n/a
224.119140625	n/a	1.0	2	114749	n/a
224.13671875	n/a	0.0	1	114758	n/a
224.15234375	n/a	1.0	2	114766	n/a
224.169921875	n/a	1.0	2	114775	n/a
224.185546875	n/a	0.0	1	114783	n/a
224.203125	n/a	1.0	2	114792	n/a
224.21875	n/a	0.0	1	114800	n/a
224.236328125	n/a	1.0	2	114809	n/a
224.251953125	n/a	0.0	1	114817	n/a
224.26953125	n/a	0.0	1	114826	n/a
224.28515625	n/a	1.0	2	114834	n/a
224.302734375	n/a	1.0	2	114843	n/a
224.318359375	n/a	0.0	1	114851	n/a
224.3359375	n/a	1.0	2	114860	n/a
224.3515625	n/a	0.0	1	114868	n/a
224.369140625	n/a	0.0	1	114877	n/a
224.38671875	n/a	1.0	2	114886	n/a
224.40234375	n/a	0.0	1	114894	n/a
224.419921875	n/a	1.0	2	114903	n/a
224.435546875	n/a	0.0	1	114911	n/a
224.453125	n/a	1.0	2	114920	n/a
224.46875	n/a	0.0	1	114928	n/a
224.486328125	n/a	1.0	2	114937	n/a
224.501953125	n/a	1.0	2	114945	n/a
224.51953125	n/a	0.0	1	114954	n/a
224.53515625	n/a	0.0	1	114962	n/a
224.552734375	n/a	1.0	2	114971	n/a
224.568359375	n/a	1.0	2	114979	n/a
224.5859375	n/a	0.0	1	114988	n/a
224.6015625	n/a	0.0	1	114996	n/a
224.619140625	n/a	1.0	2	115005	n/a
224.63671875	n/a	1.0	2	115014	n/a
224.65234375	n/a	0.0	1	115022	n/a
224.669921875	n/a	1.0	2	115031	n/a
224.685546875	n/a	0.0	1	115039	n/a
224.703125	n/a	1.0	2	115048	n/a
224.71875	n/a	0.0	1	115056	n/a
224.736328125	n/a	1.0	2	115065	n/a
224.751953125	n/a	0.0	1	115073	n/a
224.76953125	n/a	1.0	2	115082	n/a
224.78515625	n/a	0.0	1	115090	n/a
224.802734375	n/a	0.0	1	115099	n/a
224.818359375	n/a	1.0	2	115107	n/a
224.8359375	n/a	0.0	1	115116	n/a
224.8515625	n/a	1.0	2	115124	n/a
224.869140625	n/a	0.0	1	115133	n/a
224.88671875	n/a	1.0	2	115142	n/a
224.90234375	n/a	0.0	1	115150	n/a
224.919921875	n/a	1.0	2	115159	n/a
224.935546875	n/a	0.0	1	115167	n/a
224.953125	n/a	1.0	2	115176	n/a
224.96875	n/a	1.0	2	115184	n/a
224.986328125	n/a	0.0	1	115193	n/a
225.001953125	n/a	0.0	1	115201	n/a
225.01953125	n/a	1.0	2	115210	n/a
225.03515625	n/a	1.0	2	115218	n/a
225.052734375	n/a	0.0	1	115227	n/a
225.068359375	n/a	1.0	2	115235	n/a
225.0859375	n/a	0.0	1	115244	n/a
225.1015625	n/a	0.0	1	115252	n/a
225.119140625	n/a	1.0	2	115261	n/a
225.13671875	n/a	0.0	1	115270	n/a
225.15234375	n/a	1.0	2	115278	n/a
225.169921875	n/a	1.0	2	115287	n/a
225.185546875	n/a	0.0	1	115295	n/a
225.203125	n/a	1.0	2	115304	n/a
225.21875	n/a	0.0	1	115312	n/a
225.236328125	n/a	1.0	2	115321	n/a
225.251953125	n/a	0.0	1	115329	n/a
225.26953125	n/a	0.0	1	115338	n/a
225.28515625	n/a	1.0	2	115346	n/a
225.302734375	n/a	0.0	1	115355	n/a
225.318359375	n/a	1.0	2	115363	n/a
225.3359375	n/a	0.0	1	115372	n/a
225.3515625	n/a	1.0	2	115380	n/a
225.369140625	n/a	1.0	2	115389	n/a
225.38671875	n/a	0.0	1	115398	n/a
225.40234375	n/a	1.0	2	115406	n/a
225.419921875	n/a	0.0	1	115415	n/a
225.435546875	n/a	0.0	1	115423	n/a
225.453125	n/a	1.0	2	115432	n/a
225.46875	n/a	1.0	2	115440	n/a
225.486328125	n/a	0.0	1	115449	n/a
225.501953125	n/a	0.0	1	115457	n/a
225.51953125	n/a	1.0	2	115466	n/a
225.53515625	n/a	0.0	1	115474	n/a
225.552734375	n/a	1.0	2	115483	n/a
225.568359375	n/a	1.0	2	115491	n/a
225.5859375	n/a	0.0	1	115500	n/a
225.6015625	n/a	1.0	2	115508	n/a
225.619140625	n/a	0.0	1	115517	n/a
225.63671875	n/a	1.0	2	115526	n/a
225.65234375	n/a	0.0	1	115534	n/a
225.669921875	n/a	1.0	2	115543	n/a
225.685546875	n/a	0.0	1	115551	n/a
225.703125	n/a	1.0	2	115560	n/a
225.71875	n/a	0.0	1	115568	n/a
225.736328125	n/a	0.0	1	115577	n/a
225.751953125	n/a	1.0	2	115585	n/a
225.76953125	n/a	1.0	2	115594	n/a
225.78515625	n/a	0.0	1	115602	n/a
225.802734375	n/a	0.0	1	115611	n/a
225.818359375	n/a	1.0	2	115619	n/a
225.8359375	n/a	0.0	1	115628	n/a
225.8515625	n/a	1.0	2	115636	n/a
225.869140625	n/a	1.0	2	115645	n/a
225.88671875	n/a	0.0	1	115654	n/a
225.90234375	n/a	0.0	1	115662	n/a
225.919921875	n/a	1.0	2	115671	n/a
225.935546875	n/a	1.0	2	115679	n/a
225.953125	n/a	0.0	1	115688	n/a
225.96875	n/a	1.0	2	115696	n/a
225.986328125	n/a	0.0	1	115705	n/a
226.001953125	n/a	0.0	1	115713	n/a
226.01953125	n/a	1.0	2	115722	n/a
226.03515625	n/a	1.0	2	115730	n/a
226.052734375	n/a	0.0	1	115739	n/a
226.068359375	n/a	0.0	1	115747	n/a
226.0859375	n/a	1.0	2	115756	n/a
226.1015625	n/a	0.0	1	115764	n/a
226.119140625	n/a	1.0	2	115773	n/a
226.13671875	n/a	1.0	2	115782	n/a
226.15234375	n/a	0.0	1	115790	n/a
226.169921875	n/a	0.0	1	115799	n/a
226.185546875	n/a	1.0	2	115807	n/a
226.203125	n/a	0.0	1	115816	n/a
226.21875	n/a	1.0	2	115824	n/a
226.236328125	n/a	0.0	1	115833	n/a
226.251953125	n/a	1.0	2	115841	n/a
226.26953125	n/a	1.0	2	115850	n/a
226.28515625	n/a	0.0	1	115858	n/a
226.302734375	n/a	1.0	2	115867	n/a
226.318359375	n/a	0.0	1	115875	n/a
226.3359375	n/a	1.0	2	115884	n/a
226.3515625	n/a	0.0	1	115892	n/a
226.369140625	n/a	0.0	1	115901	n/a
226.38671875	n/a	1.0	2	115910	n/a
226.40234375	n/a	1.0	2	115918	n/a
226.419921875	n/a	0.0	1	115927	n/a
226.435546875	n/a	1.0	2	115935	n/a
226.453125	n/a	0.0	1	115944	n/a
226.46875	n/a	0.0	1	115952	n/a
226.486328125	n/a	1.0	2	115961	n/a
226.501953125	n/a	0.0	1	115969	n/a
226.51953125	n/a	1.0	2	115978	n/a
226.53515625	n/a	0.0	1	115986	n/a
226.552734375	n/a	1.0	2	115995	n/a
226.568359375	n/a	0.0	1	116003	n/a
226.5859375	n/a	1.0	2	116012	n/a
226.6015625	n/a	1.0	2	116020	n/a
226.619140625	n/a	0.0	1	116029	n/a
226.63671875	n/a	0.0	1	116038	n/a
226.65234375	n/a	1.0	2	116046	n/a
226.669921875	n/a	1.0	2	116055	n/a
226.685546875	n/a	0.0	1	116063	n/a
226.703125	n/a	0.0	1	116072	n/a
226.71875	n/a	1.0	2	116080	n/a
226.736328125	n/a	1.0	2	116089	n/a
226.751953125	n/a	0.0	1	116097	n/a
226.76953125	n/a	1.0	2	116106	n/a
226.78515625	n/a	0.0	1	116114	n/a
226.802734375	n/a	1.0	2	116123	n/a
226.818359375	n/a	0.0	1	116131	n/a
226.8359375	n/a	1.0	2	116140	n/a
226.8515625	n/a	0.0	1	116148	n/a
226.869140625	n/a	1.0	2	116157	n/a
226.88671875	n/a	0.0	1	116166	n/a
226.90234375	n/a	0.0	1	116174	n/a
226.919921875	n/a	1.0	2	116183	n/a
226.935546875	n/a	0.0	1	116191	n/a
226.953125	n/a	1.0	2	116200	n/a
226.96875	n/a	0.0	1	116208	n/a
226.986328125	n/a	1.0	2	116217	n/a
227.001953125	n/a	0.0	1	116225	n/a
227.01953125	n/a	1.0	2	116234	n/a
227.03515625	n/a	0.0	1	116242	n/a
227.052734375	n/a	1.0	2	116251	n/a
227.068359375	n/a	1.0	2	116259	n/a
227.0859375	n/a	0.0	1	116268	n/a
227.1015625	n/a	0.0	1	116276	n/a
227.119140625	n/a	1.0	2	116285	n/a
227.13671875	n/a	1.0	2	116294	n/a
227.15234375	n/a	0.0	1	116302	n/a
227.169921875	n/a	1.0	2	116311	n/a
227.185546875	n/a	0.0	1	116319	n/a
227.203125	n/a	0.0	1	116328	n/a
227.21875	n/a	1.0	2	116336	n/a
227.236328125	n/a	0.0	1	116345	n/a
227.251953125	n/a	1.0	2	116353	n/a
227.26953125	n/a	1.0	2	116362	n/a
227.28515625	n/a	0.0	1	116370	n/a
227.302734375	n/a	1.0	2	116379	n/a
227.318359375	n/a	0.0	1	116387	n/a
227.3359375	n/a	1.0	2	116396	n/a
227.3515625	n/a	0.0	1	116404	n/a
227.369140625	n/a	0.0	1	116413	n/a
227.38671875	n/a	1.0	2	116422	n/a
227.40234375	n/a	0.0	1	116430	n/a
227.419921875	n/a	1.0	2	116439	n/a
227.435546875	n/a	0.0	1	116447	n/a
227.453125	n/a	1.0	2	116456	n/a
227.46875	n/a	1.0	2	116464	n/a
227.486328125	n/a	0.0	1	116473	n/a
227.501953125	n/a	1.0	2	116481	n/a
227.51953125	n/a	0.0	1	116490	n/a
227.53515625	n/a	0.0	1	116498	n/a
227.552734375	n/a	1.0	2	116507	n/a
227.568359375	n/a	1.0	2	116515	n/a
227.5859375	n/a	0.0	1	116524	n/a
227.6015625	n/a	0.0	1	116532	n/a
227.619140625	n/a	1.0	2	116541	n/a
227.63671875	n/a	0.0	1	116550	n/a
227.65234375	n/a	1.0	2	116558	n/a
227.669921875	n/a	1.0	2	116567	n/a
227.685546875	n/a	0.0	1	116575	n/a
227.703125	n/a	1.0	2	116584	n/a
227.71875	n/a	0.0	1	116592	n/a
227.736328125	n/a	1.0	2	116601	n/a
227.751953125	n/a	0.0	1	116609	n/a
227.76953125	n/a	1.0	2	116618	n/a
227.78515625	n/a	0.0	1	116626	n/a
227.802734375	n/a	1.0	2	116635	n/a
227.818359375	n/a	0.0	1	116643	n/a
227.8359375	n/a	0.0	1	116652	n/a
227.8515625	n/a	1.0	2	116660	n/a
227.869140625	n/a	1.0	2	116669	n/a
227.88671875	n/a	0.0	1	116678	n/a
227.90234375	n/a	0.0	1	116686	n/a
227.919921875	n/a	1.0	2	116695	n/a
227.935546875	n/a	0.0	1	116703	n/a
227.953125	n/a	1.0	2	116712	n/a
227.96875	n/a	1.0	2	116720	n/a
227.986328125	n/a	0.0	1	116729	n/a
228.001953125	n/a	0.0	1	116737	n/a
228.01953125	n/a	1.0	2	116746	n/a
228.03515625	n/a	1.0	2	116754	n/a
228.052734375	n/a	0.0	1	116763	n/a
228.068359375	n/a	1.0	2	116771	n/a
228.0859375	n/a	0.0	1	116780	n/a
228.1015625	n/a	0.0	1	116788	n/a
228.119140625	n/a	1.0	2	116797	n/a
228.13671875	n/a	1.0	2	116806	n/a
228.15234375	n/a	0.0	1	116814	n/a
228.169921875	n/a	0.0	1	116823	n/a
228.185546875	n/a	1.0	2	116831	n/a
228.203125	n/a	0.0	1	116840	n/a
228.21875	n/a	1.0	2	116848	n/a
228.236328125	n/a	1.0	2	116857	n/a
228.251953125	n/a	0.0	1	116865	n/a
228.26953125	n/a	0.0	1	116874	n/a
228.28515625	n/a	1.0	2	116882	n/a
228.302734375	n/a	0.0	1	116891	n/a
228.318359375	n/a	1.0	2	116899	n/a
228.3359375	n/a	0.0	1	116908	n/a
228.3515625	n/a	1.0	2	116916	n/a
228.369140625	n/a	1.0	2	116925	n/a
228.38671875	n/a	0.0	1	116934	n/a
228.40234375	n/a	1.0	2	116942	n/a
228.419921875	n/a	0.0	1	116951	n/a
228.435546875	n/a	1.0	2	116959	n/a
228.453125	n/a	0.0	1	116968	n/a
228.46875	n/a	0.0	1	116976	n/a
228.486328125	n/a	1.0	2	116985	n/a
228.501953125	n/a	1.0	2	116993	n/a
228.51953125	n/a	0.0	1	117002	n/a
228.53515625	n/a	1.0	2	117010	n/a
228.552734375	n/a	0.0	1	117019	n/a
228.568359375	n/a	0.0	1	117027	n/a
228.5859375	n/a	1.0	2	117036	n/a
228.6015625	n/a	0.0	1	117044	n/a
228.619140625	n/a	1.0	2	117053	n/a
228.63671875	n/a	0.0	1	117062	n/a
228.65234375	n/a	1.0	2	117070	n/a
228.669921875	n/a	0.0	1	117079	n/a
228.685546875	n/a	1.0	2	117087	n/a
228.703125	n/a	1.0	2	117096	n/a
228.71875	n/a	0.0	1	117104	n/a
228.736328125	n/a	0.0	1	117113	n/a
228.751953125	n/a	1.0	2	117121	n/a
228.76953125	n/a	1.0	2	117130	n/a
228.78515625	n/a	0.0	1	117138	n/a
228.802734375	n/a	0.0	1	117147	n/a
228.818359375	n/a	1.0	2	117155	n/a
228.8359375	n/a	1.0	2	117164	n/a
228.8515625	n/a	0.0	1	117172	n/a
228.869140625	n/a	1.0	2	117181	n/a
228.88671875	n/a	0.0	1	117190	n/a
228.90234375	n/a	1.0	2	117198	n/a
228.919921875	n/a	0.0	1	117207	n/a
228.935546875	n/a	1.0	2	117215	n/a
228.953125	n/a	0.0	1	117224	n/a
228.96875	n/a	1.0	2	117232	n/a
228.986328125	n/a	0.0	1	117241	n/a
229.001953125	n/a	0.0	1	117249	n/a
229.01953125	n/a	1.0	2	117258	n/a
229.03515625	n/a	0.0	1	117266	n/a
229.052734375	n/a	1.0	2	117275	n/a
229.068359375	n/a	0.0	1	117283	n/a
229.0859375	n/a	1.0	2	117292	n/a
229.1015625	n/a	0.0	1	117300	n/a
229.119140625	n/a	1.0	2	117309	n/a
229.13671875	n/a	0.0	1	117318	n/a
229.15234375	n/a	1.0	2	117326	n/a
229.169921875	n/a	1.0	2	117335	n/a
229.185546875	n/a	0.0	1	117343	n/a
229.203125	n/a	0.0	1	117352	n/a
229.21875	n/a	1.0	2	117360	n/a
229.236328125	n/a	1.0	2	117369	n/a
229.251953125	n/a	0.0	1	117377	n/a
229.26953125	n/a	1.0	2	117386	n/a
229.28515625	n/a	0.0	1	117394	n/a
229.302734375	n/a	0.0	1	117403	n/a
229.318359375	n/a	1.0	2	117411	n/a
229.3359375	n/a	0.0	1	117420	n/a
229.3515625	n/a	1.0	2	117428	n/a
229.369140625	n/a	1.0	2	117437	n/a
229.38671875	n/a	0.0	1	117446	n/a
229.40234375	n/a	1.0	2	117454	n/a
229.419921875	n/a	0.0	1	117463	n/a
229.435546875	n/a	1.0	2	117471	n/a
229.453125	n/a	0.0	1	117480	n/a
229.46875	n/a	0.0	1	117488	n/a
229.486328125	n/a	1.0	2	117497	n/a
229.501953125	n/a	0.0	1	117505	n/a
229.51953125	n/a	1.0	2	117514	n/a
229.53515625	n/a	0.0	1	117522	n/a
229.552734375	n/a	1.0	2	117531	n/a
229.568359375	n/a	1.0	2	117539	n/a
229.5859375	n/a	0.0	1	117548	n/a
229.6015625	n/a	1.0	2	117556	n/a
229.619140625	n/a	0.0	1	117565	n/a
229.63671875	n/a	0.0	1	117574	n/a
229.65234375	n/a	1.0	2	117582	n/a
229.669921875	n/a	1.0	2	117591	n/a
229.685546875	n/a	0.0	1	117599	n/a
229.703125	n/a	0.0	1	117608	n/a
229.71875	n/a	1.0	2	117616	n/a
229.736328125	n/a	0.0	1	117625	n/a
229.751953125	n/a	1.0	2	117633	n/a
229.76953125	n/a	1.0	2	117642	n/a
229.78515625	n/a	0.0	1	117650	n/a
229.802734375	n/a	1.0	2	117659	n/a
229.818359375	n/a	0.0	1	117667	n/a
229.8359375	n/a	1.0	2	117676	n/a
229.8515625	n/a	0.0	1	117684	n/a
229.869140625	n/a	1.0	2	117693	n/a
229.88671875	n/a	0.0	1	117702	n/a
229.90234375	n/a	1.0	2	117710	n/a
229.919921875	n/a	0.0	1	117719	n/a
229.935546875	n/a	0.0	1	117727	n/a
229.953125	n/a	1.0	2	117736	n/a
229.96875	n/a	1.0	2	117744	n/a
229.986328125	n/a	0.0	1	117753	n/a
230.001953125	n/a	0.0	1	117761	n/a
230.01953125	n/a	1.0	2	117770	n/a
230.03515625	n/a	0.0	1	117778	n/a
230.052734375	n/a	1.0	2	117787	n/a
230.068359375	n/a	1.0	2	117795	n/a
230.0859375	n/a	0.0	1	117804	n/a
230.1015625	n/a	0.0	1	117812	n/a
230.119140625	n/a	1.0	2	117821	n/a
230.13671875	n/a	1.0	2	117830	n/a
230.15234375	n/a	0.0	1	117838	n/a
230.169921875	n/a	1.0	2	117847	n/a
230.185546875	n/a	0.0	1	117855	n/a
230.203125	n/a	0.0	1	117864	n/a
230.21875	n/a	1.0	2	117872	n/a
230.236328125	n/a	1.0	2	117881	n/a
230.251953125	n/a	0.0	1	117889	n/a
230.26953125	n/a	0.0	1	117898	n/a
230.28515625	n/a	1.0	2	117906	n/a
230.302734375	n/a	0.0	1	117915	n/a
230.318359375	n/a	1.0	2	117923	n/a
230.3359375	n/a	1.0	2	117932	n/a
230.3515625	n/a	0.0	1	117940	n/a
230.369140625	n/a	0.0	1	117949	n/a
230.38671875	n/a	1.0	2	117958	n/a
230.40234375	n/a	0.0	1	117966	n/a
230.419921875	n/a	1.0	2	117975	n/a
230.435546875	n/a	0.0	1	117983	n/a
230.453125	n/a	1.0	2	117992	n/a
230.46875	n/a	1.0	2	118000	n/a
230.486328125	n/a	0.0	1	118009	n/a
230.501953125	n/a	1.0	2	118017	n/a
230.51953125	n/a	0.0	1	118026	n/a
230.53515625	n/a	1.0	2	118034	n/a
230.552734375	n/a	0.0	1	118043	n/a
230.568359375	n/a	0.0	1	118051	n/a
230.5859375	n/a	1.0	2	118060	n/a
230.6015625	n/a	1.0	2	118068	n/a
230.619140625	n/a	0.0	1	118077	n/a
230.63671875	n/a	1.0	2	118086	n/a
230.65234375	n/a	0.0	1	118094	n/a
230.669921875	n/a	0.0	1	118103	n/a
230.685546875	n/a	1.0	2	118111	n/a
230.703125	n/a	0.0	1	118120	n/a
230.71875	n/a	1.0	2	118128	n/a
230.736328125	n/a	0.0	1	118137	n/a
230.751953125	n/a	1.0	2	118145	n/a
230.76953125	n/a	0.0	1	118154	n/a
230.78515625	n/a	1.0	2	118162	n/a
230.802734375	n/a	1.0	2	118171	n/a
230.818359375	n/a	0.0	1	118179	n/a
230.8359375	n/a	0.0	1	118188	n/a
230.8515625	n/a	1.0	2	118196	n/a
230.869140625	n/a	1.0	2	118205	n/a
230.88671875	n/a	0.0	1	118214	n/a
230.90234375	n/a	0.0	1	118222	n/a
230.919921875	n/a	1.0	2	118231	n/a
230.935546875	n/a	1.0	2	118239	n/a
230.953125	n/a	0.0	1	118248	n/a
230.96875	n/a	1.0	2	118256	n/a
230.986328125	n/a	0.0	1	118265	n/a
231.001953125	n/a	1.0	2	118273	n/a
231.01953125	n/a	0.0	1	118282	n/a
231.03515625	n/a	1.0	2	118290	n/a
231.052734375	n/a	0.0	1	118299	n/a
231.068359375	n/a	1.0	2	118307	n/a
231.0859375	n/a	0.0	1	118316	n/a
231.1015625	n/a	0.0	1	118324	n/a
231.119140625	n/a	1.0	2	118333	n/a
231.13671875	n/a	0.0	1	118342	n/a
231.15234375	n/a	1.0	2	118350	n/a
231.169921875	n/a	0.0	1	118359	n/a
231.185546875	n/a	1.0	2	118367	n/a
231.203125	n/a	0.0	1	118376	n/a
231.21875	n/a	1.0	2	118384	n/a
231.236328125	n/a	0.0	1	118393	n/a
231.251953125	n/a	1.0	2	118401	n/a
231.26953125	n/a	1.0	2	118410	n/a
231.28515625	n/a	0.0	1	118418	n/a
231.302734375	n/a	0.0	1	118427	n/a
231.318359375	n/a	1.0	2	118435	n/a
231.3359375	n/a	1.0	2	118444	n/a
231.3515625	n/a	0.0	1	118452	n/a
231.369140625	n/a	1.0	2	118461	n/a
231.38671875	n/a	0.0	1	118470	n/a
231.40234375	n/a	0.0	1	118478	n/a
231.419921875	n/a	1.0	2	118487	n/a
231.435546875	n/a	0.0	1	118495	n/a
231.453125	n/a	1.0	2	118504	n/a
231.46875	n/a	1.0	2	118512	n/a
231.486328125	n/a	0.0	1	118521	n/a
231.501953125	n/a	1.0	2	118529	n/a
231.51953125	n/a	0.0	1	118538	n/a
231.53515625	n/a	1.0	2	118546	n/a
231.552734375	n/a	0.0	1	118555	n/a
231.568359375	n/a	0.0	1	118563	n/a
231.5859375	n/a	1.0	2	118572	n/a
231.6015625	n/a	0.0	1	118580	n/a
231.619140625	n/a	1.0	2	118589	n/a
231.63671875	n/a	0.0	1	118598	n/a
231.65234375	n/a	1.0	2	118606	n/a
231.669921875	n/a	1.0	2	118615	n/a
231.685546875	n/a	0.0	1	118623	n/a
231.703125	n/a	1.0	2	118632	n/a
231.71875	n/a	0.0	1	118640	n/a
231.736328125	n/a	0.0	1	118649	n/a
231.751953125	n/a	1.0	2	118657	n/a
231.76953125	n/a	1.0	2	118666	n/a
231.78515625	n/a	0.0	1	118674	n/a
231.802734375	n/a	0.0	1	118683	n/a
231.818359375	n/a	1.0	2	118691	n/a
231.8359375	n/a	0.0	1	118700	n/a
231.8515625	n/a	1.0	2	118708	n/a
231.869140625	n/a	1.0	2	118717	n/a
231.88671875	n/a	0.0	1	118726	n/a
231.90234375	n/a	1.0	2	118734	n/a
231.919921875	n/a	0.0	1	118743	n/a
231.935546875	n/a	1.0	2	118751	n/a
231.953125	n/a	0.0	1	118760	n/a
231.96875	n/a	1.0	2	118768	n/a
231.986328125	n/a	0.0	1	118777	n/a
232.001953125	n/a	1.0	2	118785	n/a
232.01953125	n/a	0.0	1	118794	n/a
232.03515625	n/a	0.0	1	118802	n/a
232.052734375	n/a	1.0	2	118811	n/a
232.068359375	n/a	1.0	2	118819	n/a
232.0859375	n/a	0.0	1	118828	n/a
232.1015625	n/a	0.0	1	118836	n/a
232.119140625	n/a	1.0	2	118845	n/a
232.13671875	n/a	0.0	1	118854	n/a
232.15234375	n/a	1.0	2	118862	n/a
232.169921875	n/a	1.0	2	118871	n/a
232.185546875	n/a	0.0	1	118879	n/a
232.203125	n/a	0.0	1	118888	n/a
232.21875	n/a	1.0	2	118896	n/a
232.236328125	n/a	1.0	2	118905	n/a
232.251953125	n/a	0.0	1	118913	n/a
232.26953125	n/a	1.0	2	118922	n/a
232.28515625	n/a	0.0	1	118930	n/a
232.302734375	n/a	0.0	1	118939	n/a
232.318359375	n/a	1.0	2	118947	n/a
232.3359375	n/a	1.0	2	118956	n/a
232.3515625	n/a	0.0	1	118964	n/a
232.369140625	n/a	0.0	1	118973	n/a
232.38671875	n/a	1.0	2	118982	n/a
232.40234375	n/a	0.0	1	118990	n/a
232.419921875	n/a	1.0	2	118999	n/a
232.435546875	n/a	1.0	2	119007	n/a
232.453125	n/a	0.0	1	119016	n/a
232.46875	n/a	0.0	1	119024	n/a
232.486328125	n/a	1.0	2	119033	n/a
232.501953125	n/a	0.0	1	119041	n/a
232.51953125	n/a	1.0	2	119050	n/a
232.53515625	n/a	0.0	1	119058	n/a
232.552734375	n/a	1.0	2	119067	n/a
232.568359375	n/a	1.0	2	119075	n/a
232.5859375	n/a	0.0	1	119084	n/a
232.6015625	n/a	1.0	2	119092	n/a
232.619140625	n/a	0.0	1	119101	n/a
232.63671875	n/a	1.0	2	119110	n/a
232.65234375	n/a	0.0	1	119118	n/a
232.669921875	n/a	0.0	1	119127	n/a
232.685546875	n/a	1.0	2	119135	n/a
232.703125	n/a	1.0	2	119144	n/a
232.71875	n/a	0.0	1	119152	n/a
232.736328125	n/a	1.0	2	119161	n/a
232.751953125	n/a	0.0	1	119169	n/a
232.76953125	n/a	0.0	1	119178	n/a
232.78515625	n/a	1.0	2	119186	n/a
232.802734375	n/a	0.0	1	119195	n/a
232.818359375	n/a	1.0	2	119203	n/a
232.8359375	n/a	0.0	1	119212	n/a
232.8515625	n/a	1.0	2	119220	n/a
232.869140625	n/a	0.0	1	119229	n/a
232.88671875	n/a	1.0	2	119238	n/a
232.90234375	n/a	1.0	2	119246	n/a
232.919921875	n/a	0.0	1	119255	n/a
232.935546875	n/a	0.0	1	119263	n/a
232.953125	n/a	1.0	2	119272	n/a
232.96875	n/a	1.0	2	119280	n/a
232.986328125	n/a	0.0	1	119289	n/a
233.001953125	n/a	0.0	1	119297	n/a
233.01953125	n/a	1.0	2	119306	n/a
233.03515625	n/a	1.0	2	119314	n/a
233.052734375	n/a	0.0	1	119323	n/a
233.068359375	n/a	1.0	2	119331	n/a
233.0859375	n/a	0.0	1	119340	n/a
233.1015625	n/a	1.0	2	119348	n/a
233.119140625	n/a	0.0	1	119357	n/a
233.13671875	n/a	1.0	2	119366	n/a
233.15234375	n/a	0.0	1	119374	n/a
233.169921875	n/a	1.0	2	119383	n/a
233.185546875	n/a	0.0	1	119391	n/a
233.203125	n/a	0.0	1	119400	n/a
233.21875	n/a	1.0	2	119408	n/a
233.236328125	n/a	0.0	1	119417	n/a
233.251953125	n/a	1.0	2	119425	n/a
233.26953125	n/a	0.0	1	119434	n/a
233.28515625	n/a	1.0	2	119442	n/a
233.302734375	n/a	0.0	1	119451	n/a
233.318359375	n/a	1.0	2	119459	n/a
233.3359375	n/a	0.0	1	119468	n/a
233.3515625	n/a	1.0	2	119476	n/a
233.369140625	n/a	1.0	2	119485	n/a
233.38671875	n/a	0.0	1	119494	n/a
233.40234375	n/a	0.0	1	119502	n/a
233.419921875	n/a	1.0	2	119511	n/a
233.435546875	n/a	1.0	2	119519	n/a
233.453125	n/a	0.0	1	119528	n/a
233.46875	n/a	1.0	2	119536	n/a
233.486328125	n/a	0.0	1	119545	n/a
233.501953125	n/a	0.0	1	119553	n/a
233.51953125	n/a	1.0	2	119562	n/a
233.53515625	n/a	0.0	1	119570	n/a
233.552734375	n/a	1.0	2	119579	n/a
233.568359375	n/a	1.0	2	119587	n/a
233.5859375	n/a	0.0	1	119596	n/a
233.6015625	n/a	1.0	2	119604	n/a
233.619140625	n/a	0.0	1	119613	n/a
233.63671875	n/a	1.0	2	119622	n/a
233.65234375	n/a	0.0	1	119630	n/a
233.669921875	n/a	0.0	1	119639	n/a
233.685546875	n/a	1.0	2	119647	n/a
233.703125	n/a	0.0	1	119656	n/a
233.71875	n/a	1.0	2	119664	n/a
233.736328125	n/a	0.0	1	119673	n/a
233.751953125	n/a	1.0	2	119681	n/a
233.76953125	n/a	1.0	2	119690	n/a
233.78515625	n/a	0.0	1	119698	n/a
233.802734375	n/a	1.0	2	119707	n/a
233.818359375	n/a	0.0	1	119715	n/a
233.8359375	n/a	0.0	1	119724	n/a
233.8515625	n/a	1.0	2	119732	n/a
233.869140625	n/a	1.0	2	119741	n/a
233.88671875	n/a	0.0	1	119750	n/a
233.90234375	n/a	0.0	1	119758	n/a
233.919921875	n/a	1.0	2	119767	n/a
233.935546875	n/a	0.0	1	119775	n/a
233.953125	n/a	1.0	2	119784	n/a
233.96875	n/a	1.0	2	119792	n/a
233.986328125	n/a	0.0	1	119801	n/a
234.001953125	n/a	1.0	2	119809	n/a
234.01953125	n/a	0.0	1	119818	n/a
234.03515625	n/a	1.0	2	119826	n/a
234.052734375	n/a	0.0	1	119835	n/a
234.068359375	n/a	1.0	2	119843	n/a
234.0859375	n/a	0.0	1	119852	n/a
234.1015625	n/a	1.0	2	119860	n/a
234.119140625	n/a	0.0	1	119869	n/a
234.13671875	n/a	0.0	1	119878	n/a
234.15234375	n/a	1.0	2	119886	n/a
234.169921875	n/a	1.0	2	119895	n/a
234.185546875	n/a	0.0	1	119903	n/a
234.203125	n/a	0.0	1	119912	n/a
234.21875	n/a	1.0	2	119920	n/a
234.236328125	n/a	0.0	1	119929	n/a
234.251953125	n/a	1.0	2	119937	n/a
234.26953125	n/a	1.0	2	119946	n/a
234.28515625	n/a	0.0	1	119954	n/a
234.302734375	n/a	0.0	1	119963	n/a
234.318359375	n/a	1.0	2	119971	n/a
234.3359375	n/a	1.0	2	119980	n/a
234.3515625	n/a	0.0	1	119988	n/a
234.369140625	n/a	1.0	2	119997	n/a
234.38671875	n/a	0.0	1	120006	n/a
234.40234375	n/a	0.0	1	120014	n/a
234.419921875	n/a	1.0	2	120023	n/a
234.435546875	n/a	1.0	2	120031	n/a
234.453125	n/a	0.0	1	120040	n/a
234.46875	n/a	0.0	1	120048	n/a
234.486328125	n/a	1.0	2	120057	n/a
234.501953125	n/a	0.0	1	120065	n/a
234.51953125	n/a	1.0	2	120074	n/a
234.53515625	n/a	1.0	2	120082	n/a
234.552734375	n/a	0.0	1	120091	n/a
234.568359375	n/a	0.0	1	120099	n/a
234.5859375	n/a	1.0	2	120108	n/a
234.6015625	n/a	0.0	1	120116	n/a
234.619140625	n/a	1.0	2	120125	n/a
234.63671875	n/a	0.0	1	120134	n/a
234.65234375	n/a	1.0	2	120142	n/a
234.669921875	n/a	1.0	2	120151	n/a
234.685546875	n/a	0.0	1	120159	n/a
234.703125	n/a	1.0	2	120168	n/a
234.71875	n/a	0.0	1	120176	n/a
234.736328125	n/a	1.0	2	120185	n/a
234.751953125	n/a	0.0	1	120193	n/a
234.76953125	n/a	0.0	1	120202	n/a
234.78515625	n/a	1.0	2	120210	n/a
234.802734375	n/a	1.0	2	120219	n/a
234.818359375	n/a	0.0	1	120227	n/a
234.8359375	n/a	1.0	2	120236	n/a
234.8515625	n/a	0.0	1	120244	n/a
234.869140625	n/a	0.0	1	120253	n/a
234.88671875	n/a	1.0	2	120262	n/a
234.90234375	n/a	0.0	1	120270	n/a
234.919921875	n/a	1.0	2	120279	n/a
234.935546875	n/a	0.0	1	120287	n/a
234.953125	n/a	1.0	2	120296	n/a
234.96875	n/a	0.0	1	120304	n/a
234.986328125	n/a	1.0	2	120313	n/a
235.001953125	n/a	1.0	2	120321	n/a
235.01953125	n/a	0.0	1	120330	n/a
235.03515625	n/a	0.0	1	120338	n/a
235.052734375	n/a	1.0	2	120347	n/a
235.068359375	n/a	1.0	2	120355	n/a
235.0859375	n/a	0.0	1	120364	n/a
235.1015625	n/a	0.0	1	120372	n/a
235.119140625	n/a	1.0	2	120381	n/a
235.13671875	n/a	1.0	2	120390	n/a
235.15234375	n/a	0.0	1	120398	n/a
235.169921875	n/a	1.0	2	120407	n/a
235.185546875	n/a	0.0	1	120415	n/a
235.203125	n/a	1.0	2	120424	n/a
235.21875	n/a	0.0	1	120432	n/a
235.236328125	n/a	1.0	2	120441	n/a
235.251953125	n/a	0.0	1	120449	n/a
235.26953125	n/a	1.0	2	120458	n/a
235.28515625	n/a	0.0	1	120466	n/a
235.302734375	n/a	0.0	1	120475	n/a
235.318359375	n/a	1.0	2	120483	n/a
235.3359375	n/a	0.0	1	120492	n/a
235.3515625	n/a	1.0	2	120500	n/a
235.369140625	n/a	0.0	1	120509	n/a
235.38671875	n/a	1.0	2	120518	n/a
235.40234375	n/a	0.0	1	120526	n/a
235.419921875	n/a	1.0	2	120535	n/a
235.435546875	n/a	0.0	1	120543	n/a
235.453125	n/a	1.0	2	120552	n/a
235.46875	n/a	1.0	2	120560	n/a
235.486328125	n/a	0.0	1	120569	n/a
235.501953125	n/a	0.0	1	120577	n/a
235.51953125	n/a	1.0	2	120586	n/a
235.53515625	n/a	1.0	2	120594	n/a
235.552734375	n/a	0.0	1	120603	n/a
235.568359375	n/a	1.0	2	120611	n/a
235.5859375	n/a	0.0	1	120620	n/a
235.6015625	n/a	0.0	1	120628	n/a
235.619140625	n/a	1.0	2	120637	n/a
235.63671875	n/a	0.0	1	120646	n/a
235.65234375	n/a	1.0	2	120654	n/a
235.669921875	n/a	1.0	2	120663	n/a
235.685546875	n/a	0.0	1	120671	n/a
235.703125	n/a	1.0	2	120680	n/a
235.71875	n/a	0.0	1	120688	n/a
235.736328125	n/a	1.0	2	120697	n/a
235.751953125	n/a	0.0	1	120705	n/a
235.76953125	n/a	0.0	1	120714	n/a
235.78515625	n/a	1.0	2	120722	n/a
235.802734375	n/a	0.0	1	120731	n/a
235.818359375	n/a	1.0	2	120739	n/a
235.8359375	n/a	0.0	1	120748	n/a
235.8515625	n/a	1.0	2	120756	n/a
235.869140625	n/a	1.0	2	120765	n/a
235.88671875	n/a	0.0	1	120774	n/a
235.90234375	n/a	1.0	2	120782	n/a
235.919921875	n/a	0.0	1	120791	n/a
235.935546875	n/a	0.0	1	120799	n/a
235.953125	n/a	1.0	2	120808	n/a
235.96875	n/a	1.0	2	120816	n/a
235.986328125	n/a	0.0	1	120825	n/a
236.001953125	n/a	0.0	1	120833	n/a
236.01953125	n/a	1.0	2	120842	n/a
236.03515625	n/a	0.0	1	120850	n/a
236.052734375	n/a	1.0	2	120859	n/a
236.068359375	n/a	1.0	2	120867	n/a
236.0859375	n/a	0.0	1	120876	n/a
236.1015625	n/a	1.0	2	120884	n/a
236.119140625	n/a	0.0	1	120893	n/a
236.13671875	n/a	1.0	2	120902	n/a
236.15234375	n/a	0.0	1	120910	n/a
236.169921875	n/a	1.0	2	120919	n/a
236.185546875	n/a	0.0	1	120927	n/a
236.203125	n/a	1.0	2	120936	n/a
236.21875	n/a	0.0	1	120944	n/a
236.236328125	n/a	0.0	1	120953	n/a
236.251953125	n/a	1.0	2	120961	n/a
236.26953125	n/a	1.0	2	120970	n/a
236.28515625	n/a	0.0	1	120978	n/a
236.302734375	n/a	0.0	1	120987	n/a
236.318359375	n/a	1.0	2	120995	n/a
236.3359375	n/a	0.0	1	121004	n/a
236.3515625	n/a	1.0	2	121012	n/a
236.369140625	n/a	1.0	2	121021	n/a
236.38671875	n/a	0.0	1	121030	n/a
236.40234375	n/a	0.0	1	121038	n/a
236.419921875	n/a	1.0	2	121047	n/a
236.435546875	n/a	1.0	2	121055	n/a
236.453125	n/a	0.0	1	121064	n/a
236.46875	n/a	1.0	2	121072	n/a
236.486328125	n/a	0.0	1	121081	n/a
236.501953125	n/a	0.0	1	121089	n/a
236.51953125	n/a	1.0	2	121098	n/a
236.53515625	n/a	1.0	2	121106	n/a
236.552734375	n/a	0.0	1	121115	n/a
236.568359375	n/a	0.0	1	121123	n/a
236.5859375	n/a	1.0	2	121132	n/a
236.6015625	n/a	0.0	1	121140	n/a
236.619140625	n/a	1.0	2	121149	n/a
236.63671875	n/a	1.0	2	121158	n/a
236.65234375	n/a	0.0	1	121166	n/a
236.669921875	n/a	0.0	1	121175	n/a
236.685546875	n/a	1.0	2	121183	n/a
236.703125	n/a	0.0	1	121192	n/a
236.71875	n/a	1.0	2	121200	n/a
236.736328125	n/a	0.0	1	121209	n/a
236.751953125	n/a	1.0	2	121217	n/a
236.76953125	n/a	1.0	2	121226	n/a
236.78515625	n/a	0.0	1	121234	n/a
236.802734375	n/a	1.0	2	121243	n/a
236.818359375	n/a	0.0	1	121251	n/a
236.8359375	n/a	1.0	2	121260	n/a
236.8515625	n/a	0.0	1	121268	n/a
236.869140625	n/a	0.0	1	121277	n/a
236.88671875	n/a	1.0	2	121286	n/a
236.90234375	n/a	1.0	2	121294	n/a
236.919921875	n/a	0.0	1	121303	n/a
236.935546875	n/a	1.0	2	121311	n/a
236.953125	n/a	0.0	1	121320	n/a
236.96875	n/a	0.0	1	121328	n/a
236.986328125	n/a	1.0	2	121337	n/a
237.001953125	n/a	0.0	1	121345	n/a
237.01953125	n/a	1.0	2	121354	n/a
237.03515625	n/a	0.0	1	121362	n/a
237.052734375	n/a	1.0	2	121371	n/a
237.068359375	n/a	0.0	1	121379	n/a
237.0859375	n/a	1.0	2	121388	n/a
237.1015625	n/a	1.0	2	121396	n/a
237.119140625	n/a	0.0	1	121405	n/a
237.13671875	n/a	0.0	1	121414	n/a
237.15234375	n/a	1.0	2	121422	n/a
237.169921875	n/a	1.0	2	121431	n/a
237.185546875	n/a	0.0	1	121439	n/a
237.203125	n/a	0.0	1	121448	n/a
237.21875	n/a	1.0	2	121456	n/a
237.236328125	n/a	1.0	2	121465	n/a
237.251953125	n/a	0.0	1	121473	n/a
237.26953125	n/a	1.0	2	121482	n/a
237.28515625	n/a	0.0	1	121490	n/a
237.302734375	n/a	1.0	2	121499	n/a
237.318359375	n/a	0.0	1	121507	n/a
237.3359375	n/a	1.0	2	121516	n/a
237.3515625	n/a	0.0	1	121524	n/a
237.369140625	n/a	1.0	2	121533	n/a
237.38671875	n/a	0.0	1	121542	n/a
237.40234375	n/a	0.0	1	121550	n/a
237.419921875	n/a	1.0	2	121559	n/a
237.435546875	n/a	0.0	1	121567	n/a
237.453125	n/a	1.0	2	121576	n/a
237.46875	n/a	0.0	1	121584	n/a
237.486328125	n/a	1.0	2	121593	n/a
237.501953125	n/a	0.0	1	121601	n/a
237.51953125	n/a	1.0	2	121610	n/a
237.53515625	n/a	0.0	1	121618	n/a
237.552734375	n/a	1.0	2	121627	n/a
237.568359375	n/a	1.0	2	121635	n/a
237.5859375	n/a	0.0	1	121644	n/a
237.6015625	n/a	0.0	1	121652	n/a
237.619140625	n/a	1.0	2	121661	n/a
237.63671875	n/a	1.0	2	121670	n/a
237.65234375	n/a	0.0	1	121678	n/a
237.669921875	n/a	1.0	2	121687	n/a
237.685546875	n/a	0.0	1	121695	n/a
237.703125	n/a	0.0	1	121704	n/a
237.71875	n/a	1.0	2	121712	n/a
237.736328125	n/a	0.0	1	121721	n/a
237.751953125	n/a	1.0	2	121729	n/a
237.76953125	n/a	1.0	2	121738	n/a
237.78515625	n/a	0.0	1	121746	n/a
237.802734375	n/a	1.0	2	121755	n/a
237.818359375	n/a	0.0	1	121763	n/a
237.8359375	n/a	1.0	2	121772	n/a
237.8515625	n/a	0.0	1	121780	n/a
237.869140625	n/a	0.0	1	121789	n/a
237.88671875	n/a	1.0	2	121798	n/a
237.90234375	n/a	0.0	1	121806	n/a
237.919921875	n/a	1.0	2	121815	n/a
237.935546875	n/a	0.0	1	121823	n/a
237.953125	n/a	1.0	2	121832	n/a
237.96875	n/a	1.0	2	121840	n/a
237.986328125	n/a	0.0	1	121849	n/a
238.001953125	n/a	1.0	2	121857	n/a
238.01953125	n/a	0.0	1	121866	n/a
238.03515625	n/a	0.0	1	121874	n/a
238.052734375	n/a	1.0	2	121883	n/a
238.068359375	n/a	1.0	2	121891	n/a
238.0859375	n/a	0.0	1	121900	n/a
238.1015625	n/a	0.0	1	121908	n/a
238.119140625	n/a	1.0	2	121917	n/a
238.13671875	n/a	0.0	1	121926	n/a
238.15234375	n/a	1.0	2	121934	n/a
238.169921875	n/a	1.0	2	121943	n/a
238.185546875	n/a	0.0	1	121951	n/a
238.203125	n/a	1.0	2	121960	n/a
238.21875	n/a	0.0	1	121968	n/a
238.236328125	n/a	1.0	2	121977	n/a
238.251953125	n/a	0.0	1	121985	n/a
238.26953125	n/a	1.0	2	121994	n/a
238.28515625	n/a	0.0	1	122002	n/a
238.302734375	n/a	1.0	2	122011	n/a
238.318359375	n/a	0.0	1	122019	n/a
238.3359375	n/a	0.0	1	122028	n/a
238.3515625	n/a	1.0	2	122036	n/a
238.369140625	n/a	1.0	2	122045	n/a
238.38671875	n/a	0.0	1	122054	n/a
238.40234375	n/a	0.0	1	122062	n/a
238.419921875	n/a	1.0	2	122071	n/a
238.435546875	n/a	0.0	1	122079	n/a
238.453125	n/a	1.0	2	122088	n/a
238.46875	n/a	1.0	2	122096	n/a
238.486328125	n/a	0.0	1	122105	n/a
238.501953125	n/a	0.0	1	122113	n/a
238.51953125	n/a	1.0	2	122122	n/a
238.53515625	n/a	1.0	2	122130	n/a
238.552734375	n/a	0.0	1	122139	n/a
238.568359375	n/a	1.0	2	122147	n/a
238.5859375	n/a	0.0	1	122156	n/a
238.6015625	n/a	0.0	1	122164	n/a
238.619140625	n/a	1.0	2	122173	n/a
238.63671875	n/a	1.0	2	122182	n/a
238.65234375	n/a	0.0	1	122190	n/a
238.669921875	n/a	0.0	1	122199	n/a
238.685546875	n/a	1.0	2	122207	n/a
238.703125	n/a	0.0	1	122216	n/a
238.71875	n/a	1.0	2	122224	n/a
238.736328125	n/a	1.0	2	122233	n/a
238.751953125	n/a	0.0	1	122241	n/a
238.76953125	n/a	0.0	1	122250	n/a
238.78515625	n/a	1.0	2	122258	n/a
238.802734375	n/a	0.0	1	122267	n/a
238.818359375	n/a	1.0	2	122275	n/a
238.8359375	n/a	0.0	1	122284	n/a
238.8515625	n/a	1.0	2	122292	n/a
238.869140625	n/a	1.0	2	122301	n/a
238.88671875	n/a	0.0	1	122310	n/a
238.90234375	n/a	1.0	2	122318	n/a
238.919921875	n/a	0.0	1	122327	n/a
238.935546875	n/a	1.0	2	122335	n/a
238.953125	n/a	0.0	1	122344	n/a
238.96875	n/a	0.0	1	122352	n/a
238.986328125	n/a	1.0	2	122361	n/a
239.001953125	n/a	1.0	2	122369	n/a
239.01953125	n/a	0.0	1	122378	n/a
239.03515625	n/a	1.0	2	122386	n/a
239.052734375	n/a	0.0	1	122395	n/a
239.068359375	n/a	0.0	1	122403	n/a
239.0859375	n/a	1.0	2	122412	n/a
239.1015625	n/a	0.0	1	122420	n/a
239.119140625	n/a	1.0	2	122429	n/a
239.13671875	n/a	0.0	1	122438	n/a
239.15234375	n/a	1.0	2	122446	n/a
239.169921875	n/a	0.0	1	122455	n/a
239.185546875	n/a	1.0	2	122463	n/a
239.203125	n/a	1.0	2	122472	n/a
239.21875	n/a	0.0	1	122480	n/a
239.236328125	n/a	0.0	1	122489	n/a
239.251953125	n/a	1.0	2	122497	n/a
239.26953125	n/a	1.0	2	122506	n/a
239.28515625	n/a	0.0	1	122514	n/a
239.302734375	n/a	0.0	1	122523	n/a
239.318359375	n/a	1.0	2	122531	n/a
239.3359375	n/a	1.0	2	122540	n/a
239.3515625	n/a	0.0	1	122548	n/a
239.369140625	n/a	1.0	2	122557	n/a
239.38671875	n/a	0.0	1	122566	n/a
239.40234375	n/a	1.0	2	122574	n/a
239.419921875	n/a	0.0	1	122583	n/a
239.435546875	n/a	1.0	2	122591	n/a
239.453125	n/a	0.0	1	122600	n/a
239.46875	n/a	1.0	2	122608	n/a
239.486328125	n/a	0.0	1	122617	n/a
239.501953125	n/a	0.0	1	122625	n/a
239.51953125	n/a	1.0	2	122634	n/a
239.53515625	n/a	0.0	1	122642	n/a
239.552734375	n/a	1.0	2	122651	n/a
239.568359375	n/a	0.0	1	122659	n/a
239.5859375	n/a	1.0	2	122668	n/a
239.6015625	n/a	0.0	1	122676	n/a
239.619140625	n/a	1.0	2	122685	n/a
239.63671875	n/a	0.0	1	122694	n/a
239.65234375	n/a	1.0	2	122702	n/a
239.669921875	n/a	1.0	2	122711	n/a
239.685546875	n/a	0.0	1	122719	n/a
239.703125	n/a	0.0	1	122728	n/a
239.71875	n/a	1.0	2	122736	n/a
239.736328125	n/a	1.0	2	122745	n/a
239.751953125	n/a	0.0	1	122753	n/a
239.76953125	n/a	1.0	2	122762	n/a
239.78515625	n/a	0.0	1	122770	n/a
239.802734375	n/a	0.0	1	122779	n/a
239.818359375	n/a	1.0	2	122787	n/a
239.8359375	n/a	0.0	1	122796	n/a
239.8515625	n/a	1.0	2	122804	n/a
241.154296875	n/a	1.0	2	123471	15.0
241.171875	n/a	0.0	1	123480	n/a
241.1875	n/a	0.0	1	123488	n/a
241.205078125	n/a	1.0	2	123497	n/a
241.220703125	n/a	0.0	1	123505	n/a
241.23828125	n/a	1.0	2	123514	n/a
241.25390625	n/a	0.0	1	123522	n/a
241.271484375	n/a	1.0	2	123531	n/a
241.287109375	n/a	0.0	1	123539	n/a
241.3046875	n/a	1.0	2	123548	n/a
241.3203125	n/a	1.0	2	123556	n/a
241.337890625	n/a	0.0	1	123565	n/a
241.353515625	n/a	0.0	1	123573	n/a
241.37109375	n/a	1.0	2	123582	n/a
241.38671875	n/a	1.0	2	123590	n/a
241.404296875	n/a	0.0	1	123599	n/a
241.421875	n/a	1.0	2	123608	n/a
241.4375	n/a	0.0	1	123616	n/a
241.455078125	n/a	0.0	1	123625	n/a
241.470703125	n/a	1.0	2	123633	n/a
241.48828125	n/a	1.0	2	123642	n/a
241.50390625	n/a	0.0	1	123650	n/a
241.521484375	n/a	0.0	1	123659	n/a
241.537109375	n/a	1.0	2	123667	n/a
241.5546875	n/a	0.0	1	123676	n/a
241.5703125	n/a	1.0	2	123684	n/a
241.587890625	n/a	0.0	1	123693	n/a
241.603515625	n/a	1.0	2	123701	n/a
241.62109375	n/a	1.0	2	123710	n/a
241.63671875	n/a	0.0	1	123718	n/a
241.654296875	n/a	0.0	1	123727	n/a
241.671875	n/a	1.0	2	123736	n/a
241.6875	n/a	1.0	2	123744	n/a
241.705078125	n/a	0.0	1	123753	n/a
241.720703125	n/a	0.0	1	123761	n/a
241.73828125	n/a	1.0	2	123770	n/a
241.75390625	n/a	0.0	1	123778	n/a
241.771484375	n/a	1.0	2	123787	n/a
241.787109375	n/a	0.0	1	123795	n/a
241.8046875	n/a	1.0	2	123804	n/a
241.8203125	n/a	0.0	1	123812	n/a
241.837890625	n/a	1.0	2	123821	n/a
241.853515625	n/a	0.0	1	123829	n/a
241.87109375	n/a	1.0	2	123838	n/a
241.88671875	n/a	1.0	2	123846	n/a
241.904296875	n/a	0.0	1	123855	n/a
241.921875	n/a	0.0	1	123864	n/a
241.9375	n/a	1.0	2	123872	n/a
241.955078125	n/a	1.0	2	123881	n/a
241.970703125	n/a	0.0	1	123889	n/a
241.98828125	n/a	0.0	1	123898	n/a
242.00390625	n/a	1.0	2	123906	n/a
242.021484375	n/a	1.0	2	123915	n/a
242.037109375	n/a	0.0	1	123923	n/a
242.0546875	n/a	1.0	2	123932	n/a
242.0703125	n/a	0.0	1	123940	n/a
242.087890625	n/a	0.0	1	123949	n/a
242.103515625	n/a	1.0	2	123957	n/a
242.12109375	n/a	0.0	1	123966	n/a
242.13671875	n/a	1.0	2	123974	n/a
242.154296875	n/a	1.0	2	123983	n/a
242.171875	n/a	0.0	1	123992	n/a
242.1875	n/a	1.0	2	124000	n/a
242.205078125	n/a	0.0	1	124009	n/a
242.220703125	n/a	1.0	2	124017	n/a
242.23828125	n/a	0.0	1	124026	n/a
242.25390625	n/a	1.0	2	124034	n/a
242.271484375	n/a	0.0	1	124043	n/a
242.287109375	n/a	1.0	2	124051	n/a
242.3046875	n/a	0.0	1	124060	n/a
242.3203125	n/a	0.0	1	124068	n/a
242.337890625	n/a	1.0	2	124077	n/a
242.353515625	n/a	0.0	1	124085	n/a
242.37109375	n/a	1.0	2	124094	n/a
242.38671875	n/a	0.0	1	124102	n/a
242.404296875	n/a	1.0	2	124111	n/a
242.421875	n/a	1.0	2	124120	n/a
242.4375	n/a	0.0	1	124128	n/a
242.455078125	n/a	0.0	1	124137	n/a
242.470703125	n/a	1.0	2	124145	n/a
242.48828125	n/a	0.0	1	124154	n/a
242.50390625	n/a	1.0	2	124162	n/a
242.521484375	n/a	1.0	2	124171	n/a
242.537109375	n/a	0.0	1	124179	n/a
242.5546875	n/a	1.0	2	124188	n/a
242.5703125	n/a	0.0	1	124196	n/a
242.587890625	n/a	1.0	2	124205	n/a
242.603515625	n/a	0.0	1	124213	n/a
242.62109375	n/a	0.0	1	124222	n/a
242.63671875	n/a	1.0	2	124230	n/a
242.654296875	n/a	1.0	2	124239	n/a
242.671875	n/a	0.0	1	124248	n/a
242.6875	n/a	0.0	1	124256	n/a
242.705078125	n/a	1.0	2	124265	n/a
242.720703125	n/a	0.0	1	124273	n/a
242.73828125	n/a	1.0	2	124282	n/a
242.75390625	n/a	1.0	2	124290	n/a
242.771484375	n/a	0.0	1	124299	n/a
242.787109375	n/a	1.0	2	124307	n/a
242.8046875	n/a	0.0	1	124316	n/a
242.8203125	n/a	1.0	2	124324	n/a
242.837890625	n/a	0.0	1	124333	n/a
242.853515625	n/a	1.0	2	124341	n/a
242.87109375	n/a	0.0	1	124350	n/a
242.88671875	n/a	0.0	1	124358	n/a
242.904296875	n/a	1.0	2	124367	n/a
242.921875	n/a	1.0	2	124376	n/a
242.9375	n/a	0.0	1	124384	n/a
242.955078125	n/a	1.0	2	124393	n/a
242.970703125	n/a	0.0	1	124401	n/a
242.98828125	n/a	1.0	2	124410	n/a
243.00390625	n/a	0.0	1	124418	n/a
243.021484375	n/a	1.0	2	124427	n/a
243.037109375	n/a	0.0	1	124435	n/a
243.0546875	n/a	0.0	1	124444	n/a
243.0703125	n/a	1.0	2	124452	n/a
243.087890625	n/a	1.0	2	124461	n/a
243.103515625	n/a	0.0	1	124469	n/a
243.12109375	n/a	1.0	2	124478	n/a
243.13671875	n/a	0.0	1	124486	n/a
243.154296875	n/a	0.0	1	124495	n/a
243.171875	n/a	1.0	2	124504	n/a
243.1875	n/a	0.0	1	124512	n/a
243.205078125	n/a	1.0	2	124521	n/a
243.220703125	n/a	1.0	2	124529	n/a
243.23828125	n/a	0.0	1	124538	n/a
243.25390625	n/a	1.0	2	124546	n/a
243.271484375	n/a	0.0	1	124555	n/a
243.287109375	n/a	0.0	1	124563	n/a
243.3046875	n/a	1.0	2	124572	n/a
243.3203125	n/a	0.0	1	124580	n/a
243.337890625	n/a	1.0	2	124589	n/a
243.353515625	n/a	0.0	1	124597	n/a
243.37109375	n/a	1.0	2	124606	n/a
243.38671875	n/a	0.0	1	124614	n/a
243.404296875	n/a	1.0	2	124623	n/a
243.421875	n/a	1.0	2	124632	n/a
243.4375	n/a	0.0	1	124640	n/a
243.455078125	n/a	0.0	1	124649	n/a
243.470703125	n/a	1.0	2	124657	n/a
243.48828125	n/a	1.0	2	124666	n/a
243.50390625	n/a	0.0	1	124674	n/a
243.521484375	n/a	1.0	2	124683	n/a
243.537109375	n/a	0.0	1	124691	n/a
243.5546875	n/a	0.0	1	124700	n/a
243.5703125	n/a	1.0	2	124708	n/a
243.587890625	n/a	1.0	2	124717	n/a
243.603515625	n/a	0.0	1	124725	n/a
243.62109375	n/a	0.0	1	124734	n/a
243.63671875	n/a	1.0	2	124742	n/a
243.654296875	n/a	0.0	1	124751	n/a
243.671875	n/a	1.0	2	124760	n/a
243.6875	n/a	0.0	1	124768	n/a
243.705078125	n/a	1.0	2	124777	n/a
243.720703125	n/a	1.0	2	124785	n/a
243.73828125	n/a	0.0	1	124794	n/a
243.75390625	n/a	0.0	1	124802	n/a
243.771484375	n/a	1.0	2	124811	n/a
243.787109375	n/a	1.0	2	124819	n/a
243.8046875	n/a	0.0	1	124828	n/a
243.8203125	n/a	0.0	1	124836	n/a
243.837890625	n/a	1.0	2	124845	n/a
243.853515625	n/a	0.0	1	124853	n/a
243.87109375	n/a	1.0	2	124862	n/a
243.88671875	n/a	0.0	1	124870	n/a
243.904296875	n/a	1.0	2	124879	n/a
243.921875	n/a	0.0	1	124888	n/a
243.9375	n/a	1.0	2	124896	n/a
243.955078125	n/a	0.0	1	124905	n/a
243.970703125	n/a	1.0	2	124913	n/a
243.98828125	n/a	1.0	2	124922	n/a
244.00390625	n/a	0.0	1	124930	n/a
244.021484375	n/a	0.0	1	124939	n/a
244.037109375	n/a	1.0	2	124947	n/a
244.0546875	n/a	1.0	2	124956	n/a
244.0703125	n/a	0.0	1	124964	n/a
244.087890625	n/a	0.0	1	124973	n/a
244.103515625	n/a	1.0	2	124981	n/a
244.12109375	n/a	1.0	2	124990	n/a
244.13671875	n/a	0.0	1	124998	n/a
244.154296875	n/a	1.0	2	125007	n/a
244.171875	n/a	0.0	1	125016	n/a
244.1875	n/a	0.0	1	125024	n/a
244.205078125	n/a	1.0	2	125033	n/a
244.220703125	n/a	0.0	1	125041	n/a
244.23828125	n/a	1.0	2	125050	n/a
244.25390625	n/a	1.0	2	125058	n/a
244.271484375	n/a	0.0	1	125067	n/a
244.287109375	n/a	1.0	2	125075	n/a
244.3046875	n/a	0.0	1	125084	n/a
244.3203125	n/a	1.0	2	125092	n/a
244.337890625	n/a	0.0	1	125101	n/a
244.353515625	n/a	1.0	2	125109	n/a
244.37109375	n/a	0.0	1	125118	n/a
244.38671875	n/a	1.0	2	125126	n/a
244.404296875	n/a	0.0	1	125135	n/a
244.421875	n/a	0.0	1	125144	n/a
244.4375	n/a	1.0	2	125152	n/a
244.455078125	n/a	0.0	1	125161	n/a
244.470703125	n/a	1.0	2	125169	n/a
244.48828125	n/a	0.0	1	125178	n/a
244.50390625	n/a	1.0	2	125186	n/a
244.521484375	n/a	1.0	2	125195	n/a
244.537109375	n/a	0.0	1	125203	n/a
244.5546875	n/a	0.0	1	125212	n/a
244.5703125	n/a	1.0	2	125220	n/a
244.587890625	n/a	0.0	1	125229	n/a
244.603515625	n/a	1.0	2	125237	n/a
244.62109375	n/a	1.0	2	125246	n/a
244.63671875	n/a	0.0	1	125254	n/a
244.654296875	n/a	1.0	2	125263	n/a
244.671875	n/a	0.0	1	125272	n/a
244.6875	n/a	1.0	2	125280	n/a
244.705078125	n/a	0.0	1	125289	n/a
244.720703125	n/a	0.0	1	125297	n/a
244.73828125	n/a	1.0	2	125306	n/a
244.75390625	n/a	1.0	2	125314	n/a
244.771484375	n/a	0.0	1	125323	n/a
244.787109375	n/a	0.0	1	125331	n/a
244.8046875	n/a	1.0	2	125340	n/a
244.8203125	n/a	0.0	1	125348	n/a
244.837890625	n/a	1.0	2	125357	n/a
244.853515625	n/a	1.0	2	125365	n/a
244.87109375	n/a	0.0	1	125374	n/a
244.88671875	n/a	1.0	2	125382	n/a
244.904296875	n/a	0.0	1	125391	n/a
244.921875	n/a	1.0	2	125400	n/a
244.9375	n/a	0.0	1	125408	n/a
244.955078125	n/a	1.0	2	125417	n/a
244.970703125	n/a	0.0	1	125425	n/a
244.98828125	n/a	0.0	1	125434	n/a
245.00390625	n/a	1.0	2	125442	n/a
245.021484375	n/a	1.0	2	125451	n/a
245.037109375	n/a	0.0	1	125459	n/a
245.0546875	n/a	1.0	2	125468	n/a
245.0703125	n/a	0.0	1	125476	n/a
245.087890625	n/a	1.0	2	125485	n/a
245.103515625	n/a	0.0	1	125493	n/a
245.12109375	n/a	1.0	2	125502	n/a
245.13671875	n/a	0.0	1	125510	n/a
245.154296875	n/a	0.0	1	125519	n/a
245.171875	n/a	1.0	2	125528	n/a
245.1875	n/a	1.0	2	125536	n/a
245.205078125	n/a	0.0	1	125545	n/a
245.220703125	n/a	1.0	2	125553	n/a
245.23828125	n/a	0.0	1	125562	n/a
245.25390625	n/a	0.0	1	125570	n/a
245.271484375	n/a	1.0	2	125579	n/a
245.287109375	n/a	0.0	1	125587	n/a
245.3046875	n/a	1.0	2	125596	n/a
245.3203125	n/a	1.0	2	125604	n/a
245.337890625	n/a	0.0	1	125613	n/a
245.353515625	n/a	1.0	2	125621	n/a
245.37109375	n/a	0.0	1	125630	n/a
245.38671875	n/a	0.0	1	125638	n/a
245.404296875	n/a	1.0	2	125647	n/a
245.421875	n/a	0.0	1	125656	n/a
245.4375	n/a	1.0	2	125664	n/a
245.455078125	n/a	0.0	1	125673	n/a
245.470703125	n/a	1.0	2	125681	n/a
245.48828125	n/a	0.0	1	125690	n/a
245.50390625	n/a	1.0	2	125698	n/a
245.521484375	n/a	1.0	2	125707	n/a
245.537109375	n/a	0.0	1	125715	n/a
245.5546875	n/a	0.0	1	125724	n/a
245.5703125	n/a	1.0	2	125732	n/a
245.587890625	n/a	1.0	2	125741	n/a
245.603515625	n/a	0.0	1	125749	n/a
245.62109375	n/a	1.0	2	125758	n/a
245.63671875	n/a	0.0	1	125766	n/a
245.654296875	n/a	0.0	1	125775	n/a
245.671875	n/a	1.0	2	125784	n/a
245.6875	n/a	1.0	2	125792	n/a
245.705078125	n/a	0.0	1	125801	n/a
245.720703125	n/a	0.0	1	125809	n/a
245.73828125	n/a	1.0	2	125818	n/a
245.75390625	n/a	0.0	1	125826	n/a
245.771484375	n/a	1.0	2	125835	n/a
245.787109375	n/a	0.0	1	125843	n/a
245.8046875	n/a	1.0	2	125852	n/a
245.8203125	n/a	1.0	2	125860	n/a
245.837890625	n/a	0.0	1	125869	n/a
245.853515625	n/a	0.0	1	125877	n/a
245.87109375	n/a	1.0	2	125886	n/a
245.88671875	n/a	1.0	2	125894	n/a
245.904296875	n/a	0.0	1	125903	n/a
245.921875	n/a	0.0	1	125912	n/a
245.9375	n/a	1.0	2	125920	n/a
245.955078125	n/a	0.0	1	125929	n/a
245.970703125	n/a	1.0	2	125937	n/a
245.98828125	n/a	0.0	1	125946	n/a
246.00390625	n/a	1.0	2	125954	n/a
246.021484375	n/a	0.0	1	125963	n/a
246.037109375	n/a	1.0	2	125971	n/a
246.0546875	n/a	0.0	1	125980	n/a
246.0703125	n/a	1.0	2	125988	n/a
246.087890625	n/a	1.0	2	125997	n/a
246.103515625	n/a	0.0	1	126005	n/a
246.12109375	n/a	0.0	1	126014	n/a
246.13671875	n/a	1.0	2	126022	n/a
246.154296875	n/a	1.0	2	126031	n/a
246.171875	n/a	0.0	1	126040	n/a
246.1875	n/a	0.0	1	126048	n/a
246.205078125	n/a	1.0	2	126057	n/a
246.220703125	n/a	1.0	2	126065	n/a
246.23828125	n/a	0.0	1	126074	n/a
246.25390625	n/a	1.0	2	126082	n/a
246.271484375	n/a	0.0	1	126091	n/a
246.287109375	n/a	0.0	1	126099	n/a
246.3046875	n/a	1.0	2	126108	n/a
246.3203125	n/a	0.0	1	126116	n/a
246.337890625	n/a	1.0	2	126125	n/a
246.353515625	n/a	1.0	2	126133	n/a
246.37109375	n/a	0.0	1	126142	n/a
246.38671875	n/a	1.0	2	126150	n/a
246.404296875	n/a	0.0	1	126159	n/a
246.421875	n/a	1.0	2	126168	n/a
246.4375	n/a	0.0	1	126176	n/a
246.455078125	n/a	1.0	2	126185	n/a
246.470703125	n/a	0.0	1	126193	n/a
246.48828125	n/a	1.0	2	126202	n/a
246.50390625	n/a	0.0	1	126210	n/a
246.521484375	n/a	0.0	1	126219	n/a
246.537109375	n/a	1.0	2	126227	n/a
246.5546875	n/a	0.0	1	126236	n/a
246.5703125	n/a	1.0	2	126244	n/a
246.587890625	n/a	0.0	1	126253	n/a
246.603515625	n/a	1.0	2	126261	n/a
246.62109375	n/a	1.0	2	126270	n/a
246.63671875	n/a	0.0	1	126278	n/a
246.654296875	n/a	0.0	1	126287	n/a
246.671875	n/a	1.0	2	126296	n/a
246.6875	n/a	0.0	1	126304	n/a
246.705078125	n/a	1.0	2	126313	n/a
246.720703125	n/a	1.0	2	126321	n/a
246.73828125	n/a	0.0	1	126330	n/a
246.75390625	n/a	1.0	2	126338	n/a
246.771484375	n/a	0.0	1	126347	n/a
246.787109375	n/a	1.0	2	126355	n/a
246.8046875	n/a	0.0	1	126364	n/a
246.8203125	n/a	0.0	1	126372	n/a
246.837890625	n/a	1.0	2	126381	n/a
246.853515625	n/a	1.0	2	126389	n/a
246.87109375	n/a	0.0	1	126398	n/a
246.88671875	n/a	0.0	1	126406	n/a
246.904296875	n/a	1.0	2	126415	n/a
246.921875	n/a	0.0	1	126424	n/a
246.9375	n/a	1.0	2	126432	n/a
246.955078125	n/a	1.0	2	126441	n/a
246.970703125	n/a	0.0	1	126449	n/a
246.98828125	n/a	1.0	2	126458	n/a
247.00390625	n/a	0.0	1	126466	n/a
247.021484375	n/a	1.0	2	126475	n/a
247.037109375	n/a	0.0	1	126483	n/a
247.0546875	n/a	1.0	2	126492	n/a
247.0703125	n/a	0.0	1	126500	n/a
247.087890625	n/a	0.0	1	126509	n/a
247.103515625	n/a	1.0	2	126517	n/a
247.12109375	n/a	1.0	2	126526	n/a
247.13671875	n/a	0.0	1	126534	n/a
247.154296875	n/a	1.0	2	126543	n/a
247.171875	n/a	0.0	1	126552	n/a
247.1875	n/a	1.0	2	126560	n/a
247.205078125	n/a	0.0	1	126569	n/a
247.220703125	n/a	1.0	2	126577	n/a
247.23828125	n/a	0.0	1	126586	n/a
247.25390625	n/a	0.0	1	126594	n/a
247.271484375	n/a	1.0	2	126603	n/a
247.287109375	n/a	1.0	2	126611	n/a
247.3046875	n/a	0.0	1	126620	n/a
247.3203125	n/a	1.0	2	126628	n/a
247.337890625	n/a	0.0	1	126637	n/a
247.353515625	n/a	0.0	1	126645	n/a
247.37109375	n/a	1.0	2	126654	n/a
247.38671875	n/a	0.0	1	126662	n/a
247.404296875	n/a	1.0	2	126671	n/a
247.421875	n/a	1.0	2	126680	n/a
247.4375	n/a	0.0	1	126688	n/a
247.455078125	n/a	1.0	2	126697	n/a
247.470703125	n/a	0.0	1	126705	n/a
247.48828125	n/a	0.0	1	126714	n/a
247.50390625	n/a	1.0	2	126722	n/a
247.521484375	n/a	0.0	1	126731	n/a
247.537109375	n/a	1.0	2	126739	n/a
247.5546875	n/a	0.0	1	126748	n/a
247.5703125	n/a	1.0	2	126756	n/a
247.587890625	n/a	0.0	1	126765	n/a
247.603515625	n/a	1.0	2	126773	n/a
247.62109375	n/a	1.0	2	126782	n/a
247.63671875	n/a	0.0	1	126790	n/a
247.654296875	n/a	0.0	1	126799	n/a
247.671875	n/a	1.0	2	126808	n/a
247.6875	n/a	1.0	2	126816	n/a
247.705078125	n/a	0.0	1	126825	n/a
247.720703125	n/a	1.0	2	126833	n/a
247.73828125	n/a	0.0	1	126842	n/a
247.75390625	n/a	0.0	1	126850	n/a
247.771484375	n/a	1.0	2	126859	n/a
247.787109375	n/a	1.0	2	126867	n/a
247.8046875	n/a	0.0	1	126876	n/a
247.8203125	n/a	0.0	1	126884	n/a
247.837890625	n/a	1.0	2	126893	n/a
247.853515625	n/a	0.0	1	126901	n/a
247.87109375	n/a	1.0	2	126910	n/a
247.88671875	n/a	0.0	1	126918	n/a
247.904296875	n/a	1.0	2	126927	n/a
247.921875	n/a	1.0	2	126936	n/a
247.9375	n/a	0.0	1	126944	n/a
247.955078125	n/a	0.0	1	126953	n/a
247.970703125	n/a	1.0	2	126961	n/a
247.98828125	n/a	1.0	2	126970	n/a
248.00390625	n/a	0.0	1	126978	n/a
248.021484375	n/a	0.0	1	126987	n/a
248.037109375	n/a	1.0	2	126995	n/a
248.0546875	n/a	0.0	1	127004	n/a
248.0703125	n/a	1.0	2	127012	n/a
248.087890625	n/a	0.0	1	127021	n/a
248.103515625	n/a	1.0	2	127029	n/a
248.12109375	n/a	0.0	1	127038	n/a
248.13671875	n/a	1.0	2	127046	n/a
248.154296875	n/a	0.0	1	127055	n/a
248.171875	n/a	1.0	2	127064	n/a
248.1875	n/a	1.0	2	127072	n/a
248.205078125	n/a	0.0	1	127081	n/a
248.220703125	n/a	0.0	1	127089	n/a
248.23828125	n/a	1.0	2	127098	n/a
248.25390625	n/a	1.0	2	127106	n/a
248.271484375	n/a	0.0	1	127115	n/a
248.287109375	n/a	0.0	1	127123	n/a
248.3046875	n/a	1.0	2	127132	n/a
248.3203125	n/a	1.0	2	127140	n/a
248.337890625	n/a	0.0	1	127149	n/a
248.353515625	n/a	1.0	2	127157	n/a
248.37109375	n/a	0.0	1	127166	n/a
248.38671875	n/a	0.0	1	127174	n/a
248.404296875	n/a	1.0	2	127183	n/a
248.421875	n/a	0.0	1	127192	n/a
248.4375	n/a	1.0	2	127200	n/a
248.455078125	n/a	1.0	2	127209	n/a
248.470703125	n/a	0.0	1	127217	n/a
248.48828125	n/a	1.0	2	127226	n/a
248.50390625	n/a	0.0	1	127234	n/a
248.521484375	n/a	1.0	2	127243	n/a
248.537109375	n/a	0.0	1	127251	n/a
248.5546875	n/a	1.0	2	127260	n/a
248.5703125	n/a	0.0	1	127268	n/a
248.587890625	n/a	1.0	2	127277	n/a
248.603515625	n/a	0.0	1	127285	n/a
248.62109375	n/a	0.0	1	127294	n/a
248.63671875	n/a	1.0	2	127302	n/a
248.654296875	n/a	0.0	1	127311	n/a
248.671875	n/a	1.0	2	127320	n/a
248.6875	n/a	0.0	1	127328	n/a
248.705078125	n/a	1.0	2	127337	n/a
248.720703125	n/a	1.0	2	127345	n/a
248.73828125	n/a	0.0	1	127354	n/a
248.75390625	n/a	0.0	1	127362	n/a
248.771484375	n/a	1.0	2	127371	n/a
248.787109375	n/a	0.0	1	127379	n/a
248.8046875	n/a	1.0	2	127388	n/a
248.8203125	n/a	1.0	2	127396	n/a
248.837890625	n/a	0.0	1	127405	n/a
248.853515625	n/a	1.0	2	127413	n/a
248.87109375	n/a	0.0	1	127422	n/a
248.88671875	n/a	1.0	2	127430	n/a
248.904296875	n/a	0.0	1	127439	n/a
248.921875	n/a	0.0	1	127448	n/a
248.9375	n/a	1.0	2	127456	n/a
248.955078125	n/a	1.0	2	127465	n/a
248.970703125	n/a	0.0	1	127473	n/a
248.98828125	n/a	0.0	1	127482	n/a
249.00390625	n/a	1.0	2	127490	n/a
249.021484375	n/a	0.0	1	127499	n/a
249.037109375	n/a	1.0	2	127507	n/a
249.0546875	n/a	1.0	2	127516	n/a
249.0703125	n/a	0.0	1	127524	n/a
249.087890625	n/a	1.0	2	127533	n/a
249.103515625	n/a	0.0	1	127541	n/a
249.12109375	n/a	1.0	2	127550	n/a
249.13671875	n/a	0.0	1	127558	n/a
249.154296875	n/a	1.0	2	127567	n/a
249.171875	n/a	0.0	1	127576	n/a
249.1875	n/a	0.0	1	127584	n/a
249.205078125	n/a	1.0	2	127593	n/a
249.220703125	n/a	1.0	2	127601	n/a
249.23828125	n/a	0.0	1	127610	n/a
249.25390625	n/a	1.0	2	127618	n/a
249.271484375	n/a	0.0	1	127627	n/a
249.287109375	n/a	1.0	2	127635	n/a
249.3046875	n/a	0.0	1	127644	n/a
249.3203125	n/a	1.0	2	127652	n/a
249.337890625	n/a	0.0	1	127661	n/a
249.353515625	n/a	0.0	1	127669	n/a
249.37109375	n/a	1.0	2	127678	n/a
249.38671875	n/a	1.0	2	127686	n/a
249.404296875	n/a	0.0	1	127695	n/a
249.421875	n/a	1.0	2	127704	n/a
249.4375	n/a	0.0	1	127712	n/a
249.455078125	n/a	0.0	1	127721	n/a
249.470703125	n/a	1.0	2	127729	n/a
249.48828125	n/a	0.0	1	127738	n/a
249.50390625	n/a	1.0	2	127746	n/a
249.521484375	n/a	1.0	2	127755	n/a
249.537109375	n/a	0.0	1	127763	n/a
249.5546875	n/a	1.0	2	127772	n/a
249.5703125	n/a	0.0	1	127780	n/a
249.587890625	n/a	0.0	1	127789	n/a
249.603515625	n/a	1.0	2	127797	n/a
249.62109375	n/a	0.0	1	127806	n/a
249.63671875	n/a	1.0	2	127814	n/a
249.654296875	n/a	0.0	1	127823	n/a
249.671875	n/a	1.0	2	127832	n/a
249.6875	n/a	0.0	1	127840	n/a
249.705078125	n/a	1.0	2	127849	n/a
249.720703125	n/a	1.0	2	127857	n/a
249.73828125	n/a	0.0	1	127866	n/a
249.75390625	n/a	0.0	1	127874	n/a
249.771484375	n/a	1.0	2	127883	n/a
249.787109375	n/a	1.0	2	127891	n/a
249.8046875	n/a	0.0	1	127900	n/a
249.8203125	n/a	1.0	2	127908	n/a
249.837890625	n/a	0.0	1	127917	n/a
249.853515625	n/a	0.0	1	127925	n/a
249.87109375	n/a	1.0	2	127934	n/a
249.88671875	n/a	1.0	2	127942	n/a
249.904296875	n/a	0.0	1	127951	n/a
249.921875	n/a	0.0	1	127960	n/a
249.9375	n/a	1.0	2	127968	n/a
249.955078125	n/a	0.0	1	127977	n/a
249.970703125	n/a	1.0	2	127985	n/a
249.98828125	n/a	0.0	1	127994	n/a
250.00390625	n/a	1.0	2	128002	n/a
250.021484375	n/a	1.0	2	128011	n/a
250.037109375	n/a	0.0	1	128019	n/a
250.0546875	n/a	0.0	1	128028	n/a
250.0703125	n/a	1.0	2	128036	n/a
250.087890625	n/a	1.0	2	128045	n/a
250.103515625	n/a	0.0	1	128053	n/a
250.12109375	n/a	0.0	1	128062	n/a
250.13671875	n/a	1.0	2	128070	n/a
250.154296875	n/a	0.0	1	128079	n/a
250.171875	n/a	1.0	2	128088	n/a
250.1875	n/a	0.0	1	128096	n/a
250.205078125	n/a	1.0	2	128105	n/a
250.220703125	n/a	0.0	1	128113	n/a
250.23828125	n/a	1.0	2	128122	n/a
250.25390625	n/a	0.0	1	128130	n/a
250.271484375	n/a	1.0	2	128139	n/a
250.287109375	n/a	1.0	2	128147	n/a
250.3046875	n/a	0.0	1	128156	n/a
250.3203125	n/a	0.0	1	128164	n/a
250.337890625	n/a	1.0	2	128173	n/a
250.353515625	n/a	1.0	2	128181	n/a
250.37109375	n/a	0.0	1	128190	n/a
250.38671875	n/a	0.0	1	128198	n/a
250.404296875	n/a	1.0	2	128207	n/a
250.421875	n/a	1.0	2	128216	n/a
250.4375	n/a	0.0	1	128224	n/a
250.455078125	n/a	1.0	2	128233	n/a
250.470703125	n/a	0.0	1	128241	n/a
250.48828125	n/a	0.0	1	128250	n/a
250.50390625	n/a	1.0	2	128258	n/a
250.521484375	n/a	0.0	1	128267	n/a
250.537109375	n/a	1.0	2	128275	n/a
250.5546875	n/a	1.0	2	128284	n/a
250.5703125	n/a	0.0	1	128292	n/a
250.587890625	n/a	1.0	2	128301	n/a
250.603515625	n/a	0.0	1	128309	n/a
250.62109375	n/a	1.0	2	128318	n/a
250.63671875	n/a	0.0	1	128326	n/a
250.654296875	n/a	1.0	2	128335	n/a
250.671875	n/a	0.0	1	128344	n/a
250.6875	n/a	1.0	2	128352	n/a
250.705078125	n/a	0.0	1	128361	n/a
250.720703125	n/a	0.0	1	128369	n/a
250.73828125	n/a	1.0	2	128378	n/a
250.75390625	n/a	0.0	1	128386	n/a
250.771484375	n/a	1.0	2	128395	n/a
250.787109375	n/a	0.0	1	128403	n/a
250.8046875	n/a	1.0	2	128412	n/a
250.8203125	n/a	1.0	2	128420	n/a
250.837890625	n/a	0.0	1	128429	n/a
250.853515625	n/a	0.0	1	128437	n/a
250.87109375	n/a	1.0	2	128446	n/a
250.88671875	n/a	0.0	1	128454	n/a
250.904296875	n/a	1.0	2	128463	n/a
250.921875	n/a	1.0	2	128472	n/a
250.9375	n/a	0.0	1	128480	n/a
250.955078125	n/a	1.0	2	128489	n/a
250.970703125	n/a	0.0	1	128497	n/a
250.98828125	n/a	1.0	2	128506	n/a
251.00390625	n/a	0.0	1	128514	n/a
251.021484375	n/a	0.0	1	128523	n/a
251.037109375	n/a	1.0	2	128531	n/a
251.0546875	n/a	1.0	2	128540	n/a
251.0703125	n/a	0.0	1	128548	n/a
251.087890625	n/a	0.0	1	128557	n/a
251.103515625	n/a	1.0	2	128565	n/a
251.12109375	n/a	0.0	1	128574	n/a
251.13671875	n/a	1.0	2	128582	n/a
251.154296875	n/a	1.0	2	128591	n/a
251.171875	n/a	0.0	1	128600	n/a
251.1875	n/a	1.0	2	128608	n/a
251.205078125	n/a	0.0	1	128617	n/a
251.220703125	n/a	1.0	2	128625	n/a
251.23828125	n/a	0.0	1	128634	n/a
251.25390625	n/a	1.0	2	128642	n/a
251.271484375	n/a	0.0	1	128651	n/a
251.287109375	n/a	0.0	1	128659	n/a
251.3046875	n/a	1.0	2	128668	n/a
251.3203125	n/a	1.0	2	128676	n/a
251.337890625	n/a	0.0	1	128685	n/a
251.353515625	n/a	1.0	2	128693	n/a
251.37109375	n/a	0.0	1	128702	n/a
251.38671875	n/a	1.0	2	128710	n/a
251.404296875	n/a	0.0	1	128719	n/a
251.421875	n/a	1.0	2	128728	n/a
251.4375	n/a	0.0	1	128736	n/a
251.455078125	n/a	0.0	1	128745	n/a
251.470703125	n/a	1.0	2	128753	n/a
251.48828125	n/a	1.0	2	128762	n/a
251.50390625	n/a	0.0	1	128770	n/a
251.521484375	n/a	1.0	2	128779	n/a
251.537109375	n/a	0.0	1	128787	n/a
251.5546875	n/a	0.0	1	128796	n/a
251.5703125	n/a	1.0	2	128804	n/a
251.587890625	n/a	0.0	1	128813	n/a
251.603515625	n/a	1.0	2	128821	n/a
251.62109375	n/a	1.0	2	128830	n/a
251.63671875	n/a	0.0	1	128838	n/a
251.654296875	n/a	1.0	2	128847	n/a
251.671875	n/a	0.0	1	128856	n/a
251.6875	n/a	0.0	1	128864	n/a
251.705078125	n/a	1.0	2	128873	n/a
251.720703125	n/a	0.0	1	128881	n/a
251.73828125	n/a	1.0	2	128890	n/a
251.75390625	n/a	0.0	1	128898	n/a
251.771484375	n/a	1.0	2	128907	n/a
251.787109375	n/a	0.0	1	128915	n/a
251.8046875	n/a	1.0	2	128924	n/a
251.8203125	n/a	1.0	2	128932	n/a
251.837890625	n/a	0.0	1	128941	n/a
251.853515625	n/a	0.0	1	128949	n/a
251.87109375	n/a	1.0	2	128958	n/a
251.88671875	n/a	1.0	2	128966	n/a
251.904296875	n/a	0.0	1	128975	n/a
251.921875	n/a	1.0	2	128984	n/a
251.9375	n/a	0.0	1	128992	n/a
251.955078125	n/a	0.0	1	129001	n/a
251.970703125	n/a	1.0	2	129009	n/a
251.98828125	n/a	1.0	2	129018	n/a
252.00390625	n/a	0.0	1	129026	n/a
252.021484375	n/a	0.0	1	129035	n/a
252.037109375	n/a	1.0	2	129043	n/a
252.0546875	n/a	0.0	1	129052	n/a
252.0703125	n/a	1.0	2	129060	n/a
252.087890625	n/a	0.0	1	129069	n/a
252.103515625	n/a	1.0	2	129077	n/a
252.12109375	n/a	1.0	2	129086	n/a
252.13671875	n/a	0.0	1	129094	n/a
252.154296875	n/a	0.0	1	129103	n/a
252.171875	n/a	1.0	2	129112	n/a
252.1875	n/a	1.0	2	129120	n/a
252.205078125	n/a	0.0	1	129129	n/a
252.220703125	n/a	0.0	1	129137	n/a
252.23828125	n/a	1.0	2	129146	n/a
252.25390625	n/a	0.0	1	129154	n/a
252.271484375	n/a	1.0	2	129163	n/a
252.287109375	n/a	0.0	1	129171	n/a
252.3046875	n/a	1.0	2	129180	n/a
252.3203125	n/a	0.0	1	129188	n/a
252.337890625	n/a	1.0	2	129197	n/a
252.353515625	n/a	0.0	1	129205	n/a
252.37109375	n/a	1.0	2	129214	n/a
252.38671875	n/a	1.0	2	129222	n/a
252.404296875	n/a	0.0	1	129231	n/a
252.421875	n/a	0.0	1	129240	n/a
252.4375	n/a	1.0	2	129248	n/a
252.455078125	n/a	1.0	2	129257	n/a
252.470703125	n/a	0.0	1	129265	n/a
252.48828125	n/a	0.0	1	129274	n/a
252.50390625	n/a	1.0	2	129282	n/a
252.521484375	n/a	1.0	2	129291	n/a
252.537109375	n/a	0.0	1	129299	n/a
252.5546875	n/a	1.0	2	129308	n/a
252.5703125	n/a	0.0	1	129316	n/a
252.587890625	n/a	0.0	1	129325	n/a
252.603515625	n/a	1.0	2	129333	n/a
252.62109375	n/a	0.0	1	129342	n/a
252.63671875	n/a	1.0	2	129350	n/a
252.654296875	n/a	1.0	2	129359	n/a
252.671875	n/a	0.0	1	129368	n/a
252.6875	n/a	1.0	2	129376	n/a
252.705078125	n/a	0.0	1	129385	n/a
252.720703125	n/a	1.0	2	129393	n/a
252.73828125	n/a	0.0	1	129402	n/a
252.75390625	n/a	1.0	2	129410	n/a
252.771484375	n/a	0.0	1	129419	n/a
252.787109375	n/a	1.0	2	129427	n/a
252.8046875	n/a	0.0	1	129436	n/a
252.8203125	n/a	0.0	1	129444	n/a
252.837890625	n/a	1.0	2	129453	n/a
252.853515625	n/a	0.0	1	129461	n/a
252.87109375	n/a	1.0	2	129470	n/a
252.88671875	n/a	0.0	1	129478	n/a
252.904296875	n/a	1.0	2	129487	n/a
252.921875	n/a	1.0	2	129496	n/a
252.9375	n/a	0.0	1	129504	n/a
252.955078125	n/a	0.0	1	129513	n/a
252.970703125	n/a	1.0	2	129521	n/a
252.98828125	n/a	0.0	1	129530	n/a
253.00390625	n/a	1.0	2	129538	n/a
253.021484375	n/a	1.0	2	129547	n/a
253.037109375	n/a	0.0	1	129555	n/a
253.0546875	n/a	1.0	2	129564	n/a
253.0703125	n/a	0.0	1	129572	n/a
253.087890625	n/a	1.0	2	129581	n/a
253.103515625	n/a	0.0	1	129589	n/a
253.12109375	n/a	0.0	1	129598	n/a
253.13671875	n/a	1.0	2	129606	n/a
253.154296875	n/a	1.0	2	129615	n/a
253.171875	n/a	0.0	1	129624	n/a
253.1875	n/a	0.0	1	129632	n/a
253.205078125	n/a	1.0	2	129641	n/a
253.220703125	n/a	0.0	1	129649	n/a
253.23828125	n/a	1.0	2	129658	n/a
253.25390625	n/a	1.0	2	129666	n/a
253.271484375	n/a	0.0	1	129675	n/a
253.287109375	n/a	1.0	2	129683	n/a
253.3046875	n/a	0.0	1	129692	n/a
253.3203125	n/a	1.0	2	129700	n/a
253.337890625	n/a	0.0	1	129709	n/a
253.353515625	n/a	1.0	2	129717	n/a
253.37109375	n/a	0.0	1	129726	n/a
253.38671875	n/a	0.0	1	129734	n/a
253.404296875	n/a	1.0	2	129743	n/a
253.421875	n/a	1.0	2	129752	n/a
253.4375	n/a	0.0	1	129760	n/a
253.455078125	n/a	1.0	2	129769	n/a
253.470703125	n/a	0.0	1	129777	n/a
253.48828125	n/a	1.0	2	129786	n/a
253.50390625	n/a	0.0	1	129794	n/a
253.521484375	n/a	1.0	2	129803	n/a
253.537109375	n/a	0.0	1	129811	n/a
253.5546875	n/a	0.0	1	129820	n/a
253.5703125	n/a	1.0	2	129828	n/a
253.587890625	n/a	1.0	2	129837	n/a
253.603515625	n/a	0.0	1	129845	n/a
253.62109375	n/a	1.0	2	129854	n/a
253.63671875	n/a	0.0	1	129862	n/a
253.654296875	n/a	0.0	1	129871	n/a
253.671875	n/a	1.0	2	129880	n/a
253.6875	n/a	0.0	1	129888	n/a
253.705078125	n/a	1.0	2	129897	n/a
253.720703125	n/a	1.0	2	129905	n/a
253.73828125	n/a	0.0	1	129914	n/a
253.75390625	n/a	1.0	2	129922	n/a
253.771484375	n/a	0.0	1	129931	n/a
253.787109375	n/a	0.0	1	129939	n/a
253.8046875	n/a	1.0	2	129948	n/a
253.8203125	n/a	0.0	1	129956	n/a
253.837890625	n/a	1.0	2	129965	n/a
253.853515625	n/a	0.0	1	129973	n/a
253.87109375	n/a	1.0	2	129982	n/a
253.88671875	n/a	0.0	1	129990	n/a
253.904296875	n/a	1.0	2	129999	n/a
253.921875	n/a	1.0	2	130008	n/a
253.9375	n/a	0.0	1	130016	n/a
253.955078125	n/a	0.0	1	130025	n/a
253.970703125	n/a	1.0	2	130033	n/a
253.98828125	n/a	1.0	2	130042	n/a
254.00390625	n/a	0.0	1	130050	n/a
254.021484375	n/a	1.0	2	130059	n/a
254.037109375	n/a	0.0	1	130067	n/a
254.0546875	n/a	0.0	1	130076	n/a
254.0703125	n/a	1.0	2	130084	n/a
254.087890625	n/a	1.0	2	130093	n/a
254.103515625	n/a	0.0	1	130101	n/a
254.12109375	n/a	0.0	1	130110	n/a
254.13671875	n/a	1.0	2	130118	n/a
254.154296875	n/a	0.0	1	130127	n/a
254.171875	n/a	1.0	2	130136	n/a
254.1875	n/a	0.0	1	130144	n/a
254.205078125	n/a	1.0	2	130153	n/a
254.220703125	n/a	1.0	2	130161	n/a
254.23828125	n/a	0.0	1	130170	n/a
254.25390625	n/a	0.0	1	130178	n/a
254.271484375	n/a	1.0	2	130187	n/a
254.287109375	n/a	1.0	2	130195	n/a
254.3046875	n/a	0.0	1	130204	n/a
254.3203125	n/a	0.0	1	130212	n/a
254.337890625	n/a	1.0	2	130221	n/a
254.353515625	n/a	0.0	1	130229	n/a
254.37109375	n/a	1.0	2	130238	n/a
254.38671875	n/a	0.0	1	130246	n/a
254.404296875	n/a	1.0	2	130255	n/a
254.421875	n/a	0.0	1	130264	n/a
254.4375	n/a	1.0	2	130272	n/a
254.455078125	n/a	0.0	1	130281	n/a
254.470703125	n/a	1.0	2	130289	n/a
254.48828125	n/a	1.0	2	130298	n/a
254.50390625	n/a	0.0	1	130306	n/a
254.521484375	n/a	0.0	1	130315	n/a
254.537109375	n/a	1.0	2	130323	n/a
254.5546875	n/a	1.0	2	130332	n/a
254.5703125	n/a	0.0	1	130340	n/a
254.587890625	n/a	0.0	1	130349	n/a
254.603515625	n/a	1.0	2	130357	n/a
254.62109375	n/a	1.0	2	130366	n/a
254.63671875	n/a	0.0	1	130374	n/a
254.654296875	n/a	1.0	2	130383	n/a
254.671875	n/a	0.0	1	130392	n/a
254.6875	n/a	0.0	1	130400	n/a
254.705078125	n/a	1.0	2	130409	n/a
254.720703125	n/a	0.0	1	130417	n/a
254.73828125	n/a	1.0	2	130426	n/a
254.75390625	n/a	1.0	2	130434	n/a
254.771484375	n/a	0.0	1	130443	n/a
254.787109375	n/a	1.0	2	130451	n/a
254.8046875	n/a	0.0	1	130460	n/a
254.8203125	n/a	1.0	2	130468	n/a
254.837890625	n/a	0.0	1	130477	n/a
254.853515625	n/a	1.0	2	130485	n/a
254.87109375	n/a	0.0	1	130494	n/a
254.88671875	n/a	1.0	2	130502	n/a
254.904296875	n/a	0.0	1	130511	n/a
254.921875	n/a	0.0	1	130520	n/a
254.9375	n/a	1.0	2	130528	n/a
254.955078125	n/a	0.0	1	130537	n/a
254.970703125	n/a	1.0	2	130545	n/a
254.98828125	n/a	0.0	1	130554	n/a
255.00390625	n/a	1.0	2	130562	n/a
255.021484375	n/a	1.0	2	130571	n/a
255.037109375	n/a	0.0	1	130579	n/a
255.0546875	n/a	0.0	1	130588	n/a
255.0703125	n/a	1.0	2	130596	n/a
255.087890625	n/a	0.0	1	130605	n/a
255.103515625	n/a	1.0	2	130613	n/a
255.12109375	n/a	1.0	2	130622	n/a
255.13671875	n/a	0.0	1	130630	n/a
255.154296875	n/a	1.0	2	130639	n/a
255.171875	n/a	0.0	1	130648	n/a
255.1875	n/a	1.0	2	130656	n/a
255.205078125	n/a	0.0	1	130665	n/a
255.220703125	n/a	0.0	1	130673	n/a
255.23828125	n/a	1.0	2	130682	n/a
255.25390625	n/a	1.0	2	130690	n/a
255.271484375	n/a	0.0	1	130699	n/a
255.287109375	n/a	0.0	1	130707	n/a
255.3046875	n/a	1.0	2	130716	n/a
255.3203125	n/a	0.0	1	130724	n/a
255.337890625	n/a	1.0	2	130733	n/a
255.353515625	n/a	1.0	2	130741	n/a
255.37109375	n/a	0.0	1	130750	n/a
255.38671875	n/a	1.0	2	130758	n/a
255.404296875	n/a	0.0	1	130767	n/a
255.421875	n/a	1.0	2	130776	n/a
255.4375	n/a	0.0	1	130784	n/a
255.455078125	n/a	1.0	2	130793	n/a
255.470703125	n/a	0.0	1	130801	n/a
255.48828125	n/a	0.0	1	130810	n/a
255.50390625	n/a	1.0	2	130818	n/a
255.521484375	n/a	1.0	2	130827	n/a
255.537109375	n/a	0.0	1	130835	n/a
255.5546875	n/a	1.0	2	130844	n/a
255.5703125	n/a	0.0	1	130852	n/a
255.587890625	n/a	1.0	2	130861	n/a
255.603515625	n/a	0.0	1	130869	n/a
255.62109375	n/a	1.0	2	130878	n/a
255.63671875	n/a	0.0	1	130886	n/a
255.654296875	n/a	0.0	1	130895	n/a
255.671875	n/a	1.0	2	130904	n/a
255.6875	n/a	1.0	2	130912	n/a
255.705078125	n/a	0.0	1	130921	n/a
255.720703125	n/a	1.0	2	130929	n/a
255.73828125	n/a	0.0	1	130938	n/a
255.75390625	n/a	0.0	1	130946	n/a
255.771484375	n/a	1.0	2	130955	n/a
255.787109375	n/a	0.0	1	130963	n/a
255.8046875	n/a	1.0	2	130972	n/a
255.8203125	n/a	1.0	2	130980	n/a
255.837890625	n/a	0.0	1	130989	n/a
255.853515625	n/a	1.0	2	130997	n/a
255.87109375	n/a	0.0	1	131006	n/a
255.88671875	n/a	0.0	1	131014	n/a
255.904296875	n/a	1.0	2	131023	n/a
255.921875	n/a	0.0	1	131032	n/a
255.9375	n/a	1.0	2	131040	n/a
255.955078125	n/a	0.0	1	131049	n/a
255.970703125	n/a	1.0	2	131057	n/a
255.98828125	n/a	0.0	1	131066	n/a
256.00390625	n/a	1.0	2	131074	n/a
256.021484375	n/a	1.0	2	131083	n/a
256.037109375	n/a	0.0	1	131091	n/a
256.0546875	n/a	0.0	1	131100	n/a
256.0703125	n/a	1.0	2	131108	n/a
256.087890625	n/a	1.0	2	131117	n/a
256.103515625	n/a	0.0	1	131125	n/a
256.12109375	n/a	1.0	2	131134	n/a
256.13671875	n/a	0.0	1	131142	n/a
256.154296875	n/a	0.0	1	131151	n/a
256.171875	n/a	1.0	2	131160	n/a
256.1875	n/a	1.0	2	131168	n/a
256.205078125	n/a	0.0	1	131177	n/a
256.220703125	n/a	0.0	1	131185	n/a
256.23828125	n/a	1.0	2	131194	n/a
256.25390625	n/a	0.0	1	131202	n/a
256.271484375	n/a	1.0	2	131211	n/a
256.287109375	n/a	0.0	1	131219	n/a
256.3046875	n/a	1.0	2	131228	n/a
256.3203125	n/a	1.0	2	131236	n/a
256.337890625	n/a	0.0	1	131245	n/a
256.353515625	n/a	0.0	1	131253	n/a
256.37109375	n/a	1.0	2	131262	n/a
256.38671875	n/a	1.0	2	131270	n/a
256.404296875	n/a	0.0	1	131279	n/a
256.421875	n/a	0.0	1	131288	n/a
256.4375	n/a	1.0	2	131296	n/a
256.455078125	n/a	0.0	1	131305	n/a
256.470703125	n/a	1.0	2	131313	n/a
256.48828125	n/a	0.0	1	131322	n/a
256.50390625	n/a	1.0	2	131330	n/a
256.521484375	n/a	0.0	1	131339	n/a
256.537109375	n/a	1.0	2	131347	n/a
256.5546875	n/a	0.0	1	131356	n/a
256.5703125	n/a	1.0	2	131364	n/a
256.587890625	n/a	1.0	2	131373	n/a
256.603515625	n/a	0.0	1	131381	n/a
256.62109375	n/a	0.0	1	131390	n/a
256.63671875	n/a	1.0	2	131398	n/a
256.654296875	n/a	1.0	2	131407	n/a
256.671875	n/a	0.0	1	131416	n/a
256.6875	n/a	0.0	1	131424	n/a
256.705078125	n/a	1.0	2	131433	n/a
256.720703125	n/a	1.0	2	131441	n/a
256.73828125	n/a	0.0	1	131450	n/a
256.75390625	n/a	1.0	2	131458	n/a
256.771484375	n/a	0.0	1	131467	n/a
256.787109375	n/a	0.0	1	131475	n/a
256.8046875	n/a	1.0	2	131484	n/a
256.8203125	n/a	0.0	1	131492	n/a
256.837890625	n/a	1.0	2	131501	n/a
256.853515625	n/a	1.0	2	131509	n/a
256.87109375	n/a	0.0	1	131518	n/a
256.88671875	n/a	1.0	2	131526	n/a
256.904296875	n/a	0.0	1	131535	n/a
256.921875	n/a	1.0	2	131544	n/a
256.9375	n/a	0.0	1	131552	n/a
256.955078125	n/a	1.0	2	131561	n/a
256.970703125	n/a	0.0	1	131569	n/a
256.98828125	n/a	1.0	2	131578	n/a
257.00390625	n/a	0.0	1	131586	n/a
257.021484375	n/a	0.0	1	131595	n/a
257.037109375	n/a	1.0	2	131603	n/a
257.0546875	n/a	0.0	1	131612	n/a
257.0703125	n/a	1.0	2	131620	n/a
257.087890625	n/a	0.0	1	131629	n/a
257.103515625	n/a	1.0	2	131637	n/a
257.12109375	n/a	1.0	2	131646	n/a
257.13671875	n/a	0.0	1	131654	n/a
257.154296875	n/a	0.0	1	131663	n/a
257.171875	n/a	1.0	2	131672	n/a
257.1875	n/a	0.0	1	131680	n/a
257.205078125	n/a	1.0	2	131689	n/a
257.220703125	n/a	1.0	2	131697	n/a
257.23828125	n/a	0.0	1	131706	n/a
257.25390625	n/a	1.0	2	131714	n/a
257.271484375	n/a	0.0	1	131723	n/a
257.287109375	n/a	1.0	2	131731	n/a
257.3046875	n/a	0.0	1	131740	n/a
257.3203125	n/a	0.0	1	131748	n/a
257.337890625	n/a	1.0	2	131757	n/a
257.353515625	n/a	1.0	2	131765	n/a
257.37109375	n/a	0.0	1	131774	n/a
257.38671875	n/a	0.0	1	131782	n/a
257.404296875	n/a	1.0	2	131791	n/a
257.421875	n/a	0.0	1	131800	n/a
257.4375	n/a	1.0	2	131808	n/a
257.455078125	n/a	1.0	2	131817	n/a
257.470703125	n/a	0.0	1	131825	n/a
257.48828125	n/a	1.0	2	131834	n/a
257.50390625	n/a	0.0	1	131842	n/a
257.521484375	n/a	1.0	2	131851	n/a
257.537109375	n/a	0.0	1	131859	n/a
257.5546875	n/a	1.0	2	131868	n/a
257.5703125	n/a	0.0	1	131876	n/a
257.587890625	n/a	0.0	1	131885	n/a
257.603515625	n/a	1.0	2	131893	n/a
257.62109375	n/a	1.0	2	131902	n/a
257.63671875	n/a	0.0	1	131910	n/a
257.654296875	n/a	1.0	2	131919	n/a
257.671875	n/a	0.0	1	131928	n/a
257.6875	n/a	1.0	2	131936	n/a
257.705078125	n/a	0.0	1	131945	n/a
257.720703125	n/a	1.0	2	131953	n/a
257.73828125	n/a	0.0	1	131962	n/a
257.75390625	n/a	0.0	1	131970	n/a
257.771484375	n/a	1.0	2	131979	n/a
257.787109375	n/a	1.0	2	131987	n/a
257.8046875	n/a	0.0	1	131996	n/a
257.8203125	n/a	1.0	2	132004	n/a
257.837890625	n/a	0.0	1	132013	n/a
257.853515625	n/a	0.0	1	132021	n/a
257.87109375	n/a	1.0	2	132030	n/a
257.88671875	n/a	0.0	1	132038	n/a
257.904296875	n/a	1.0	2	132047	n/a
257.921875	n/a	1.0	2	132056	n/a
257.9375	n/a	0.0	1	132064	n/a
257.955078125	n/a	1.0	2	132073	n/a
257.970703125	n/a	0.0	1	132081	n/a
257.98828125	n/a	0.0	1	132090	n/a
258.00390625	n/a	1.0	2	132098	n/a
258.021484375	n/a	0.0	1	132107	n/a
258.037109375	n/a	1.0	2	132115	n/a
258.0546875	n/a	0.0	1	132124	n/a
258.0703125	n/a	1.0	2	132132	n/a
258.087890625	n/a	0.0	1	132141	n/a
258.103515625	n/a	1.0	2	132149	n/a
258.12109375	n/a	1.0	2	132158	n/a
258.13671875	n/a	0.0	1	132166	n/a
258.154296875	n/a	0.0	1	132175	n/a
258.171875	n/a	1.0	2	132184	n/a
258.1875	n/a	1.0	2	132192	n/a
258.205078125	n/a	0.0	1	132201	n/a
258.220703125	n/a	1.0	2	132209	n/a
258.23828125	n/a	0.0	1	132218	n/a
258.25390625	n/a	0.0	1	132226	n/a
258.271484375	n/a	1.0	2	132235	n/a
258.287109375	n/a	1.0	2	132243	n/a
258.3046875	n/a	0.0	1	132252	n/a
258.3203125	n/a	0.0	1	132260	n/a
258.337890625	n/a	1.0	2	132269	n/a
258.353515625	n/a	0.0	1	132277	n/a
258.37109375	n/a	1.0	2	132286	n/a
258.38671875	n/a	0.0	1	132294	n/a
258.404296875	n/a	1.0	2	132303	n/a
258.421875	n/a	1.0	2	132312	n/a
258.4375	n/a	0.0	1	132320	n/a
258.455078125	n/a	0.0	1	132329	n/a
258.470703125	n/a	1.0	2	132337	n/a
258.48828125	n/a	1.0	2	132346	n/a
258.50390625	n/a	0.0	1	132354	n/a
258.521484375	n/a	0.0	1	132363	n/a
258.537109375	n/a	1.0	2	132371	n/a
258.5546875	n/a	0.0	1	132380	n/a
258.5703125	n/a	1.0	2	132388	n/a
258.587890625	n/a	0.0	1	132397	n/a
258.603515625	n/a	1.0	2	132405	n/a
258.62109375	n/a	0.0	1	132414	n/a
258.63671875	n/a	1.0	2	132422	n/a
258.654296875	n/a	0.0	1	132431	n/a
258.671875	n/a	1.0	2	132440	n/a
258.6875	n/a	1.0	2	132448	n/a
258.705078125	n/a	0.0	1	132457	n/a
258.720703125	n/a	0.0	1	132465	n/a
258.73828125	n/a	1.0	2	132474	n/a
258.75390625	n/a	1.0	2	132482	n/a
258.771484375	n/a	0.0	1	132491	n/a
258.787109375	n/a	0.0	1	132499	n/a
258.8046875	n/a	1.0	2	132508	n/a
258.8203125	n/a	1.0	2	132516	n/a
258.837890625	n/a	0.0	1	132525	n/a
258.853515625	n/a	1.0	2	132533	n/a
258.87109375	n/a	0.0	1	132542	n/a
258.88671875	n/a	0.0	1	132550	n/a
258.904296875	n/a	1.0	2	132559	n/a
258.921875	n/a	0.0	1	132568	n/a
258.9375	n/a	1.0	2	132576	n/a
258.955078125	n/a	1.0	2	132585	n/a
258.970703125	n/a	0.0	1	132593	n/a
258.98828125	n/a	1.0	2	132602	n/a
259.00390625	n/a	0.0	1	132610	n/a
259.021484375	n/a	1.0	2	132619	n/a
259.037109375	n/a	0.0	1	132627	n/a
259.0546875	n/a	1.0	2	132636	n/a
259.0703125	n/a	0.0	1	132644	n/a
259.087890625	n/a	1.0	2	132653	n/a
259.103515625	n/a	0.0	1	132661	n/a
259.12109375	n/a	0.0	1	132670	n/a
259.13671875	n/a	1.0	2	132678	n/a
259.154296875	n/a	0.0	1	132687	n/a
259.171875	n/a	1.0	2	132696	n/a
259.1875	n/a	0.0	1	132704	n/a
259.205078125	n/a	1.0	2	132713	n/a
259.220703125	n/a	1.0	2	132721	n/a
259.23828125	n/a	0.0	1	132730	n/a
259.25390625	n/a	0.0	1	132738	n/a
259.271484375	n/a	1.0	2	132747	n/a
259.287109375	n/a	0.0	1	132755	n/a
259.3046875	n/a	1.0	2	132764	n/a
259.3203125	n/a	1.0	2	132772	n/a
259.337890625	n/a	0.0	1	132781	n/a
259.353515625	n/a	1.0	2	132789	n/a
259.37109375	n/a	0.0	1	132798	n/a
259.38671875	n/a	1.0	2	132806	n/a
259.404296875	n/a	0.0	1	132815	n/a
259.421875	n/a	0.0	1	132824	n/a
259.4375	n/a	1.0	2	132832	n/a
259.455078125	n/a	1.0	2	132841	n/a
259.470703125	n/a	0.0	1	132849	n/a
259.48828125	n/a	0.0	1	132858	n/a
259.50390625	n/a	1.0	2	132866	n/a
259.521484375	n/a	0.0	1	132875	n/a
259.537109375	n/a	1.0	2	132883	n/a
259.5546875	n/a	1.0	2	132892	n/a
259.5703125	n/a	0.0	1	132900	n/a
259.587890625	n/a	1.0	2	132909	n/a
259.603515625	n/a	0.0	1	132917	n/a
259.62109375	n/a	1.0	2	132926	n/a
259.63671875	n/a	0.0	1	132934	n/a
259.654296875	n/a	1.0	2	132943	n/a
259.671875	n/a	0.0	1	132952	n/a
259.6875	n/a	0.0	1	132960	n/a
259.705078125	n/a	1.0	2	132969	n/a
259.720703125	n/a	1.0	2	132977	n/a
259.73828125	n/a	0.0	1	132986	n/a
259.75390625	n/a	1.0	2	132994	n/a
259.771484375	n/a	0.0	1	133003	n/a
259.787109375	n/a	1.0	2	133011	n/a
259.8046875	n/a	0.0	1	133020	n/a
259.8203125	n/a	1.0	2	133028	n/a
259.837890625	n/a	0.0	1	133037	n/a
259.853515625	n/a	0.0	1	133045	n/a
259.87109375	n/a	1.0	2	133054	n/a
259.88671875	n/a	1.0	2	133062	n/a
259.904296875	n/a	0.0	1	133071	n/a
259.921875	n/a	1.0	2	133080	n/a
259.9375	n/a	0.0	1	133088	n/a
259.955078125	n/a	0.0	1	133097	n/a
259.970703125	n/a	1.0	2	133105	n/a
259.98828125	n/a	0.0	1	133114	n/a
260.00390625	n/a	1.0	2	133122	n/a
260.021484375	n/a	1.0	2	133131	n/a
260.037109375	n/a	0.0	1	133139	n/a
260.0546875	n/a	1.0	2	133148	n/a
260.0703125	n/a	0.0	1	133156	n/a
260.087890625	n/a	0.0	1	133165	n/a
260.103515625	n/a	1.0	2	133173	n/a
260.12109375	n/a	0.0	1	133182	n/a
260.13671875	n/a	1.0	2	133190	n/a
260.154296875	n/a	0.0	1	133199	n/a
260.171875	n/a	1.0	2	133208	n/a
260.1875	n/a	0.0	1	133216	n/a
260.205078125	n/a	1.0	2	133225	n/a
260.220703125	n/a	1.0	2	133233	n/a
260.23828125	n/a	0.0	1	133242	n/a
260.25390625	n/a	0.0	1	133250	n/a
260.271484375	n/a	1.0	2	133259	n/a
260.287109375	n/a	1.0	2	133267	n/a
260.3046875	n/a	0.0	1	133276	n/a
260.3203125	n/a	1.0	2	133284	n/a
260.337890625	n/a	0.0	1	133293	n/a
260.353515625	n/a	0.0	1	133301	n/a
260.37109375	n/a	1.0	2	133310	n/a
260.38671875	n/a	1.0	2	133318	n/a
260.404296875	n/a	0.0	1	133327	n/a
260.421875	n/a	0.0	1	133336	n/a
260.4375	n/a	1.0	2	133344	n/a
260.455078125	n/a	0.0	1	133353	n/a
260.470703125	n/a	1.0	2	133361	n/a
260.48828125	n/a	0.0	1	133370	n/a
260.50390625	n/a	1.0	2	133378	n/a
260.521484375	n/a	1.0	2	133387	n/a
260.537109375	n/a	0.0	1	133395	n/a
260.5546875	n/a	0.0	1	133404	n/a
260.5703125	n/a	1.0	2	133412	n/a
260.587890625	n/a	1.0	2	133421	n/a
260.603515625	n/a	0.0	1	133429	n/a
260.62109375	n/a	0.0	1	133438	n/a
260.63671875	n/a	1.0	2	133446	n/a
260.654296875	n/a	0.0	1	133455	n/a
260.671875	n/a	1.0	2	133464	n/a
260.6875	n/a	0.0	1	133472	n/a
260.705078125	n/a	1.0	2	133481	n/a
260.720703125	n/a	0.0	1	133489	n/a
260.73828125	n/a	1.0	2	133498	n/a
260.75390625	n/a	0.0	1	133506	n/a
260.771484375	n/a	1.0	2	133515	n/a
260.787109375	n/a	1.0	2	133523	n/a
260.8046875	n/a	0.0	1	133532	n/a
260.8203125	n/a	0.0	1	133540	n/a
260.837890625	n/a	1.0	2	133549	n/a
260.853515625	n/a	1.0	2	133557	n/a
260.87109375	n/a	0.0	1	133566	n/a
260.88671875	n/a	0.0	1	133574	n/a
260.904296875	n/a	1.0	2	133583	n/a
260.921875	n/a	1.0	2	133592	n/a
260.9375	n/a	0.0	1	133600	n/a
260.955078125	n/a	1.0	2	133609	n/a
260.970703125	n/a	0.0	1	133617	n/a
260.98828125	n/a	0.0	1	133626	n/a
261.00390625	n/a	1.0	2	133634	n/a
261.021484375	n/a	0.0	1	133643	n/a
261.037109375	n/a	1.0	2	133651	n/a
261.0546875	n/a	1.0	2	133660	n/a
261.0703125	n/a	0.0	1	133668	n/a
261.087890625	n/a	1.0	2	133677	n/a
261.103515625	n/a	0.0	1	133685	n/a
261.12109375	n/a	1.0	2	133694	n/a
261.13671875	n/a	0.0	1	133702	n/a
261.154296875	n/a	1.0	2	133711	n/a
261.171875	n/a	0.0	1	133720	n/a
261.1875	n/a	1.0	2	133728	n/a
261.205078125	n/a	0.0	1	133737	n/a
261.220703125	n/a	0.0	1	133745	n/a
261.23828125	n/a	1.0	2	133754	n/a
261.25390625	n/a	0.0	1	133762	n/a
261.271484375	n/a	1.0	2	133771	n/a
261.287109375	n/a	0.0	1	133779	n/a
261.3046875	n/a	1.0	2	133788	n/a
261.3203125	n/a	1.0	2	133796	n/a
261.337890625	n/a	0.0	1	133805	n/a
261.353515625	n/a	0.0	1	133813	n/a
261.37109375	n/a	1.0	2	133822	n/a
261.38671875	n/a	0.0	1	133830	n/a
261.404296875	n/a	1.0	2	133839	n/a
261.421875	n/a	1.0	2	133848	n/a
261.4375	n/a	0.0	1	133856	n/a
261.455078125	n/a	1.0	2	133865	n/a
261.470703125	n/a	0.0	1	133873	n/a
261.48828125	n/a	1.0	2	133882	n/a
261.50390625	n/a	0.0	1	133890	n/a
261.521484375	n/a	0.0	1	133899	n/a
261.537109375	n/a	1.0	2	133907	n/a
261.5546875	n/a	1.0	2	133916	n/a
261.5703125	n/a	0.0	1	133924	n/a
261.587890625	n/a	0.0	1	133933	n/a
261.603515625	n/a	1.0	2	133941	n/a
261.62109375	n/a	0.0	1	133950	n/a
261.63671875	n/a	1.0	2	133958	n/a
261.654296875	n/a	1.0	2	133967	n/a
261.671875	n/a	0.0	1	133976	n/a
261.6875	n/a	1.0	2	133984	n/a
261.705078125	n/a	0.0	1	133993	n/a
261.720703125	n/a	1.0	2	134001	n/a
261.73828125	n/a	0.0	1	134010	n/a
261.75390625	n/a	1.0	2	134018	n/a
261.771484375	n/a	0.0	1	134027	n/a
261.787109375	n/a	0.0	1	134035	n/a
261.8046875	n/a	1.0	2	134044	n/a
261.8203125	n/a	1.0	2	134052	n/a
261.837890625	n/a	0.0	1	134061	n/a
261.853515625	n/a	1.0	2	134069	n/a
261.87109375	n/a	0.0	1	134078	n/a
261.88671875	n/a	1.0	2	134086	n/a
261.904296875	n/a	0.0	1	134095	n/a
261.921875	n/a	1.0	2	134104	n/a
261.9375	n/a	0.0	1	134112	n/a
261.955078125	n/a	0.0	1	134121	n/a
261.970703125	n/a	1.0	2	134129	n/a
261.98828125	n/a	1.0	2	134138	n/a
262.00390625	n/a	0.0	1	134146	n/a
262.021484375	n/a	1.0	2	134155	n/a
262.037109375	n/a	0.0	1	134163	n/a
262.0546875	n/a	0.0	1	134172	n/a
262.0703125	n/a	1.0	2	134180	n/a
262.087890625	n/a	0.0	1	134189	n/a
262.103515625	n/a	1.0	2	134197	n/a
262.12109375	n/a	1.0	2	134206	n/a
262.13671875	n/a	0.0	1	134214	n/a
262.154296875	n/a	1.0	2	134223	n/a
262.171875	n/a	0.0	1	134232	n/a
262.1875	n/a	0.0	1	134240	n/a
262.205078125	n/a	1.0	2	134249	n/a
262.220703125	n/a	0.0	1	134257	n/a
262.23828125	n/a	1.0	2	134266	n/a
262.25390625	n/a	0.0	1	134274	n/a
262.271484375	n/a	1.0	2	134283	n/a
262.287109375	n/a	0.0	1	134291	n/a
262.3046875	n/a	1.0	2	134300	n/a
262.3203125	n/a	1.0	2	134308	n/a
262.337890625	n/a	0.0	1	134317	n/a
262.353515625	n/a	0.0	1	134325	n/a
262.37109375	n/a	1.0	2	134334	n/a
262.38671875	n/a	1.0	2	134342	n/a
262.404296875	n/a	0.0	1	134351	n/a
262.421875	n/a	1.0	2	134360	n/a
262.4375	n/a	0.0	1	134368	n/a
262.455078125	n/a	0.0	1	134377	n/a
262.470703125	n/a	1.0	2	134385	n/a
262.48828125	n/a	1.0	2	134394	n/a
262.50390625	n/a	0.0	1	134402	n/a
262.521484375	n/a	0.0	1	134411	n/a
262.537109375	n/a	1.0	2	134419	n/a
262.5546875	n/a	0.0	1	134428	n/a
262.5703125	n/a	1.0	2	134436	n/a
262.587890625	n/a	0.0	1	134445	n/a
262.603515625	n/a	1.0	2	134453	n/a
262.62109375	n/a	1.0	2	134462	n/a
262.63671875	n/a	0.0	1	134470	n/a
262.654296875	n/a	0.0	1	134479	n/a
262.671875	n/a	1.0	2	134488	n/a
262.6875	n/a	1.0	2	134496	n/a
262.705078125	n/a	0.0	1	134505	n/a
262.720703125	n/a	0.0	1	134513	n/a
262.73828125	n/a	1.0	2	134522	n/a
262.75390625	n/a	0.0	1	134530	n/a
262.771484375	n/a	1.0	2	134539	n/a
262.787109375	n/a	0.0	1	134547	n/a
262.8046875	n/a	1.0	2	134556	n/a
262.8203125	n/a	0.0	1	134564	n/a
262.837890625	n/a	1.0	2	134573	n/a
262.853515625	n/a	0.0	1	134581	n/a
262.87109375	n/a	1.0	2	134590	n/a
262.88671875	n/a	1.0	2	134598	n/a
262.904296875	n/a	0.0	1	134607	n/a
262.921875	n/a	0.0	1	134616	n/a
262.9375	n/a	1.0	2	134624	n/a
262.955078125	n/a	1.0	2	134633	n/a
262.970703125	n/a	0.0	1	134641	n/a
262.98828125	n/a	0.0	1	134650	n/a
263.00390625	n/a	1.0	2	134658	n/a
263.021484375	n/a	1.0	2	134667	n/a
263.037109375	n/a	0.0	1	134675	n/a
263.0546875	n/a	1.0	2	134684	n/a
263.0703125	n/a	0.0	1	134692	n/a
263.087890625	n/a	0.0	1	134701	n/a
263.103515625	n/a	1.0	2	134709	n/a
263.12109375	n/a	0.0	1	134718	n/a
263.13671875	n/a	1.0	2	134726	n/a
263.154296875	n/a	1.0	2	134735	n/a
263.171875	n/a	0.0	1	134744	n/a
263.1875	n/a	1.0	2	134752	n/a
263.205078125	n/a	0.0	1	134761	n/a
263.220703125	n/a	1.0	2	134769	n/a
263.23828125	n/a	0.0	1	134778	n/a
263.25390625	n/a	1.0	2	134786	n/a
263.271484375	n/a	0.0	1	134795	n/a
263.287109375	n/a	1.0	2	134803	n/a
263.3046875	n/a	0.0	1	134812	n/a
263.3203125	n/a	0.0	1	134820	n/a
263.337890625	n/a	1.0	2	134829	n/a
263.353515625	n/a	0.0	1	134837	n/a
263.37109375	n/a	1.0	2	134846	n/a
263.38671875	n/a	0.0	1	134854	n/a
263.404296875	n/a	1.0	2	134863	n/a
263.421875	n/a	1.0	2	134872	n/a
263.4375	n/a	0.0	1	134880	n/a
263.455078125	n/a	0.0	1	134889	n/a
263.470703125	n/a	1.0	2	134897	n/a
263.48828125	n/a	0.0	1	134906	n/a
263.50390625	n/a	1.0	2	134914	n/a
263.521484375	n/a	1.0	2	134923	n/a
263.537109375	n/a	0.0	1	134931	n/a
263.5546875	n/a	1.0	2	134940	n/a
263.5703125	n/a	0.0	1	134948	n/a
263.587890625	n/a	1.0	2	134957	n/a
263.603515625	n/a	0.0	1	134965	n/a
263.62109375	n/a	0.0	1	134974	n/a
263.63671875	n/a	1.0	2	134982	n/a
263.654296875	n/a	1.0	2	134991	n/a
263.671875	n/a	0.0	1	135000	n/a
263.6875	n/a	0.0	1	135008	n/a
263.705078125	n/a	1.0	2	135017	n/a
263.720703125	n/a	0.0	1	135025	n/a
263.73828125	n/a	1.0	2	135034	n/a
263.75390625	n/a	1.0	2	135042	n/a
263.771484375	n/a	0.0	1	135051	n/a
263.787109375	n/a	1.0	2	135059	n/a
263.8046875	n/a	0.0	1	135068	n/a
263.8203125	n/a	1.0	2	135076	n/a
263.837890625	n/a	0.0	1	135085	n/a
263.853515625	n/a	1.0	2	135093	n/a
263.87109375	n/a	0.0	1	135102	n/a
263.88671875	n/a	0.0	1	135110	n/a
263.904296875	n/a	1.0	2	135119	n/a
263.921875	n/a	1.0	2	135128	n/a
263.9375	n/a	0.0	1	135136	n/a
263.955078125	n/a	1.0	2	135145	n/a
263.970703125	n/a	0.0	1	135153	n/a
263.98828125	n/a	1.0	2	135162	n/a
264.00390625	n/a	0.0	1	135170	n/a
264.021484375	n/a	1.0	2	135179	n/a
264.037109375	n/a	0.0	1	135187	n/a
264.0546875	n/a	0.0	1	135196	n/a
264.0703125	n/a	1.0	2	135204	n/a
264.087890625	n/a	1.0	2	135213	n/a
264.103515625	n/a	0.0	1	135221	n/a
264.12109375	n/a	1.0	2	135230	n/a
264.13671875	n/a	0.0	1	135238	n/a
264.154296875	n/a	0.0	1	135247	n/a
264.171875	n/a	1.0	2	135256	n/a
264.1875	n/a	0.0	1	135264	n/a
264.205078125	n/a	1.0	2	135273	n/a
264.220703125	n/a	1.0	2	135281	n/a
264.23828125	n/a	0.0	1	135290	n/a
264.25390625	n/a	1.0	2	135298	n/a
264.271484375	n/a	0.0	1	135307	n/a
264.287109375	n/a	0.0	1	135315	n/a
264.3046875	n/a	1.0	2	135324	n/a
264.3203125	n/a	0.0	1	135332	n/a
264.337890625	n/a	1.0	2	135341	n/a
264.353515625	n/a	0.0	1	135349	n/a
264.37109375	n/a	1.0	2	135358	n/a
264.38671875	n/a	0.0	1	135366	n/a
264.404296875	n/a	1.0	2	135375	n/a
264.421875	n/a	1.0	2	135384	n/a
264.4375	n/a	0.0	1	135392	n/a
264.455078125	n/a	0.0	1	135401	n/a
264.470703125	n/a	1.0	2	135409	n/a
264.48828125	n/a	1.0	2	135418	n/a
264.50390625	n/a	0.0	1	135426	n/a
264.521484375	n/a	1.0	2	135435	n/a
264.537109375	n/a	0.0	1	135443	n/a
264.5546875	n/a	0.0	1	135452	n/a
264.5703125	n/a	1.0	2	135460	n/a
264.587890625	n/a	1.0	2	135469	n/a
264.603515625	n/a	0.0	1	135477	n/a
264.62109375	n/a	0.0	1	135486	n/a
264.63671875	n/a	1.0	2	135494	n/a
264.654296875	n/a	0.0	1	135503	n/a
264.671875	n/a	1.0	2	135512	n/a
264.6875	n/a	0.0	1	135520	n/a
264.705078125	n/a	1.0	2	135529	n/a
264.720703125	n/a	1.0	2	135537	n/a
264.73828125	n/a	0.0	1	135546	n/a
264.75390625	n/a	0.0	1	135554	n/a
264.771484375	n/a	1.0	2	135563	n/a
264.787109375	n/a	1.0	2	135571	n/a
264.8046875	n/a	0.0	1	135580	n/a
264.8203125	n/a	0.0	1	135588	n/a
264.837890625	n/a	1.0	2	135597	n/a
264.853515625	n/a	0.0	1	135605	n/a
264.87109375	n/a	1.0	2	135614	n/a
264.88671875	n/a	0.0	1	135622	n/a
264.904296875	n/a	1.0	2	135631	n/a
264.921875	n/a	0.0	1	135640	n/a
264.9375	n/a	1.0	2	135648	n/a
264.955078125	n/a	0.0	1	135657	n/a
264.970703125	n/a	1.0	2	135665	n/a
264.98828125	n/a	1.0	2	135674	n/a
265.00390625	n/a	0.0	1	135682	n/a
265.021484375	n/a	0.0	1	135691	n/a
265.037109375	n/a	1.0	2	135699	n/a
265.0546875	n/a	1.0	2	135708	n/a
265.0703125	n/a	0.0	1	135716	n/a
265.087890625	n/a	0.0	1	135725	n/a
265.103515625	n/a	1.0	2	135733	n/a
265.12109375	n/a	1.0	2	135742	n/a
265.13671875	n/a	0.0	1	135750	n/a
265.154296875	n/a	1.0	2	135759	n/a
265.171875	n/a	0.0	1	135768	n/a
265.1875	n/a	0.0	1	135776	n/a
265.205078125	n/a	1.0	2	135785	n/a
265.220703125	n/a	0.0	1	135793	n/a
265.23828125	n/a	1.0	2	135802	n/a
265.25390625	n/a	1.0	2	135810	n/a
265.271484375	n/a	0.0	1	135819	n/a
265.287109375	n/a	1.0	2	135827	n/a
265.3046875	n/a	0.0	1	135836	n/a
265.3203125	n/a	1.0	2	135844	n/a
265.337890625	n/a	0.0	1	135853	n/a
265.353515625	n/a	1.0	2	135861	n/a
265.37109375	n/a	0.0	1	135870	n/a
265.38671875	n/a	1.0	2	135878	n/a
265.404296875	n/a	0.0	1	135887	n/a
265.421875	n/a	0.0	1	135896	n/a
265.4375	n/a	1.0	2	135904	n/a
265.455078125	n/a	0.0	1	135913	n/a
265.470703125	n/a	1.0	2	135921	n/a
265.48828125	n/a	0.0	1	135930	n/a
265.50390625	n/a	1.0	2	135938	n/a
265.521484375	n/a	1.0	2	135947	n/a
265.537109375	n/a	0.0	1	135955	n/a
265.5546875	n/a	0.0	1	135964	n/a
265.5703125	n/a	1.0	2	135972	n/a
265.587890625	n/a	0.0	1	135981	n/a
265.603515625	n/a	1.0	2	135989	n/a
265.62109375	n/a	1.0	2	135998	n/a
265.63671875	n/a	0.0	1	136006	n/a
265.654296875	n/a	1.0	2	136015	n/a
265.671875	n/a	0.0	1	136024	n/a
265.6875	n/a	1.0	2	136032	n/a
265.705078125	n/a	0.0	1	136041	n/a
265.720703125	n/a	0.0	1	136049	n/a
265.73828125	n/a	1.0	2	136058	n/a
265.75390625	n/a	1.0	2	136066	n/a
265.771484375	n/a	0.0	1	136075	n/a
265.787109375	n/a	0.0	1	136083	n/a
265.8046875	n/a	1.0	2	136092	n/a
265.8203125	n/a	0.0	1	136100	n/a
265.837890625	n/a	1.0	2	136109	n/a
265.853515625	n/a	1.0	2	136117	n/a
265.87109375	n/a	0.0	1	136126	n/a
265.88671875	n/a	1.0	2	136134	n/a
265.904296875	n/a	0.0	1	136143	n/a
265.921875	n/a	1.0	2	136152	n/a
265.9375	n/a	0.0	1	136160	n/a
265.955078125	n/a	1.0	2	136169	n/a
265.970703125	n/a	0.0	1	136177	n/a
265.98828125	n/a	0.0	1	136186	n/a
266.00390625	n/a	1.0	2	136194	n/a
266.021484375	n/a	1.0	2	136203	n/a
266.037109375	n/a	0.0	1	136211	n/a
266.0546875	n/a	1.0	2	136220	n/a
266.0703125	n/a	0.0	1	136228	n/a
266.087890625	n/a	1.0	2	136237	n/a
266.103515625	n/a	0.0	1	136245	n/a
266.12109375	n/a	1.0	2	136254	n/a
266.13671875	n/a	0.0	1	136262	n/a
266.154296875	n/a	0.0	1	136271	n/a
266.171875	n/a	1.0	2	136280	n/a
266.1875	n/a	1.0	2	136288	n/a
266.205078125	n/a	0.0	1	136297	n/a
266.220703125	n/a	1.0	2	136305	n/a
266.23828125	n/a	0.0	1	136314	n/a
266.25390625	n/a	0.0	1	136322	n/a
266.271484375	n/a	1.0	2	136331	n/a
266.287109375	n/a	0.0	1	136339	n/a
266.3046875	n/a	1.0	2	136348	n/a
266.3203125	n/a	1.0	2	136356	n/a
266.337890625	n/a	0.0	1	136365	n/a
266.353515625	n/a	1.0	2	136373	n/a
266.37109375	n/a	0.0	1	136382	n/a
266.38671875	n/a	0.0	1	136390	n/a
266.404296875	n/a	1.0	2	136399	n/a
266.421875	n/a	0.0	1	136408	n/a
266.4375	n/a	1.0	2	136416	n/a
266.455078125	n/a	0.0	1	136425	n/a
266.470703125	n/a	1.0	2	136433	n/a
266.48828125	n/a	0.0	1	136442	n/a
266.50390625	n/a	1.0	2	136450	n/a
266.521484375	n/a	1.0	2	136459	n/a
266.537109375	n/a	0.0	1	136467	n/a
266.5546875	n/a	0.0	1	136476	n/a
266.5703125	n/a	1.0	2	136484	n/a
266.587890625	n/a	1.0	2	136493	n/a
266.603515625	n/a	0.0	1	136501	n/a
266.62109375	n/a	1.0	2	136510	n/a
266.63671875	n/a	0.0	1	136518	n/a
266.654296875	n/a	0.0	1	136527	n/a
266.671875	n/a	1.0	2	136536	n/a
266.6875	n/a	1.0	2	136544	n/a
266.705078125	n/a	0.0	1	136553	n/a
266.720703125	n/a	0.0	1	136561	n/a
266.73828125	n/a	1.0	2	136570	n/a
266.75390625	n/a	0.0	1	136578	n/a
266.771484375	n/a	1.0	2	136587	n/a
266.787109375	n/a	0.0	1	136595	n/a
266.8046875	n/a	1.0	2	136604	n/a
266.8203125	n/a	1.0	2	136612	n/a
266.837890625	n/a	0.0	1	136621	n/a
266.853515625	n/a	0.0	1	136629	n/a
266.87109375	n/a	1.0	2	136638	n/a
266.88671875	n/a	1.0	2	136646	n/a
266.904296875	n/a	0.0	1	136655	n/a
266.921875	n/a	0.0	1	136664	n/a
266.9375	n/a	1.0	2	136672	n/a
266.955078125	n/a	0.0	1	136681	n/a
266.970703125	n/a	1.0	2	136689	n/a
266.98828125	n/a	0.0	1	136698	n/a
267.00390625	n/a	1.0	2	136706	n/a
267.021484375	n/a	0.0	1	136715	n/a
267.037109375	n/a	1.0	2	136723	n/a
267.0546875	n/a	0.0	1	136732	n/a
267.0703125	n/a	1.0	2	136740	n/a
267.087890625	n/a	1.0	2	136749	n/a
267.103515625	n/a	0.0	1	136757	n/a
267.12109375	n/a	0.0	1	136766	n/a
267.13671875	n/a	1.0	2	136774	n/a
267.154296875	n/a	1.0	2	136783	n/a
267.171875	n/a	0.0	1	136792	n/a
267.1875	n/a	0.0	1	136800	n/a
267.205078125	n/a	1.0	2	136809	n/a
267.220703125	n/a	1.0	2	136817	n/a
267.23828125	n/a	0.0	1	136826	n/a
267.25390625	n/a	1.0	2	136834	n/a
267.271484375	n/a	0.0	1	136843	n/a
267.287109375	n/a	0.0	1	136851	n/a
267.3046875	n/a	1.0	2	136860	n/a
267.3203125	n/a	0.0	1	136868	n/a
267.337890625	n/a	1.0	2	136877	n/a
267.353515625	n/a	1.0	2	136885	n/a
267.37109375	n/a	0.0	1	136894	n/a
267.38671875	n/a	1.0	2	136902	n/a
267.404296875	n/a	0.0	1	136911	n/a
267.421875	n/a	1.0	2	136920	n/a
267.4375	n/a	0.0	1	136928	n/a
267.455078125	n/a	1.0	2	136937	n/a
267.470703125	n/a	0.0	1	136945	n/a
267.48828125	n/a	1.0	2	136954	n/a
267.50390625	n/a	0.0	1	136962	n/a
267.521484375	n/a	0.0	1	136971	n/a
267.537109375	n/a	1.0	2	136979	n/a
267.5546875	n/a	0.0	1	136988	n/a
267.5703125	n/a	1.0	2	136996	n/a
267.587890625	n/a	0.0	1	137005	n/a
267.603515625	n/a	1.0	2	137013	n/a
267.62109375	n/a	1.0	2	137022	n/a
267.63671875	n/a	0.0	1	137030	n/a
267.654296875	n/a	0.0	1	137039	n/a
267.671875	n/a	1.0	2	137048	n/a
267.6875	n/a	0.0	1	137056	n/a
267.705078125	n/a	1.0	2	137065	n/a
267.720703125	n/a	1.0	2	137073	n/a
267.73828125	n/a	0.0	1	137082	n/a
267.75390625	n/a	1.0	2	137090	n/a
267.771484375	n/a	0.0	1	137099	n/a
267.787109375	n/a	1.0	2	137107	n/a
267.8046875	n/a	0.0	1	137116	n/a
267.8203125	n/a	0.0	1	137124	n/a
267.837890625	n/a	1.0	2	137133	n/a
267.853515625	n/a	1.0	2	137141	n/a
267.87109375	n/a	0.0	1	137150	n/a
267.88671875	n/a	0.0	1	137158	n/a
267.904296875	n/a	1.0	2	137167	n/a
267.921875	n/a	0.0	1	137176	n/a
267.9375	n/a	1.0	2	137184	n/a
267.955078125	n/a	1.0	2	137193	n/a
267.970703125	n/a	0.0	1	137201	n/a
267.98828125	n/a	1.0	2	137210	n/a
268.00390625	n/a	0.0	1	137218	n/a
268.021484375	n/a	1.0	2	137227	n/a
268.037109375	n/a	0.0	1	137235	n/a
268.0546875	n/a	1.0	2	137244	n/a
268.0703125	n/a	0.0	1	137252	n/a
268.087890625	n/a	0.0	1	137261	n/a
268.103515625	n/a	1.0	2	137269	n/a
268.12109375	n/a	1.0	2	137278	n/a
268.13671875	n/a	0.0	1	137286	n/a
268.154296875	n/a	1.0	2	137295	n/a
268.171875	n/a	0.0	1	137304	n/a
268.1875	n/a	1.0	2	137312	n/a
268.205078125	n/a	0.0	1	137321	n/a
268.220703125	n/a	1.0	2	137329	n/a
268.23828125	n/a	0.0	1	137338	n/a
268.25390625	n/a	0.0	1	137346	n/a
268.271484375	n/a	1.0	2	137355	n/a
268.287109375	n/a	1.0	2	137363	n/a
268.3046875	n/a	0.0	1	137372	n/a
268.3203125	n/a	1.0	2	137380	n/a
268.337890625	n/a	0.0	1	137389	n/a
268.353515625	n/a	0.0	1	137397	n/a
268.37109375	n/a	1.0	2	137406	n/a
268.38671875	n/a	0.0	1	137414	n/a
268.404296875	n/a	1.0	2	137423	n/a
268.421875	n/a	1.0	2	137432	n/a
268.4375	n/a	0.0	1	137440	n/a
268.455078125	n/a	1.0	2	137449	n/a
268.470703125	n/a	0.0	1	137457	n/a
268.48828125	n/a	0.0	1	137466	n/a
268.50390625	n/a	1.0	2	137474	n/a
268.521484375	n/a	0.0	1	137483	n/a
268.537109375	n/a	1.0	2	137491	n/a
268.5546875	n/a	0.0	1	137500	n/a
268.5703125	n/a	1.0	2	137508	n/a
268.587890625	n/a	0.0	1	137517	n/a
268.603515625	n/a	1.0	2	137525	n/a
268.62109375	n/a	1.0	2	137534	n/a
268.63671875	n/a	0.0	1	137542	n/a
268.654296875	n/a	0.0	1	137551	n/a
268.671875	n/a	1.0	2	137560	n/a
268.6875	n/a	1.0	2	137568	n/a
268.705078125	n/a	0.0	1	137577	n/a
268.720703125	n/a	1.0	2	137585	n/a
268.73828125	n/a	0.0	1	137594	n/a
268.75390625	n/a	0.0	1	137602	n/a
268.771484375	n/a	1.0	2	137611	n/a
268.787109375	n/a	1.0	2	137619	n/a
268.8046875	n/a	0.0	1	137628	n/a
268.8203125	n/a	0.0	1	137636	n/a
268.837890625	n/a	1.0	2	137645	n/a
268.853515625	n/a	0.0	1	137653	n/a
268.87109375	n/a	1.0	2	137662	n/a
268.88671875	n/a	0.0	1	137670	n/a
268.904296875	n/a	1.0	2	137679	n/a
268.921875	n/a	1.0	2	137688	n/a
268.9375	n/a	0.0	1	137696	n/a
268.955078125	n/a	0.0	1	137705	n/a
268.970703125	n/a	1.0	2	137713	n/a
268.98828125	n/a	1.0	2	137722	n/a
269.00390625	n/a	0.0	1	137730	n/a
269.021484375	n/a	0.0	1	137739	n/a
269.037109375	n/a	1.0	2	137747	n/a
269.0546875	n/a	0.0	1	137756	n/a
269.0703125	n/a	1.0	2	137764	n/a
269.087890625	n/a	0.0	1	137773	n/a
269.103515625	n/a	1.0	2	137781	n/a
269.12109375	n/a	0.0	1	137790	n/a
269.13671875	n/a	1.0	2	137798	n/a
269.154296875	n/a	0.0	1	137807	n/a
269.171875	n/a	1.0	2	137816	n/a
269.1875	n/a	1.0	2	137824	n/a
269.205078125	n/a	0.0	1	137833	n/a
269.220703125	n/a	0.0	1	137841	n/a
269.23828125	n/a	1.0	2	137850	n/a
269.25390625	n/a	1.0	2	137858	n/a
269.271484375	n/a	0.0	1	137867	n/a
269.287109375	n/a	0.0	1	137875	n/a
269.3046875	n/a	1.0	2	137884	n/a
269.3203125	n/a	1.0	2	137892	n/a
269.337890625	n/a	0.0	1	137901	n/a
269.353515625	n/a	1.0	2	137909	n/a
269.37109375	n/a	0.0	1	137918	n/a
269.38671875	n/a	0.0	1	137926	n/a
269.404296875	n/a	1.0	2	137935	n/a
269.421875	n/a	0.0	1	137944	n/a
269.4375	n/a	1.0	2	137952	n/a
269.455078125	n/a	1.0	2	137961	n/a
269.470703125	n/a	0.0	1	137969	n/a
269.48828125	n/a	1.0	2	137978	n/a
269.50390625	n/a	0.0	1	137986	n/a
269.521484375	n/a	1.0	2	137995	n/a
269.537109375	n/a	0.0	1	138003	n/a
269.5546875	n/a	1.0	2	138012	n/a
269.5703125	n/a	0.0	1	138020	n/a
269.587890625	n/a	1.0	2	138029	n/a
269.603515625	n/a	0.0	1	138037	n/a
269.62109375	n/a	0.0	1	138046	n/a
269.63671875	n/a	1.0	2	138054	n/a
269.654296875	n/a	0.0	1	138063	n/a
269.671875	n/a	1.0	2	138072	n/a
269.6875	n/a	0.0	1	138080	n/a
269.705078125	n/a	1.0	2	138089	n/a
269.720703125	n/a	1.0	2	138097	n/a
269.73828125	n/a	0.0	1	138106	n/a
269.75390625	n/a	0.0	1	138114	n/a
269.771484375	n/a	1.0	2	138123	n/a
269.787109375	n/a	0.0	1	138131	n/a
269.8046875	n/a	1.0	2	138140	n/a
269.8203125	n/a	1.0	2	138148	n/a
269.837890625	n/a	0.0	1	138157	n/a
269.853515625	n/a	1.0	2	138165	n/a
269.87109375	n/a	0.0	1	138174	n/a
269.88671875	n/a	1.0	2	138182	n/a
269.904296875	n/a	0.0	1	138191	n/a
269.921875	n/a	0.0	1	138200	n/a
269.9375	n/a	1.0	2	138208	n/a
269.955078125	n/a	1.0	2	138217	n/a
269.970703125	n/a	0.0	1	138225	n/a
269.98828125	n/a	0.0	1	138234	n/a
270.00390625	n/a	1.0	2	138242	n/a
270.021484375	n/a	0.0	1	138251	n/a
270.037109375	n/a	1.0	2	138259	n/a
270.0546875	n/a	1.0	2	138268	n/a
270.0703125	n/a	0.0	1	138276	n/a
270.087890625	n/a	1.0	2	138285	n/a
270.103515625	n/a	0.0	1	138293	n/a
270.12109375	n/a	1.0	2	138302	n/a
270.13671875	n/a	0.0	1	138310	n/a
270.154296875	n/a	1.0	2	138319	n/a
270.171875	n/a	0.0	1	138328	n/a
270.1875	n/a	0.0	1	138336	n/a
270.205078125	n/a	1.0	2	138345	n/a
270.220703125	n/a	1.0	2	138353	n/a
270.23828125	n/a	0.0	1	138362	n/a
270.25390625	n/a	1.0	2	138370	n/a
270.271484375	n/a	0.0	1	138379	n/a
270.287109375	n/a	1.0	2	138387	n/a
270.3046875	n/a	0.0	1	138396	n/a
270.3203125	n/a	1.0	2	138404	n/a
270.337890625	n/a	0.0	1	138413	n/a
270.353515625	n/a	0.0	1	138421	n/a
270.37109375	n/a	1.0	2	138430	n/a
270.38671875	n/a	1.0	2	138438	n/a
270.404296875	n/a	0.0	1	138447	n/a
270.421875	n/a	1.0	2	138456	n/a
270.4375	n/a	0.0	1	138464	n/a
270.455078125	n/a	0.0	1	138473	n/a
270.470703125	n/a	1.0	2	138481	n/a
270.48828125	n/a	0.0	1	138490	n/a
270.50390625	n/a	1.0	2	138498	n/a
270.521484375	n/a	1.0	2	138507	n/a
270.537109375	n/a	0.0	1	138515	n/a
270.5546875	n/a	1.0	2	138524	n/a
270.5703125	n/a	0.0	1	138532	n/a
270.587890625	n/a	0.0	1	138541	n/a
270.603515625	n/a	1.0	2	138549	n/a
270.62109375	n/a	0.0	1	138558	n/a
270.63671875	n/a	1.0	2	138566	n/a
270.654296875	n/a	0.0	1	138575	n/a
270.671875	n/a	1.0	2	138584	n/a
270.6875	n/a	0.0	1	138592	n/a
270.705078125	n/a	1.0	2	138601	n/a
270.720703125	n/a	1.0	2	138609	n/a
270.73828125	n/a	0.0	1	138618	n/a
270.75390625	n/a	0.0	1	138626	n/a
270.771484375	n/a	1.0	2	138635	n/a
270.787109375	n/a	1.0	2	138643	n/a
270.8046875	n/a	0.0	1	138652	n/a
270.8203125	n/a	1.0	2	138660	n/a
270.837890625	n/a	0.0	1	138669	n/a
270.853515625	n/a	0.0	1	138677	n/a
270.87109375	n/a	1.0	2	138686	n/a
270.88671875	n/a	1.0	2	138694	n/a
270.904296875	n/a	0.0	1	138703	n/a
270.921875	n/a	0.0	1	138712	n/a
270.9375	n/a	1.0	2	138720	n/a
270.955078125	n/a	0.0	1	138729	n/a
270.970703125	n/a	1.0	2	138737	n/a
270.98828125	n/a	0.0	1	138746	n/a
271.00390625	n/a	1.0	2	138754	n/a
271.021484375	n/a	1.0	2	138763	n/a
271.037109375	n/a	0.0	1	138771	n/a
271.0546875	n/a	0.0	1	138780	n/a
271.0703125	n/a	1.0	2	138788	n/a
271.087890625	n/a	1.0	2	138797	n/a
271.103515625	n/a	0.0	1	138805	n/a
271.12109375	n/a	0.0	1	138814	n/a
271.13671875	n/a	1.0	2	138822	n/a
271.154296875	n/a	0.0	1	138831	n/a
271.171875	n/a	1.0	2	138840	n/a
271.1875	n/a	0.0	1	138848	n/a
271.205078125	n/a	1.0	2	138857	n/a
271.220703125	n/a	0.0	1	138865	n/a
271.23828125	n/a	1.0	2	138874	n/a
271.25390625	n/a	0.0	1	138882	n/a
271.271484375	n/a	1.0	2	138891	n/a
271.287109375	n/a	1.0	2	138899	n/a
271.3046875	n/a	0.0	1	138908	n/a
271.3203125	n/a	0.0	1	138916	n/a
271.337890625	n/a	1.0	2	138925	n/a
271.353515625	n/a	1.0	2	138933	n/a
271.37109375	n/a	0.0	1	138942	n/a
271.38671875	n/a	0.0	1	138950	n/a
271.404296875	n/a	1.0	2	138959	n/a
271.421875	n/a	1.0	2	138968	n/a
271.4375	n/a	0.0	1	138976	n/a
271.455078125	n/a	1.0	2	138985	n/a
271.470703125	n/a	0.0	1	138993	n/a
271.48828125	n/a	0.0	1	139002	n/a
271.50390625	n/a	1.0	2	139010	n/a
271.521484375	n/a	0.0	1	139019	n/a
271.537109375	n/a	1.0	2	139027	n/a
271.5546875	n/a	1.0	2	139036	n/a
271.5703125	n/a	0.0	1	139044	n/a
271.587890625	n/a	1.0	2	139053	n/a
271.603515625	n/a	0.0	1	139061	n/a
271.62109375	n/a	1.0	2	139070	n/a
271.63671875	n/a	0.0	1	139078	n/a
271.654296875	n/a	1.0	2	139087	n/a
271.671875	n/a	0.0	1	139096	n/a
271.6875	n/a	1.0	2	139104	n/a
271.705078125	n/a	0.0	1	139113	n/a
271.720703125	n/a	0.0	1	139121	n/a
271.73828125	n/a	1.0	2	139130	n/a
271.75390625	n/a	0.0	1	139138	n/a
271.771484375	n/a	1.0	2	139147	n/a
271.787109375	n/a	0.0	1	139155	n/a
271.8046875	n/a	1.0	2	139164	n/a
271.8203125	n/a	1.0	2	139172	n/a
271.837890625	n/a	0.0	1	139181	n/a
271.853515625	n/a	0.0	1	139189	n/a
271.87109375	n/a	1.0	2	139198	n/a
271.88671875	n/a	0.0	1	139206	n/a
271.904296875	n/a	1.0	2	139215	n/a
271.921875	n/a	1.0	2	139224	n/a
271.9375	n/a	0.0	1	139232	n/a
271.955078125	n/a	1.0	2	139241	n/a
271.970703125	n/a	0.0	1	139249	n/a
271.98828125	n/a	1.0	2	139258	n/a
272.00390625	n/a	0.0	1	139266	n/a
272.021484375	n/a	0.0	1	139275	n/a
272.037109375	n/a	1.0	2	139283	n/a
272.0546875	n/a	1.0	2	139292	n/a
272.0703125	n/a	0.0	1	139300	n/a
272.087890625	n/a	0.0	1	139309	n/a
272.103515625	n/a	1.0	2	139317	n/a
272.12109375	n/a	0.0	1	139326	n/a
272.13671875	n/a	1.0	2	139334	n/a
272.154296875	n/a	1.0	2	139343	n/a
272.171875	n/a	0.0	1	139352	n/a
272.1875	n/a	1.0	2	139360	n/a
272.205078125	n/a	0.0	1	139369	n/a
272.220703125	n/a	1.0	2	139377	n/a
272.23828125	n/a	0.0	1	139386	n/a
272.25390625	n/a	1.0	2	139394	n/a
272.271484375	n/a	0.0	1	139403	n/a
272.287109375	n/a	0.0	1	139411	n/a
272.3046875	n/a	1.0	2	139420	n/a
272.3203125	n/a	1.0	2	139428	n/a
272.337890625	n/a	0.0	1	139437	n/a
272.353515625	n/a	1.0	2	139445	n/a
272.37109375	n/a	0.0	1	139454	n/a
272.38671875	n/a	1.0	2	139462	n/a
272.404296875	n/a	0.0	1	139471	n/a
272.421875	n/a	1.0	2	139480	n/a
272.4375	n/a	0.0	1	139488	n/a
272.455078125	n/a	0.0	1	139497	n/a
272.470703125	n/a	1.0	2	139505	n/a
272.48828125	n/a	1.0	2	139514	n/a
272.50390625	n/a	0.0	1	139522	n/a
272.521484375	n/a	1.0	2	139531	n/a
272.537109375	n/a	0.0	1	139539	n/a
272.5546875	n/a	0.0	1	139548	n/a
272.5703125	n/a	1.0	2	139556	n/a
272.587890625	n/a	0.0	1	139565	n/a
272.603515625	n/a	1.0	2	139573	n/a
272.62109375	n/a	1.0	2	139582	n/a
272.63671875	n/a	0.0	1	139590	n/a
273.923828125	n/a	1.0	2	140249	16.0
273.94140625	n/a	0.0	1	140258	n/a
273.95703125	n/a	1.0	2	140266	n/a
273.974609375	n/a	0.0	1	140275	n/a
273.990234375	n/a	0.0	1	140283	n/a
274.0078125	n/a	1.0	2	140292	n/a
274.0234375	n/a	1.0	2	140300	n/a
274.041015625	n/a	0.0	1	140309	n/a
274.056640625	n/a	0.0	1	140317	n/a
274.07421875	n/a	1.0	2	140326	n/a
274.08984375	n/a	0.0	1	140334	n/a
274.107421875	n/a	1.0	2	140343	n/a
274.123046875	n/a	1.0	2	140351	n/a
274.140625	n/a	0.0	1	140360	n/a
274.15625	n/a	1.0	2	140368	n/a
274.173828125	n/a	0.0	1	140377	n/a
274.19140625	n/a	1.0	2	140386	n/a
274.20703125	n/a	0.0	1	140394	n/a
274.224609375	n/a	1.0	2	140403	n/a
274.240234375	n/a	0.0	1	140411	n/a
274.2578125	n/a	0.0	1	140420	n/a
274.2734375	n/a	1.0	2	140428	n/a
274.291015625	n/a	0.0	1	140437	n/a
274.306640625	n/a	1.0	2	140445	n/a
274.32421875	n/a	1.0	2	140454	n/a
274.33984375	n/a	0.0	1	140462	n/a
274.357421875	n/a	1.0	2	140471	n/a
274.373046875	n/a	0.0	1	140479	n/a
274.390625	n/a	0.0	1	140488	n/a
274.40625	n/a	1.0	2	140496	n/a
274.423828125	n/a	0.0	1	140505	n/a
274.44140625	n/a	1.0	2	140514	n/a
274.45703125	n/a	0.0	1	140522	n/a
274.474609375	n/a	1.0	2	140531	n/a
274.490234375	n/a	1.0	2	140539	n/a
274.5078125	n/a	0.0	1	140548	n/a
274.5234375	n/a	0.0	1	140556	n/a
274.541015625	n/a	1.0	2	140565	n/a
274.556640625	n/a	1.0	2	140573	n/a
274.57421875	n/a	0.0	1	140582	n/a
274.58984375	n/a	0.0	1	140590	n/a
274.607421875	n/a	1.0	2	140599	n/a
274.623046875	n/a	0.0	1	140607	n/a
274.640625	n/a	1.0	2	140616	n/a
274.65625	n/a	0.0	1	140624	n/a
274.673828125	n/a	1.0	2	140633	n/a
274.69140625	n/a	0.0	1	140642	n/a
274.70703125	n/a	1.0	2	140650	n/a
274.724609375	n/a	1.0	2	140659	n/a
274.740234375	n/a	0.0	1	140667	n/a
274.7578125	n/a	1.0	2	140676	n/a
274.7734375	n/a	0.0	1	140684	n/a
274.791015625	n/a	0.0	1	140693	n/a
274.806640625	n/a	1.0	2	140701	n/a
274.82421875	n/a	0.0	1	140710	n/a
274.83984375	n/a	1.0	2	140718	n/a
274.857421875	n/a	0.0	1	140727	n/a
274.873046875	n/a	1.0	2	140735	n/a
274.890625	n/a	0.0	1	140744	n/a
274.90625	n/a	1.0	2	140752	n/a
274.923828125	n/a	1.0	2	140761	n/a
274.94140625	n/a	0.0	1	140770	n/a
274.95703125	n/a	0.0	1	140778	n/a
274.974609375	n/a	1.0	2	140787	n/a
274.990234375	n/a	1.0	2	140795	n/a
275.0078125	n/a	0.0	1	140804	n/a
275.0234375	n/a	0.0	1	140812	n/a
275.041015625	n/a	1.0	2	140821	n/a
275.056640625	n/a	0.0	1	140829	n/a
275.07421875	n/a	1.0	2	140838	n/a
275.08984375	n/a	1.0	2	140846	n/a
275.107421875	n/a	0.0	1	140855	n/a
275.123046875	n/a	1.0	2	140863	n/a
275.140625	n/a	0.0	1	140872	n/a
275.15625	n/a	0.0	1	140880	n/a
275.173828125	n/a	1.0	2	140889	n/a
275.19140625	n/a	1.0	2	140898	n/a
275.20703125	n/a	0.0	1	140906	n/a
275.224609375	n/a	1.0	2	140915	n/a
275.240234375	n/a	0.0	1	140923	n/a
275.2578125	n/a	0.0	1	140932	n/a
275.2734375	n/a	1.0	2	140940	n/a
275.291015625	n/a	0.0	1	140949	n/a
275.306640625	n/a	1.0	2	140957	n/a
275.32421875	n/a	1.0	2	140966	n/a
275.33984375	n/a	0.0	1	140974	n/a
275.357421875	n/a	1.0	2	140983	n/a
275.373046875	n/a	0.0	1	140991	n/a
275.390625	n/a	0.0	1	141000	n/a
275.40625	n/a	1.0	2	141008	n/a
275.423828125	n/a	0.0	1	141017	n/a
275.44140625	n/a	1.0	2	141026	n/a
275.45703125	n/a	1.0	2	141034	n/a
275.474609375	n/a	0.0	1	141043	n/a
275.490234375	n/a	0.0	1	141051	n/a
275.5078125	n/a	1.0	2	141060	n/a
275.5234375	n/a	1.0	2	141068	n/a
275.541015625	n/a	0.0	1	141077	n/a
275.556640625	n/a	1.0	2	141085	n/a
275.57421875	n/a	0.0	1	141094	n/a
275.58984375	n/a	1.0	2	141102	n/a
275.607421875	n/a	0.0	1	141111	n/a
275.623046875	n/a	0.0	1	141119	n/a
275.640625	n/a	1.0	2	141128	n/a
275.65625	n/a	0.0	1	141136	n/a
275.673828125	n/a	1.0	2	141145	n/a
275.69140625	n/a	1.0	2	141154	n/a
275.70703125	n/a	0.0	1	141162	n/a
275.724609375	n/a	1.0	2	141171	n/a
275.740234375	n/a	0.0	1	141179	n/a
275.7578125	n/a	1.0	2	141188	n/a
275.7734375	n/a	0.0	1	141196	n/a
275.791015625	n/a	1.0	2	141205	n/a
275.806640625	n/a	0.0	1	141213	n/a
275.82421875	n/a	1.0	2	141222	n/a
275.83984375	n/a	0.0	1	141230	n/a
275.857421875	n/a	0.0	1	141239	n/a
275.873046875	n/a	1.0	2	141247	n/a
275.890625	n/a	0.0	1	141256	n/a
275.90625	n/a	1.0	2	141264	n/a
275.923828125	n/a	1.0	2	141273	n/a
275.94140625	n/a	0.0	1	141282	n/a
275.95703125	n/a	1.0	2	141290	n/a
275.974609375	n/a	0.0	1	141299	n/a
275.990234375	n/a	0.0	1	141307	n/a
276.0078125	n/a	1.0	2	141316	n/a
276.0234375	n/a	1.0	2	141324	n/a
276.041015625	n/a	0.0	1	141333	n/a
276.056640625	n/a	1.0	2	141341	n/a
276.07421875	n/a	0.0	1	141350	n/a
276.08984375	n/a	0.0	1	141358	n/a
276.107421875	n/a	1.0	2	141367	n/a
276.123046875	n/a	1.0	2	141375	n/a
276.140625	n/a	0.0	1	141384	n/a
276.15625	n/a	0.0	1	141392	n/a
276.173828125	n/a	1.0	2	141401	n/a
276.19140625	n/a	0.0	1	141410	n/a
276.20703125	n/a	1.0	2	141418	n/a
276.224609375	n/a	1.0	2	141427	n/a
276.240234375	n/a	0.0	1	141435	n/a
276.2578125	n/a	1.0	2	141444	n/a
276.2734375	n/a	0.0	1	141452	n/a
276.291015625	n/a	1.0	2	141461	n/a
276.306640625	n/a	0.0	1	141469	n/a
276.32421875	n/a	1.0	2	141478	n/a
276.33984375	n/a	0.0	1	141486	n/a
276.357421875	n/a	0.0	1	141495	n/a
276.373046875	n/a	1.0	2	141503	n/a
276.390625	n/a	0.0	1	141512	n/a
276.40625	n/a	1.0	2	141520	n/a
276.423828125	n/a	1.0	2	141529	n/a
276.44140625	n/a	0.0	1	141538	n/a
276.45703125	n/a	1.0	2	141546	n/a
276.474609375	n/a	0.0	1	141555	n/a
276.490234375	n/a	0.0	1	141563	n/a
276.5078125	n/a	1.0	2	141572	n/a
276.5234375	n/a	0.0	1	141580	n/a
276.541015625	n/a	1.0	2	141589	n/a
276.556640625	n/a	0.0	1	141597	n/a
276.57421875	n/a	1.0	2	141606	n/a
276.58984375	n/a	1.0	2	141614	n/a
276.607421875	n/a	0.0	1	141623	n/a
276.623046875	n/a	0.0	1	141631	n/a
276.640625	n/a	1.0	2	141640	n/a
276.65625	n/a	1.0	2	141648	n/a
276.673828125	n/a	0.0	1	141657	n/a
276.69140625	n/a	0.0	1	141666	n/a
276.70703125	n/a	1.0	2	141674	n/a
276.724609375	n/a	0.0	1	141683	n/a
276.740234375	n/a	1.0	2	141691	n/a
276.7578125	n/a	0.0	1	141700	n/a
276.7734375	n/a	1.0	2	141708	n/a
276.791015625	n/a	0.0	1	141717	n/a
276.806640625	n/a	1.0	2	141725	n/a
276.82421875	n/a	1.0	2	141734	n/a
276.83984375	n/a	0.0	1	141742	n/a
276.857421875	n/a	1.0	2	141751	n/a
276.873046875	n/a	0.0	1	141759	n/a
276.890625	n/a	0.0	1	141768	n/a
276.90625	n/a	1.0	2	141776	n/a
276.923828125	n/a	0.0	1	141785	n/a
276.94140625	n/a	1.0	2	141794	n/a
276.95703125	n/a	0.0	1	141802	n/a
276.974609375	n/a	1.0	2	141811	n/a
276.990234375	n/a	0.0	1	141819	n/a
277.0078125	n/a	1.0	2	141828	n/a
277.0234375	n/a	1.0	2	141836	n/a
277.041015625	n/a	0.0	1	141845	n/a
277.056640625	n/a	0.0	1	141853	n/a
277.07421875	n/a	1.0	2	141862	n/a
277.08984375	n/a	1.0	2	141870	n/a
277.107421875	n/a	0.0	1	141879	n/a
277.123046875	n/a	0.0	1	141887	n/a
277.140625	n/a	1.0	2	141896	n/a
277.15625	n/a	0.0	1	141904	n/a
277.173828125	n/a	1.0	2	141913	n/a
277.19140625	n/a	1.0	2	141922	n/a
277.20703125	n/a	0.0	1	141930	n/a
277.224609375	n/a	1.0	2	141939	n/a
277.240234375	n/a	0.0	1	141947	n/a
277.2578125	n/a	0.0	1	141956	n/a
277.2734375	n/a	1.0	2	141964	n/a
277.291015625	n/a	1.0	2	141973	n/a
277.306640625	n/a	0.0	1	141981	n/a
277.32421875	n/a	1.0	2	141990	n/a
277.33984375	n/a	0.0	1	141998	n/a
277.357421875	n/a	0.0	1	142007	n/a
277.373046875	n/a	1.0	2	142015	n/a
277.390625	n/a	0.0	1	142024	n/a
277.40625	n/a	1.0	2	142032	n/a
277.423828125	n/a	1.0	2	142041	n/a
277.44140625	n/a	0.0	1	142050	n/a
277.45703125	n/a	1.0	2	142058	n/a
277.474609375	n/a	0.0	1	142067	n/a
277.490234375	n/a	0.0	1	142075	n/a
277.5078125	n/a	1.0	2	142084	n/a
277.5234375	n/a	0.0	1	142092	n/a
277.541015625	n/a	1.0	2	142101	n/a
277.556640625	n/a	1.0	2	142109	n/a
277.57421875	n/a	0.0	1	142118	n/a
277.58984375	n/a	0.0	1	142126	n/a
277.607421875	n/a	1.0	2	142135	n/a
277.623046875	n/a	1.0	2	142143	n/a
277.640625	n/a	0.0	1	142152	n/a
277.65625	n/a	1.0	2	142160	n/a
277.673828125	n/a	0.0	1	142169	n/a
277.69140625	n/a	1.0	2	142178	n/a
277.70703125	n/a	0.0	1	142186	n/a
277.724609375	n/a	0.0	1	142195	n/a
277.740234375	n/a	1.0	2	142203	n/a
277.7578125	n/a	0.0	1	142212	n/a
277.7734375	n/a	1.0	2	142220	n/a
277.791015625	n/a	1.0	2	142229	n/a
277.806640625	n/a	0.0	1	142237	n/a
277.82421875	n/a	1.0	2	142246	n/a
277.83984375	n/a	0.0	1	142254	n/a
277.857421875	n/a	1.0	2	142263	n/a
277.873046875	n/a	0.0	1	142271	n/a
277.890625	n/a	1.0	2	142280	n/a
277.90625	n/a	0.0	1	142288	n/a
277.923828125	n/a	1.0	2	142297	n/a
277.94140625	n/a	0.0	1	142306	n/a
277.95703125	n/a	0.0	1	142314	n/a
277.974609375	n/a	1.0	2	142323	n/a
277.990234375	n/a	0.0	1	142331	n/a
278.0078125	n/a	1.0	2	142340	n/a
278.0234375	n/a	1.0	2	142348	n/a
278.041015625	n/a	0.0	1	142357	n/a
278.056640625	n/a	1.0	2	142365	n/a
278.07421875	n/a	0.0	1	142374	n/a
278.08984375	n/a	0.0	1	142382	n/a
278.107421875	n/a	1.0	2	142391	n/a
278.123046875	n/a	1.0	2	142399	n/a
278.140625	n/a	0.0	1	142408	n/a
278.15625	n/a	1.0	2	142416	n/a
278.173828125	n/a	0.0	1	142425	n/a
278.19140625	n/a	0.0	1	142434	n/a
278.20703125	n/a	1.0	2	142442	n/a
278.224609375	n/a	1.0	2	142451	n/a
278.240234375	n/a	0.0	1	142459	n/a
278.2578125	n/a	0.0	1	142468	n/a
278.2734375	n/a	1.0	2	142476	n/a
278.291015625	n/a	0.0	1	142485	n/a
278.306640625	n/a	1.0	2	142493	n/a
278.32421875	n/a	1.0	2	142502	n/a
278.33984375	n/a	0.0	1	142510	n/a
278.357421875	n/a	1.0	2	142519	n/a
278.373046875	n/a	0.0	1	142527	n/a
278.390625	n/a	1.0	2	142536	n/a
278.40625	n/a	0.0	1	142544	n/a
278.423828125	n/a	1.0	2	142553	n/a
278.44140625	n/a	0.0	1	142562	n/a
278.45703125	n/a	0.0	1	142570	n/a
278.474609375	n/a	1.0	2	142579	n/a
278.490234375	n/a	0.0	1	142587	n/a
278.5078125	n/a	1.0	2	142596	n/a
278.5234375	n/a	1.0	2	142604	n/a
278.541015625	n/a	0.0	1	142613	n/a
278.556640625	n/a	1.0	2	142621	n/a
278.57421875	n/a	0.0	1	142630	n/a
278.58984375	n/a	0.0	1	142638	n/a
278.607421875	n/a	1.0	2	142647	n/a
278.623046875	n/a	0.0	1	142655	n/a
278.640625	n/a	1.0	2	142664	n/a
278.65625	n/a	0.0	1	142672	n/a
278.673828125	n/a	1.0	2	142681	n/a
278.69140625	n/a	1.0	2	142690	n/a
278.70703125	n/a	0.0	1	142698	n/a
278.724609375	n/a	0.0	1	142707	n/a
278.740234375	n/a	1.0	2	142715	n/a
278.7578125	n/a	1.0	2	142724	n/a
278.7734375	n/a	0.0	1	142732	n/a
278.791015625	n/a	0.0	1	142741	n/a
278.806640625	n/a	1.0	2	142749	n/a
278.82421875	n/a	0.0	1	142758	n/a
278.83984375	n/a	1.0	2	142766	n/a
278.857421875	n/a	0.0	1	142775	n/a
278.873046875	n/a	1.0	2	142783	n/a
278.890625	n/a	0.0	1	142792	n/a
278.90625	n/a	1.0	2	142800	n/a
278.923828125	n/a	1.0	2	142809	n/a
278.94140625	n/a	0.0	1	142818	n/a
278.95703125	n/a	1.0	2	142826	n/a
278.974609375	n/a	0.0	1	142835	n/a
278.990234375	n/a	0.0	1	142843	n/a
279.0078125	n/a	1.0	2	142852	n/a
279.0234375	n/a	0.0	1	142860	n/a
279.041015625	n/a	1.0	2	142869	n/a
279.056640625	n/a	0.0	1	142877	n/a
279.07421875	n/a	1.0	2	142886	n/a
279.08984375	n/a	0.0	1	142894	n/a
279.107421875	n/a	1.0	2	142903	n/a
279.123046875	n/a	1.0	2	142911	n/a
279.140625	n/a	0.0	1	142920	n/a
279.15625	n/a	0.0	1	142928	n/a
279.173828125	n/a	1.0	2	142937	n/a
279.19140625	n/a	1.0	2	142946	n/a
279.20703125	n/a	0.0	1	142954	n/a
279.224609375	n/a	0.0	1	142963	n/a
279.240234375	n/a	1.0	2	142971	n/a
279.2578125	n/a	0.0	1	142980	n/a
279.2734375	n/a	1.0	2	142988	n/a
279.291015625	n/a	1.0	2	142997	n/a
279.306640625	n/a	0.0	1	143005	n/a
279.32421875	n/a	1.0	2	143014	n/a
279.33984375	n/a	0.0	1	143022	n/a
279.357421875	n/a	0.0	1	143031	n/a
279.373046875	n/a	1.0	2	143039	n/a
279.390625	n/a	1.0	2	143048	n/a
279.40625	n/a	0.0	1	143056	n/a
279.423828125	n/a	1.0	2	143065	n/a
279.44140625	n/a	0.0	1	143074	n/a
279.45703125	n/a	0.0	1	143082	n/a
279.474609375	n/a	1.0	2	143091	n/a
279.490234375	n/a	0.0	1	143099	n/a
279.5078125	n/a	1.0	2	143108	n/a
279.5234375	n/a	1.0	2	143116	n/a
279.541015625	n/a	0.0	1	143125	n/a
279.556640625	n/a	1.0	2	143133	n/a
279.57421875	n/a	0.0	1	143142	n/a
279.58984375	n/a	0.0	1	143150	n/a
279.607421875	n/a	1.0	2	143159	n/a
279.623046875	n/a	0.0	1	143167	n/a
279.640625	n/a	1.0	2	143176	n/a
279.65625	n/a	1.0	2	143184	n/a
279.673828125	n/a	0.0	1	143193	n/a
279.69140625	n/a	0.0	1	143202	n/a
279.70703125	n/a	1.0	2	143210	n/a
279.724609375	n/a	1.0	2	143219	n/a
279.740234375	n/a	0.0	1	143227	n/a
279.7578125	n/a	1.0	2	143236	n/a
279.7734375	n/a	0.0	1	143244	n/a
279.791015625	n/a	1.0	2	143253	n/a
279.806640625	n/a	0.0	1	143261	n/a
279.82421875	n/a	0.0	1	143270	n/a
279.83984375	n/a	1.0	2	143278	n/a
279.857421875	n/a	0.0	1	143287	n/a
279.873046875	n/a	1.0	2	143295	n/a
279.890625	n/a	1.0	2	143304	n/a
279.90625	n/a	0.0	1	143312	n/a
279.923828125	n/a	1.0	2	143321	n/a
279.94140625	n/a	0.0	1	143330	n/a
279.95703125	n/a	1.0	2	143338	n/a
279.974609375	n/a	0.0	1	143347	n/a
279.990234375	n/a	1.0	2	143355	n/a
280.0078125	n/a	0.0	1	143364	n/a
280.0234375	n/a	1.0	2	143372	n/a
280.041015625	n/a	0.0	1	143381	n/a
280.056640625	n/a	0.0	1	143389	n/a
280.07421875	n/a	1.0	2	143398	n/a
280.08984375	n/a	0.0	1	143406	n/a
280.107421875	n/a	1.0	2	143415	n/a
280.123046875	n/a	1.0	2	143423	n/a
280.140625	n/a	0.0	1	143432	n/a
280.15625	n/a	1.0	2	143440	n/a
280.173828125	n/a	0.0	1	143449	n/a
280.19140625	n/a	0.0	1	143458	n/a
280.20703125	n/a	1.0	2	143466	n/a
280.224609375	n/a	1.0	2	143475	n/a
280.240234375	n/a	0.0	1	143483	n/a
280.2578125	n/a	1.0	2	143492	n/a
280.2734375	n/a	0.0	1	143500	n/a
280.291015625	n/a	0.0	1	143509	n/a
280.306640625	n/a	1.0	2	143517	n/a
280.32421875	n/a	1.0	2	143526	n/a
280.33984375	n/a	0.0	1	143534	n/a
280.357421875	n/a	0.0	1	143543	n/a
280.373046875	n/a	1.0	2	143551	n/a
280.390625	n/a	0.0	1	143560	n/a
280.40625	n/a	1.0	2	143568	n/a
280.423828125	n/a	1.0	2	143577	n/a
280.44140625	n/a	0.0	1	143586	n/a
280.45703125	n/a	1.0	2	143594	n/a
280.474609375	n/a	0.0	1	143603	n/a
280.490234375	n/a	1.0	2	143611	n/a
280.5078125	n/a	0.0	1	143620	n/a
280.5234375	n/a	1.0	2	143628	n/a
280.541015625	n/a	0.0	1	143637	n/a
280.556640625	n/a	0.0	1	143645	n/a
280.57421875	n/a	1.0	2	143654	n/a
280.58984375	n/a	0.0	1	143662	n/a
280.607421875	n/a	1.0	2	143671	n/a
280.623046875	n/a	1.0	2	143679	n/a
280.640625	n/a	0.0	1	143688	n/a
280.65625	n/a	1.0	2	143696	n/a
280.673828125	n/a	0.0	1	143705	n/a
280.69140625	n/a	0.0	1	143714	n/a
280.70703125	n/a	1.0	2	143722	n/a
280.724609375	n/a	0.0	1	143731	n/a
280.740234375	n/a	1.0	2	143739	n/a
280.7578125	n/a	0.0	1	143748	n/a
280.7734375	n/a	1.0	2	143756	n/a
280.791015625	n/a	1.0	2	143765	n/a
280.806640625	n/a	0.0	1	143773	n/a
280.82421875	n/a	0.0	1	143782	n/a
280.83984375	n/a	1.0	2	143790	n/a
280.857421875	n/a	1.0	2	143799	n/a
280.873046875	n/a	0.0	1	143807	n/a
280.890625	n/a	0.0	1	143816	n/a
280.90625	n/a	1.0	2	143824	n/a
280.923828125	n/a	0.0	1	143833	n/a
280.94140625	n/a	1.0	2	143842	n/a
280.95703125	n/a	0.0	1	143850	n/a
280.974609375	n/a	1.0	2	143859	n/a
280.990234375	n/a	0.0	1	143867	n/a
281.0078125	n/a	1.0	2	143876	n/a
281.0234375	n/a	1.0	2	143884	n/a
281.041015625	n/a	0.0	1	143893	n/a
281.056640625	n/a	1.0	2	143901	n/a
281.07421875	n/a	0.0	1	143910	n/a
281.08984375	n/a	0.0	1	143918	n/a
281.107421875	n/a	1.0	2	143927	n/a
281.123046875	n/a	0.0	1	143935	n/a
281.140625	n/a	1.0	2	143944	n/a
281.15625	n/a	0.0	1	143952	n/a
281.173828125	n/a	1.0	2	143961	n/a
281.19140625	n/a	0.0	1	143970	n/a
281.20703125	n/a	1.0	2	143978	n/a
281.224609375	n/a	1.0	2	143987	n/a
281.240234375	n/a	0.0	1	143995	n/a
281.2578125	n/a	0.0	1	144004	n/a
281.2734375	n/a	1.0	2	144012	n/a
281.291015625	n/a	1.0	2	144021	n/a
281.306640625	n/a	0.0	1	144029	n/a
281.32421875	n/a	0.0	1	144038	n/a
281.33984375	n/a	1.0	2	144046	n/a
281.357421875	n/a	0.0	1	144055	n/a
281.373046875	n/a	1.0	2	144063	n/a
281.390625	n/a	1.0	2	144072	n/a
281.40625	n/a	0.0	1	144080	n/a
281.423828125	n/a	1.0	2	144089	n/a
281.44140625	n/a	0.0	1	144098	n/a
281.45703125	n/a	0.0	1	144106	n/a
281.474609375	n/a	1.0	2	144115	n/a
281.490234375	n/a	1.0	2	144123	n/a
281.5078125	n/a	0.0	1	144132	n/a
281.5234375	n/a	1.0	2	144140	n/a
281.541015625	n/a	0.0	1	144149	n/a
281.556640625	n/a	0.0	1	144157	n/a
281.57421875	n/a	1.0	2	144166	n/a
281.58984375	n/a	0.0	1	144174	n/a
281.607421875	n/a	1.0	2	144183	n/a
281.623046875	n/a	1.0	2	144191	n/a
281.640625	n/a	0.0	1	144200	n/a
281.65625	n/a	1.0	2	144208	n/a
281.673828125	n/a	0.0	1	144217	n/a
281.69140625	n/a	0.0	1	144226	n/a
281.70703125	n/a	1.0	2	144234	n/a
281.724609375	n/a	0.0	1	144243	n/a
281.740234375	n/a	1.0	2	144251	n/a
281.7578125	n/a	1.0	2	144260	n/a
281.7734375	n/a	0.0	1	144268	n/a
281.791015625	n/a	0.0	1	144277	n/a
281.806640625	n/a	1.0	2	144285	n/a
281.82421875	n/a	1.0	2	144294	n/a
281.83984375	n/a	0.0	1	144302	n/a
281.857421875	n/a	1.0	2	144311	n/a
281.873046875	n/a	0.0	1	144319	n/a
281.890625	n/a	1.0	2	144328	n/a
281.90625	n/a	0.0	1	144336	n/a
281.923828125	n/a	0.0	1	144345	n/a
281.94140625	n/a	1.0	2	144354	n/a
281.95703125	n/a	0.0	1	144362	n/a
281.974609375	n/a	1.0	2	144371	n/a
281.990234375	n/a	1.0	2	144379	n/a
282.0078125	n/a	0.0	1	144388	n/a
282.0234375	n/a	1.0	2	144396	n/a
282.041015625	n/a	0.0	1	144405	n/a
282.056640625	n/a	1.0	2	144413	n/a
282.07421875	n/a	0.0	1	144422	n/a
282.08984375	n/a	1.0	2	144430	n/a
282.107421875	n/a	0.0	1	144439	n/a
282.123046875	n/a	1.0	2	144447	n/a
282.140625	n/a	0.0	1	144456	n/a
282.15625	n/a	0.0	1	144464	n/a
282.173828125	n/a	1.0	2	144473	n/a
282.19140625	n/a	0.0	1	144482	n/a
282.20703125	n/a	1.0	2	144490	n/a
282.224609375	n/a	1.0	2	144499	n/a
282.240234375	n/a	0.0	1	144507	n/a
282.2578125	n/a	1.0	2	144516	n/a
282.2734375	n/a	0.0	1	144524	n/a
282.291015625	n/a	0.0	1	144533	n/a
282.306640625	n/a	1.0	2	144541	n/a
282.32421875	n/a	1.0	2	144550	n/a
282.33984375	n/a	0.0	1	144558	n/a
282.357421875	n/a	1.0	2	144567	n/a
282.373046875	n/a	0.0	1	144575	n/a
282.390625	n/a	0.0	1	144584	n/a
282.40625	n/a	1.0	2	144592	n/a
282.423828125	n/a	1.0	2	144601	n/a
282.44140625	n/a	0.0	1	144610	n/a
282.45703125	n/a	0.0	1	144618	n/a
282.474609375	n/a	1.0	2	144627	n/a
282.490234375	n/a	0.0	1	144635	n/a
282.5078125	n/a	1.0	2	144644	n/a
282.5234375	n/a	1.0	2	144652	n/a
282.541015625	n/a	0.0	1	144661	n/a
282.556640625	n/a	1.0	2	144669	n/a
282.57421875	n/a	0.0	1	144678	n/a
282.58984375	n/a	1.0	2	144686	n/a
282.607421875	n/a	0.0	1	144695	n/a
282.623046875	n/a	1.0	2	144703	n/a
282.640625	n/a	0.0	1	144712	n/a
282.65625	n/a	0.0	1	144720	n/a
282.673828125	n/a	1.0	2	144729	n/a
282.69140625	n/a	0.0	1	144738	n/a
282.70703125	n/a	1.0	2	144746	n/a
282.724609375	n/a	1.0	2	144755	n/a
282.740234375	n/a	0.0	1	144763	n/a
282.7578125	n/a	1.0	2	144772	n/a
282.7734375	n/a	0.0	1	144780	n/a
282.791015625	n/a	0.0	1	144789	n/a
282.806640625	n/a	1.0	2	144797	n/a
282.82421875	n/a	0.0	1	144806	n/a
282.83984375	n/a	1.0	2	144814	n/a
282.857421875	n/a	0.0	1	144823	n/a
282.873046875	n/a	1.0	2	144831	n/a
282.890625	n/a	1.0	2	144840	n/a
282.90625	n/a	0.0	1	144848	n/a
282.923828125	n/a	0.0	1	144857	n/a
282.94140625	n/a	1.0	2	144866	n/a
282.95703125	n/a	1.0	2	144874	n/a
282.974609375	n/a	0.0	1	144883	n/a
282.990234375	n/a	0.0	1	144891	n/a
283.0078125	n/a	1.0	2	144900	n/a
283.0234375	n/a	0.0	1	144908	n/a
283.041015625	n/a	1.0	2	144917	n/a
283.056640625	n/a	0.0	1	144925	n/a
283.07421875	n/a	1.0	2	144934	n/a
283.08984375	n/a	0.0	1	144942	n/a
283.107421875	n/a	1.0	2	144951	n/a
283.123046875	n/a	1.0	2	144959	n/a
283.140625	n/a	0.0	1	144968	n/a
283.15625	n/a	1.0	2	144976	n/a
283.173828125	n/a	0.0	1	144985	n/a
283.19140625	n/a	0.0	1	144994	n/a
283.20703125	n/a	1.0	2	145002	n/a
283.224609375	n/a	0.0	1	145011	n/a
283.240234375	n/a	1.0	2	145019	n/a
283.2578125	n/a	0.0	1	145028	n/a
283.2734375	n/a	1.0	2	145036	n/a
283.291015625	n/a	0.0	1	145045	n/a
283.306640625	n/a	1.0	2	145053	n/a
283.32421875	n/a	1.0	2	145062	n/a
283.33984375	n/a	0.0	1	145070	n/a
283.357421875	n/a	0.0	1	145079	n/a
283.373046875	n/a	1.0	2	145087	n/a
283.390625	n/a	1.0	2	145096	n/a
283.40625	n/a	0.0	1	145104	n/a
283.423828125	n/a	0.0	1	145113	n/a
283.44140625	n/a	1.0	2	145122	n/a
283.45703125	n/a	0.0	1	145130	n/a
283.474609375	n/a	1.0	2	145139	n/a
283.490234375	n/a	1.0	2	145147	n/a
283.5078125	n/a	0.0	1	145156	n/a
283.5234375	n/a	1.0	2	145164	n/a
283.541015625	n/a	0.0	1	145173	n/a
283.556640625	n/a	0.0	1	145181	n/a
283.57421875	n/a	1.0	2	145190	n/a
283.58984375	n/a	1.0	2	145198	n/a
283.607421875	n/a	0.0	1	145207	n/a
283.623046875	n/a	1.0	2	145215	n/a
283.640625	n/a	0.0	1	145224	n/a
283.65625	n/a	0.0	1	145232	n/a
283.673828125	n/a	1.0	2	145241	n/a
283.69140625	n/a	0.0	1	145250	n/a
283.70703125	n/a	1.0	2	145258	n/a
283.724609375	n/a	1.0	2	145267	n/a
283.740234375	n/a	0.0	1	145275	n/a
283.7578125	n/a	1.0	2	145284	n/a
283.7734375	n/a	0.0	1	145292	n/a
283.791015625	n/a	0.0	1	145301	n/a
283.806640625	n/a	1.0	2	145309	n/a
283.82421875	n/a	0.0	1	145318	n/a
283.83984375	n/a	1.0	2	145326	n/a
283.857421875	n/a	1.0	2	145335	n/a
283.873046875	n/a	0.0	1	145343	n/a
283.890625	n/a	0.0	1	145352	n/a
283.90625	n/a	1.0	2	145360	n/a
283.923828125	n/a	1.0	2	145369	n/a
283.94140625	n/a	0.0	1	145378	n/a
283.95703125	n/a	1.0	2	145386	n/a
283.974609375	n/a	0.0	1	145395	n/a
283.990234375	n/a	1.0	2	145403	n/a
284.0078125	n/a	0.0	1	145412	n/a
284.0234375	n/a	0.0	1	145420	n/a
284.041015625	n/a	1.0	2	145429	n/a
284.056640625	n/a	0.0	1	145437	n/a
284.07421875	n/a	1.0	2	145446	n/a
284.08984375	n/a	1.0	2	145454	n/a
284.107421875	n/a	0.0	1	145463	n/a
284.123046875	n/a	1.0	2	145471	n/a
284.140625	n/a	0.0	1	145480	n/a
284.15625	n/a	1.0	2	145488	n/a
284.173828125	n/a	0.0	1	145497	n/a
284.19140625	n/a	1.0	2	145506	n/a
284.20703125	n/a	0.0	1	145514	n/a
284.224609375	n/a	1.0	2	145523	n/a
284.240234375	n/a	0.0	1	145531	n/a
284.2578125	n/a	0.0	1	145540	n/a
284.2734375	n/a	1.0	2	145548	n/a
284.291015625	n/a	0.0	1	145557	n/a
284.306640625	n/a	1.0	2	145565	n/a
284.32421875	n/a	1.0	2	145574	n/a
284.33984375	n/a	0.0	1	145582	n/a
284.357421875	n/a	1.0	2	145591	n/a
284.373046875	n/a	0.0	1	145599	n/a
284.390625	n/a	0.0	1	145608	n/a
284.40625	n/a	1.0	2	145616	n/a
284.423828125	n/a	1.0	2	145625	n/a
284.44140625	n/a	0.0	1	145634	n/a
284.45703125	n/a	1.0	2	145642	n/a
284.474609375	n/a	0.0	1	145651	n/a
284.490234375	n/a	0.0	1	145659	n/a
284.5078125	n/a	1.0	2	145668	n/a
284.5234375	n/a	1.0	2	145676	n/a
284.541015625	n/a	0.0	1	145685	n/a
284.556640625	n/a	0.0	1	145693	n/a
284.57421875	n/a	1.0	2	145702	n/a
284.58984375	n/a	0.0	1	145710	n/a
284.607421875	n/a	1.0	2	145719	n/a
284.623046875	n/a	1.0	2	145727	n/a
284.640625	n/a	0.0	1	145736	n/a
284.65625	n/a	1.0	2	145744	n/a
284.673828125	n/a	0.0	1	145753	n/a
284.69140625	n/a	1.0	2	145762	n/a
284.70703125	n/a	0.0	1	145770	n/a
284.724609375	n/a	1.0	2	145779	n/a
284.740234375	n/a	0.0	1	145787	n/a
284.7578125	n/a	0.0	1	145796	n/a
284.7734375	n/a	1.0	2	145804	n/a
284.791015625	n/a	0.0	1	145813	n/a
284.806640625	n/a	1.0	2	145821	n/a
284.82421875	n/a	1.0	2	145830	n/a
284.83984375	n/a	0.0	1	145838	n/a
284.857421875	n/a	1.0	2	145847	n/a
284.873046875	n/a	0.0	1	145855	n/a
284.890625	n/a	0.0	1	145864	n/a
284.90625	n/a	1.0	2	145872	n/a
284.923828125	n/a	0.0	1	145881	n/a
284.94140625	n/a	1.0	2	145890	n/a
284.95703125	n/a	0.0	1	145898	n/a
284.974609375	n/a	1.0	2	145907	n/a
284.990234375	n/a	1.0	2	145915	n/a
285.0078125	n/a	0.0	1	145924	n/a
285.0234375	n/a	0.0	1	145932	n/a
285.041015625	n/a	1.0	2	145941	n/a
285.056640625	n/a	1.0	2	145949	n/a
285.07421875	n/a	0.0	1	145958	n/a
285.08984375	n/a	0.0	1	145966	n/a
285.107421875	n/a	1.0	2	145975	n/a
285.123046875	n/a	0.0	1	145983	n/a
285.140625	n/a	1.0	2	145992	n/a
285.15625	n/a	0.0	1	146000	n/a
285.173828125	n/a	1.0	2	146009	n/a
285.19140625	n/a	0.0	1	146018	n/a
285.20703125	n/a	1.0	2	146026	n/a
285.224609375	n/a	1.0	2	146035	n/a
285.240234375	n/a	0.0	1	146043	n/a
285.2578125	n/a	1.0	2	146052	n/a
285.2734375	n/a	0.0	1	146060	n/a
285.291015625	n/a	0.0	1	146069	n/a
285.306640625	n/a	1.0	2	146077	n/a
285.32421875	n/a	0.0	1	146086	n/a
285.33984375	n/a	1.0	2	146094	n/a
285.357421875	n/a	0.0	1	146103	n/a
285.373046875	n/a	1.0	2	146111	n/a
285.390625	n/a	0.0	1	146120	n/a
285.40625	n/a	1.0	2	146128	n/a
285.423828125	n/a	1.0	2	146137	n/a
285.44140625	n/a	0.0	1	146146	n/a
285.45703125	n/a	0.0	1	146154	n/a
285.474609375	n/a	1.0	2	146163	n/a
285.490234375	n/a	1.0	2	146171	n/a
285.5078125	n/a	0.0	1	146180	n/a
285.5234375	n/a	0.0	1	146188	n/a
285.541015625	n/a	1.0	2	146197	n/a
285.556640625	n/a	0.0	1	146205	n/a
285.57421875	n/a	1.0	2	146214	n/a
285.58984375	n/a	1.0	2	146222	n/a
285.607421875	n/a	0.0	1	146231	n/a
285.623046875	n/a	1.0	2	146239	n/a
285.640625	n/a	0.0	1	146248	n/a
285.65625	n/a	0.0	1	146256	n/a
285.673828125	n/a	1.0	2	146265	n/a
285.69140625	n/a	1.0	2	146274	n/a
285.70703125	n/a	0.0	1	146282	n/a
285.724609375	n/a	1.0	2	146291	n/a
285.740234375	n/a	0.0	1	146299	n/a
285.7578125	n/a	0.0	1	146308	n/a
285.7734375	n/a	1.0	2	146316	n/a
285.791015625	n/a	0.0	1	146325	n/a
285.806640625	n/a	1.0	2	146333	n/a
285.82421875	n/a	1.0	2	146342	n/a
285.83984375	n/a	0.0	1	146350	n/a
285.857421875	n/a	1.0	2	146359	n/a
285.873046875	n/a	0.0	1	146367	n/a
285.890625	n/a	0.0	1	146376	n/a
285.90625	n/a	1.0	2	146384	n/a
285.923828125	n/a	0.0	1	146393	n/a
285.94140625	n/a	1.0	2	146402	n/a
285.95703125	n/a	1.0	2	146410	n/a
285.974609375	n/a	0.0	1	146419	n/a
285.990234375	n/a	0.0	1	146427	n/a
286.0078125	n/a	1.0	2	146436	n/a
286.0234375	n/a	1.0	2	146444	n/a
286.041015625	n/a	0.0	1	146453	n/a
286.056640625	n/a	1.0	2	146461	n/a
286.07421875	n/a	0.0	1	146470	n/a
286.08984375	n/a	1.0	2	146478	n/a
286.107421875	n/a	0.0	1	146487	n/a
286.123046875	n/a	0.0	1	146495	n/a
286.140625	n/a	1.0	2	146504	n/a
286.15625	n/a	0.0	1	146512	n/a
286.173828125	n/a	1.0	2	146521	n/a
286.19140625	n/a	1.0	2	146530	n/a
286.20703125	n/a	0.0	1	146538	n/a
286.224609375	n/a	1.0	2	146547	n/a
286.240234375	n/a	0.0	1	146555	n/a
286.2578125	n/a	1.0	2	146564	n/a
286.2734375	n/a	0.0	1	146572	n/a
286.291015625	n/a	1.0	2	146581	n/a
286.306640625	n/a	0.0	1	146589	n/a
286.32421875	n/a	1.0	2	146598	n/a
286.33984375	n/a	0.0	1	146606	n/a
286.357421875	n/a	0.0	1	146615	n/a
286.373046875	n/a	1.0	2	146623	n/a
286.390625	n/a	0.0	1	146632	n/a
286.40625	n/a	1.0	2	146640	n/a
286.423828125	n/a	1.0	2	146649	n/a
286.44140625	n/a	0.0	1	146658	n/a
286.45703125	n/a	1.0	2	146666	n/a
286.474609375	n/a	0.0	1	146675	n/a
286.490234375	n/a	0.0	1	146683	n/a
286.5078125	n/a	1.0	2	146692	n/a
286.5234375	n/a	1.0	2	146700	n/a
286.541015625	n/a	0.0	1	146709	n/a
286.556640625	n/a	1.0	2	146717	n/a
286.57421875	n/a	0.0	1	146726	n/a
286.58984375	n/a	0.0	1	146734	n/a
286.607421875	n/a	1.0	2	146743	n/a
286.623046875	n/a	1.0	2	146751	n/a
286.640625	n/a	0.0	1	146760	n/a
286.65625	n/a	0.0	1	146768	n/a
286.673828125	n/a	1.0	2	146777	n/a
286.69140625	n/a	0.0	1	146786	n/a
286.70703125	n/a	1.0	2	146794	n/a
286.724609375	n/a	1.0	2	146803	n/a
286.740234375	n/a	0.0	1	146811	n/a
286.7578125	n/a	1.0	2	146820	n/a
286.7734375	n/a	0.0	1	146828	n/a
286.791015625	n/a	1.0	2	146837	n/a
286.806640625	n/a	0.0	1	146845	n/a
286.82421875	n/a	1.0	2	146854	n/a
286.83984375	n/a	0.0	1	146862	n/a
286.857421875	n/a	0.0	1	146871	n/a
286.873046875	n/a	1.0	2	146879	n/a
286.890625	n/a	0.0	1	146888	n/a
286.90625	n/a	1.0	2	146896	n/a
286.923828125	n/a	1.0	2	146905	n/a
286.94140625	n/a	0.0	1	146914	n/a
286.95703125	n/a	1.0	2	146922	n/a
286.974609375	n/a	0.0	1	146931	n/a
286.990234375	n/a	0.0	1	146939	n/a
287.0078125	n/a	1.0	2	146948	n/a
287.0234375	n/a	0.0	1	146956	n/a
287.041015625	n/a	1.0	2	146965	n/a
287.056640625	n/a	0.0	1	146973	n/a
287.07421875	n/a	1.0	2	146982	n/a
287.08984375	n/a	1.0	2	146990	n/a
287.107421875	n/a	0.0	1	146999	n/a
287.123046875	n/a	0.0	1	147007	n/a
287.140625	n/a	1.0	2	147016	n/a
287.15625	n/a	1.0	2	147024	n/a
287.173828125	n/a	0.0	1	147033	n/a
287.19140625	n/a	0.0	1	147042	n/a
287.20703125	n/a	1.0	2	147050	n/a
287.224609375	n/a	0.0	1	147059	n/a
287.240234375	n/a	1.0	2	147067	n/a
287.2578125	n/a	0.0	1	147076	n/a
287.2734375	n/a	1.0	2	147084	n/a
287.291015625	n/a	0.0	1	147093	n/a
287.306640625	n/a	1.0	2	147101	n/a
287.32421875	n/a	1.0	2	147110	n/a
287.33984375	n/a	0.0	1	147118	n/a
287.357421875	n/a	1.0	2	147127	n/a
287.373046875	n/a	0.0	1	147135	n/a
287.390625	n/a	0.0	1	147144	n/a
287.40625	n/a	1.0	2	147152	n/a
287.423828125	n/a	0.0	1	147161	n/a
287.44140625	n/a	1.0	2	147170	n/a
287.45703125	n/a	0.0	1	147178	n/a
287.474609375	n/a	1.0	2	147187	n/a
287.490234375	n/a	0.0	1	147195	n/a
287.5078125	n/a	1.0	2	147204	n/a
287.5234375	n/a	1.0	2	147212	n/a
287.541015625	n/a	0.0	1	147221	n/a
287.556640625	n/a	0.0	1	147229	n/a
287.57421875	n/a	1.0	2	147238	n/a
287.58984375	n/a	1.0	2	147246	n/a
287.607421875	n/a	0.0	1	147255	n/a
287.623046875	n/a	0.0	1	147263	n/a
287.640625	n/a	1.0	2	147272	n/a
287.65625	n/a	0.0	1	147280	n/a
287.673828125	n/a	1.0	2	147289	n/a
287.69140625	n/a	1.0	2	147298	n/a
287.70703125	n/a	0.0	1	147306	n/a
287.724609375	n/a	1.0	2	147315	n/a
287.740234375	n/a	0.0	1	147323	n/a
287.7578125	n/a	0.0	1	147332	n/a
287.7734375	n/a	1.0	2	147340	n/a
287.791015625	n/a	1.0	2	147349	n/a
287.806640625	n/a	0.0	1	147357	n/a
287.82421875	n/a	1.0	2	147366	n/a
287.83984375	n/a	0.0	1	147374	n/a
287.857421875	n/a	0.0	1	147383	n/a
287.873046875	n/a	1.0	2	147391	n/a
287.890625	n/a	0.0	1	147400	n/a
287.90625	n/a	1.0	2	147408	n/a
287.923828125	n/a	1.0	2	147417	n/a
287.94140625	n/a	0.0	1	147426	n/a
287.95703125	n/a	1.0	2	147434	n/a
287.974609375	n/a	0.0	1	147443	n/a
287.990234375	n/a	0.0	1	147451	n/a
288.0078125	n/a	1.0	2	147460	n/a
288.0234375	n/a	0.0	1	147468	n/a
288.041015625	n/a	1.0	2	147477	n/a
288.056640625	n/a	1.0	2	147485	n/a
288.07421875	n/a	0.0	1	147494	n/a
288.08984375	n/a	0.0	1	147502	n/a
288.107421875	n/a	1.0	2	147511	n/a
288.123046875	n/a	1.0	2	147519	n/a
288.140625	n/a	0.0	1	147528	n/a
288.15625	n/a	1.0	2	147536	n/a
288.173828125	n/a	0.0	1	147545	n/a
288.19140625	n/a	1.0	2	147554	n/a
288.20703125	n/a	0.0	1	147562	n/a
288.224609375	n/a	0.0	1	147571	n/a
288.240234375	n/a	1.0	2	147579	n/a
288.2578125	n/a	0.0	1	147588	n/a
288.2734375	n/a	1.0	2	147596	n/a
288.291015625	n/a	1.0	2	147605	n/a
288.306640625	n/a	0.0	1	147613	n/a
288.32421875	n/a	1.0	2	147622	n/a
288.33984375	n/a	0.0	1	147630	n/a
288.357421875	n/a	1.0	2	147639	n/a
288.373046875	n/a	0.0	1	147647	n/a
288.390625	n/a	1.0	2	147656	n/a
288.40625	n/a	0.0	1	147664	n/a
288.423828125	n/a	1.0	2	147673	n/a
288.44140625	n/a	0.0	1	147682	n/a
288.45703125	n/a	0.0	1	147690	n/a
288.474609375	n/a	1.0	2	147699	n/a
288.490234375	n/a	0.0	1	147707	n/a
288.5078125	n/a	1.0	2	147716	n/a
288.5234375	n/a	1.0	2	147724	n/a
288.541015625	n/a	0.0	1	147733	n/a
288.556640625	n/a	1.0	2	147741	n/a
288.57421875	n/a	0.0	1	147750	n/a
288.58984375	n/a	0.0	1	147758	n/a
288.607421875	n/a	1.0	2	147767	n/a
288.623046875	n/a	1.0	2	147775	n/a
288.640625	n/a	0.0	1	147784	n/a
288.65625	n/a	1.0	2	147792	n/a
288.673828125	n/a	0.0	1	147801	n/a
288.69140625	n/a	0.0	1	147810	n/a
288.70703125	n/a	1.0	2	147818	n/a
288.724609375	n/a	1.0	2	147827	n/a
288.740234375	n/a	0.0	1	147835	n/a
288.7578125	n/a	0.0	1	147844	n/a
288.7734375	n/a	1.0	2	147852	n/a
288.791015625	n/a	0.0	1	147861	n/a
288.806640625	n/a	1.0	2	147869	n/a
288.82421875	n/a	1.0	2	147878	n/a
288.83984375	n/a	0.0	1	147886	n/a
288.857421875	n/a	1.0	2	147895	n/a
288.873046875	n/a	0.0	1	147903	n/a
288.890625	n/a	1.0	2	147912	n/a
288.90625	n/a	0.0	1	147920	n/a
288.923828125	n/a	1.0	2	147929	n/a
288.94140625	n/a	0.0	1	147938	n/a
288.95703125	n/a	0.0	1	147946	n/a
288.974609375	n/a	1.0	2	147955	n/a
288.990234375	n/a	0.0	1	147963	n/a
289.0078125	n/a	1.0	2	147972	n/a
289.0234375	n/a	1.0	2	147980	n/a
289.041015625	n/a	0.0	1	147989	n/a
289.056640625	n/a	1.0	2	147997	n/a
289.07421875	n/a	0.0	1	148006	n/a
289.08984375	n/a	0.0	1	148014	n/a
289.107421875	n/a	1.0	2	148023	n/a
289.123046875	n/a	0.0	1	148031	n/a
289.140625	n/a	1.0	2	148040	n/a
289.15625	n/a	0.0	1	148048	n/a
289.173828125	n/a	1.0	2	148057	n/a
289.19140625	n/a	1.0	2	148066	n/a
289.20703125	n/a	0.0	1	148074	n/a
289.224609375	n/a	0.0	1	148083	n/a
289.240234375	n/a	1.0	2	148091	n/a
289.2578125	n/a	1.0	2	148100	n/a
289.2734375	n/a	0.0	1	148108	n/a
289.291015625	n/a	0.0	1	148117	n/a
289.306640625	n/a	1.0	2	148125	n/a
289.32421875	n/a	0.0	1	148134	n/a
289.33984375	n/a	1.0	2	148142	n/a
289.357421875	n/a	0.0	1	148151	n/a
289.373046875	n/a	1.0	2	148159	n/a
289.390625	n/a	0.0	1	148168	n/a
289.40625	n/a	1.0	2	148176	n/a
289.423828125	n/a	1.0	2	148185	n/a
289.44140625	n/a	0.0	1	148194	n/a
289.45703125	n/a	1.0	2	148202	n/a
289.474609375	n/a	0.0	1	148211	n/a
289.490234375	n/a	0.0	1	148219	n/a
289.5078125	n/a	1.0	2	148228	n/a
289.5234375	n/a	0.0	1	148236	n/a
289.541015625	n/a	1.0	2	148245	n/a
289.556640625	n/a	0.0	1	148253	n/a
289.57421875	n/a	1.0	2	148262	n/a
289.58984375	n/a	0.0	1	148270	n/a
289.607421875	n/a	1.0	2	148279	n/a
289.623046875	n/a	1.0	2	148287	n/a
289.640625	n/a	0.0	1	148296	n/a
289.65625	n/a	0.0	1	148304	n/a
289.673828125	n/a	1.0	2	148313	n/a
289.69140625	n/a	1.0	2	148322	n/a
289.70703125	n/a	0.0	1	148330	n/a
289.724609375	n/a	0.0	1	148339	n/a
289.740234375	n/a	1.0	2	148347	n/a
289.7578125	n/a	0.0	1	148356	n/a
289.7734375	n/a	1.0	2	148364	n/a
289.791015625	n/a	1.0	2	148373	n/a
289.806640625	n/a	0.0	1	148381	n/a
289.82421875	n/a	1.0	2	148390	n/a
289.83984375	n/a	0.0	1	148398	n/a
289.857421875	n/a	0.0	1	148407	n/a
289.873046875	n/a	1.0	2	148415	n/a
289.890625	n/a	1.0	2	148424	n/a
289.90625	n/a	0.0	1	148432	n/a
289.923828125	n/a	1.0	2	148441	n/a
289.94140625	n/a	0.0	1	148450	n/a
289.95703125	n/a	0.0	1	148458	n/a
289.974609375	n/a	1.0	2	148467	n/a
289.990234375	n/a	0.0	1	148475	n/a
290.0078125	n/a	1.0	2	148484	n/a
290.0234375	n/a	1.0	2	148492	n/a
290.041015625	n/a	0.0	1	148501	n/a
290.056640625	n/a	1.0	2	148509	n/a
290.07421875	n/a	0.0	1	148518	n/a
290.08984375	n/a	0.0	1	148526	n/a
290.107421875	n/a	1.0	2	148535	n/a
290.123046875	n/a	0.0	1	148543	n/a
290.140625	n/a	1.0	2	148552	n/a
290.15625	n/a	1.0	2	148560	n/a
290.173828125	n/a	0.0	1	148569	n/a
290.19140625	n/a	0.0	1	148578	n/a
290.20703125	n/a	1.0	2	148586	n/a
290.224609375	n/a	1.0	2	148595	n/a
290.240234375	n/a	0.0	1	148603	n/a
290.2578125	n/a	1.0	2	148612	n/a
290.2734375	n/a	0.0	1	148620	n/a
290.291015625	n/a	1.0	2	148629	n/a
290.306640625	n/a	0.0	1	148637	n/a
290.32421875	n/a	0.0	1	148646	n/a
290.33984375	n/a	1.0	2	148654	n/a
290.357421875	n/a	0.0	1	148663	n/a
290.373046875	n/a	1.0	2	148671	n/a
290.390625	n/a	1.0	2	148680	n/a
290.40625	n/a	0.0	1	148688	n/a
290.423828125	n/a	1.0	2	148697	n/a
290.44140625	n/a	0.0	1	148706	n/a
290.45703125	n/a	1.0	2	148714	n/a
290.474609375	n/a	0.0	1	148723	n/a
290.490234375	n/a	1.0	2	148731	n/a
290.5078125	n/a	0.0	1	148740	n/a
290.5234375	n/a	1.0	2	148748	n/a
290.541015625	n/a	0.0	1	148757	n/a
290.556640625	n/a	0.0	1	148765	n/a
290.57421875	n/a	1.0	2	148774	n/a
290.58984375	n/a	0.0	1	148782	n/a
290.607421875	n/a	1.0	2	148791	n/a
290.623046875	n/a	1.0	2	148799	n/a
290.640625	n/a	0.0	1	148808	n/a
290.65625	n/a	1.0	2	148816	n/a
290.673828125	n/a	0.0	1	148825	n/a
290.69140625	n/a	0.0	1	148834	n/a
290.70703125	n/a	1.0	2	148842	n/a
290.724609375	n/a	1.0	2	148851	n/a
290.740234375	n/a	0.0	1	148859	n/a
290.7578125	n/a	1.0	2	148868	n/a
290.7734375	n/a	0.0	1	148876	n/a
290.791015625	n/a	0.0	1	148885	n/a
290.806640625	n/a	1.0	2	148893	n/a
290.82421875	n/a	1.0	2	148902	n/a
290.83984375	n/a	0.0	1	148910	n/a
290.857421875	n/a	0.0	1	148919	n/a
290.873046875	n/a	1.0	2	148927	n/a
290.890625	n/a	0.0	1	148936	n/a
290.90625	n/a	1.0	2	148944	n/a
290.923828125	n/a	1.0	2	148953	n/a
290.94140625	n/a	0.0	1	148962	n/a
290.95703125	n/a	1.0	2	148970	n/a
290.974609375	n/a	0.0	1	148979	n/a
290.990234375	n/a	1.0	2	148987	n/a
291.0078125	n/a	0.0	1	148996	n/a
291.0234375	n/a	1.0	2	149004	n/a
291.041015625	n/a	0.0	1	149013	n/a
291.056640625	n/a	0.0	1	149021	n/a
291.07421875	n/a	1.0	2	149030	n/a
291.08984375	n/a	0.0	1	149038	n/a
291.107421875	n/a	1.0	2	149047	n/a
291.123046875	n/a	1.0	2	149055	n/a
291.140625	n/a	0.0	1	149064	n/a
291.15625	n/a	1.0	2	149072	n/a
291.173828125	n/a	0.0	1	149081	n/a
291.19140625	n/a	0.0	1	149090	n/a
291.20703125	n/a	1.0	2	149098	n/a
291.224609375	n/a	0.0	1	149107	n/a
291.240234375	n/a	1.0	2	149115	n/a
291.2578125	n/a	0.0	1	149124	n/a
291.2734375	n/a	1.0	2	149132	n/a
291.291015625	n/a	1.0	2	149141	n/a
291.306640625	n/a	0.0	1	149149	n/a
291.32421875	n/a	0.0	1	149158	n/a
291.33984375	n/a	1.0	2	149166	n/a
291.357421875	n/a	1.0	2	149175	n/a
291.373046875	n/a	0.0	1	149183	n/a
291.390625	n/a	0.0	1	149192	n/a
291.40625	n/a	1.0	2	149200	n/a
291.423828125	n/a	0.0	1	149209	n/a
291.44140625	n/a	1.0	2	149218	n/a
291.45703125	n/a	0.0	1	149226	n/a
291.474609375	n/a	1.0	2	149235	n/a
291.490234375	n/a	0.0	1	149243	n/a
291.5078125	n/a	1.0	2	149252	n/a
291.5234375	n/a	1.0	2	149260	n/a
291.541015625	n/a	0.0	1	149269	n/a
291.556640625	n/a	1.0	2	149277	n/a
291.57421875	n/a	0.0	1	149286	n/a
291.58984375	n/a	0.0	1	149294	n/a
291.607421875	n/a	1.0	2	149303	n/a
291.623046875	n/a	0.0	1	149311	n/a
291.640625	n/a	1.0	2	149320	n/a
291.65625	n/a	0.0	1	149328	n/a
291.673828125	n/a	1.0	2	149337	n/a
291.69140625	n/a	0.0	1	149346	n/a
291.70703125	n/a	1.0	2	149354	n/a
291.724609375	n/a	1.0	2	149363	n/a
291.740234375	n/a	0.0	1	149371	n/a
291.7578125	n/a	0.0	1	149380	n/a
291.7734375	n/a	1.0	2	149388	n/a
291.791015625	n/a	1.0	2	149397	n/a
291.806640625	n/a	0.0	1	149405	n/a
291.82421875	n/a	0.0	1	149414	n/a
291.83984375	n/a	1.0	2	149422	n/a
291.857421875	n/a	0.0	1	149431	n/a
291.873046875	n/a	1.0	2	149439	n/a
291.890625	n/a	1.0	2	149448	n/a
291.90625	n/a	0.0	1	149456	n/a
291.923828125	n/a	1.0	2	149465	n/a
291.94140625	n/a	0.0	1	149474	n/a
291.95703125	n/a	0.0	1	149482	n/a
291.974609375	n/a	1.0	2	149491	n/a
291.990234375	n/a	1.0	2	149499	n/a
292.0078125	n/a	0.0	1	149508	n/a
292.0234375	n/a	1.0	2	149516	n/a
292.041015625	n/a	0.0	1	149525	n/a
292.056640625	n/a	0.0	1	149533	n/a
292.07421875	n/a	1.0	2	149542	n/a
292.08984375	n/a	0.0	1	149550	n/a
292.107421875	n/a	1.0	2	149559	n/a
292.123046875	n/a	1.0	2	149567	n/a
292.140625	n/a	0.0	1	149576	n/a
292.15625	n/a	1.0	2	149584	n/a
292.173828125	n/a	0.0	1	149593	n/a
292.19140625	n/a	0.0	1	149602	n/a
292.20703125	n/a	1.0	2	149610	n/a
292.224609375	n/a	0.0	1	149619	n/a
292.240234375	n/a	1.0	2	149627	n/a
292.2578125	n/a	1.0	2	149636	n/a
292.2734375	n/a	0.0	1	149644	n/a
292.291015625	n/a	0.0	1	149653	n/a
292.306640625	n/a	1.0	2	149661	n/a
292.32421875	n/a	1.0	2	149670	n/a
292.33984375	n/a	0.0	1	149678	n/a
292.357421875	n/a	1.0	2	149687	n/a
292.373046875	n/a	0.0	1	149695	n/a
292.390625	n/a	1.0	2	149704	n/a
292.40625	n/a	0.0	1	149712	n/a
292.423828125	n/a	0.0	1	149721	n/a
292.44140625	n/a	1.0	2	149730	n/a
292.45703125	n/a	0.0	1	149738	n/a
292.474609375	n/a	1.0	2	149747	n/a
292.490234375	n/a	1.0	2	149755	n/a
292.5078125	n/a	0.0	1	149764	n/a
292.5234375	n/a	1.0	2	149772	n/a
292.541015625	n/a	0.0	1	149781	n/a
292.556640625	n/a	1.0	2	149789	n/a
292.57421875	n/a	0.0	1	149798	n/a
292.58984375	n/a	1.0	2	149806	n/a
292.607421875	n/a	0.0	1	149815	n/a
292.623046875	n/a	1.0	2	149823	n/a
292.640625	n/a	0.0	1	149832	n/a
292.65625	n/a	0.0	1	149840	n/a
292.673828125	n/a	1.0	2	149849	n/a
292.69140625	n/a	0.0	1	149858	n/a
292.70703125	n/a	1.0	2	149866	n/a
292.724609375	n/a	1.0	2	149875	n/a
292.740234375	n/a	0.0	1	149883	n/a
292.7578125	n/a	1.0	2	149892	n/a
292.7734375	n/a	0.0	1	149900	n/a
292.791015625	n/a	0.0	1	149909	n/a
292.806640625	n/a	1.0	2	149917	n/a
292.82421875	n/a	1.0	2	149926	n/a
292.83984375	n/a	0.0	1	149934	n/a
292.857421875	n/a	1.0	2	149943	n/a
292.873046875	n/a	0.0	1	149951	n/a
292.890625	n/a	0.0	1	149960	n/a
292.90625	n/a	1.0	2	149968	n/a
292.923828125	n/a	1.0	2	149977	n/a
292.94140625	n/a	0.0	1	149986	n/a
292.95703125	n/a	0.0	1	149994	n/a
292.974609375	n/a	1.0	2	150003	n/a
292.990234375	n/a	0.0	1	150011	n/a
293.0078125	n/a	1.0	2	150020	n/a
293.0234375	n/a	1.0	2	150028	n/a
293.041015625	n/a	0.0	1	150037	n/a
293.056640625	n/a	1.0	2	150045	n/a
293.07421875	n/a	0.0	1	150054	n/a
293.08984375	n/a	1.0	2	150062	n/a
293.107421875	n/a	0.0	1	150071	n/a
293.123046875	n/a	1.0	2	150079	n/a
293.140625	n/a	0.0	1	150088	n/a
293.15625	n/a	0.0	1	150096	n/a
293.173828125	n/a	1.0	2	150105	n/a
293.19140625	n/a	0.0	1	150114	n/a
293.20703125	n/a	1.0	2	150122	n/a
293.224609375	n/a	1.0	2	150131	n/a
293.240234375	n/a	0.0	1	150139	n/a
293.2578125	n/a	1.0	2	150148	n/a
293.2734375	n/a	0.0	1	150156	n/a
293.291015625	n/a	0.0	1	150165	n/a
293.306640625	n/a	1.0	2	150173	n/a
293.32421875	n/a	0.0	1	150182	n/a
293.33984375	n/a	1.0	2	150190	n/a
293.357421875	n/a	0.0	1	150199	n/a
293.373046875	n/a	1.0	2	150207	n/a
293.390625	n/a	1.0	2	150216	n/a
293.40625	n/a	0.0	1	150224	n/a
293.423828125	n/a	0.0	1	150233	n/a
293.44140625	n/a	1.0	2	150242	n/a
293.45703125	n/a	1.0	2	150250	n/a
293.474609375	n/a	0.0	1	150259	n/a
293.490234375	n/a	0.0	1	150267	n/a
293.5078125	n/a	1.0	2	150276	n/a
293.5234375	n/a	0.0	1	150284	n/a
293.541015625	n/a	1.0	2	150293	n/a
293.556640625	n/a	0.0	1	150301	n/a
293.57421875	n/a	1.0	2	150310	n/a
293.58984375	n/a	0.0	1	150318	n/a
293.607421875	n/a	1.0	2	150327	n/a
293.623046875	n/a	1.0	2	150335	n/a
293.640625	n/a	0.0	1	150344	n/a
293.65625	n/a	1.0	2	150352	n/a
293.673828125	n/a	0.0	1	150361	n/a
293.69140625	n/a	0.0	1	150370	n/a
293.70703125	n/a	1.0	2	150378	n/a
293.724609375	n/a	0.0	1	150387	n/a
293.740234375	n/a	1.0	2	150395	n/a
293.7578125	n/a	0.0	1	150404	n/a
293.7734375	n/a	1.0	2	150412	n/a
293.791015625	n/a	0.0	1	150421	n/a
293.806640625	n/a	1.0	2	150429	n/a
293.82421875	n/a	1.0	2	150438	n/a
293.83984375	n/a	0.0	1	150446	n/a
293.857421875	n/a	0.0	1	150455	n/a
293.873046875	n/a	1.0	2	150463	n/a
293.890625	n/a	1.0	2	150472	n/a
293.90625	n/a	0.0	1	150480	n/a
293.923828125	n/a	0.0	1	150489	n/a
293.94140625	n/a	1.0	2	150498	n/a
293.95703125	n/a	0.0	1	150506	n/a
293.974609375	n/a	1.0	2	150515	n/a
293.990234375	n/a	1.0	2	150523	n/a
294.0078125	n/a	0.0	1	150532	n/a
294.0234375	n/a	1.0	2	150540	n/a
294.041015625	n/a	0.0	1	150549	n/a
294.056640625	n/a	0.0	1	150557	n/a
294.07421875	n/a	1.0	2	150566	n/a
294.08984375	n/a	1.0	2	150574	n/a
294.107421875	n/a	0.0	1	150583	n/a
294.123046875	n/a	1.0	2	150591	n/a
294.140625	n/a	0.0	1	150600	n/a
294.15625	n/a	0.0	1	150608	n/a
294.173828125	n/a	1.0	2	150617	n/a
294.19140625	n/a	0.0	1	150626	n/a
294.20703125	n/a	1.0	2	150634	n/a
294.224609375	n/a	1.0	2	150643	n/a
294.240234375	n/a	0.0	1	150651	n/a
294.2578125	n/a	1.0	2	150660	n/a
294.2734375	n/a	0.0	1	150668	n/a
294.291015625	n/a	0.0	1	150677	n/a
294.306640625	n/a	1.0	2	150685	n/a
294.32421875	n/a	0.0	1	150694	n/a
294.33984375	n/a	1.0	2	150702	n/a
294.357421875	n/a	1.0	2	150711	n/a
294.373046875	n/a	0.0	1	150719	n/a
294.390625	n/a	0.0	1	150728	n/a
294.40625	n/a	1.0	2	150736	n/a
294.423828125	n/a	1.0	2	150745	n/a
294.44140625	n/a	0.0	1	150754	n/a
294.45703125	n/a	1.0	2	150762	n/a
294.474609375	n/a	0.0	1	150771	n/a
294.490234375	n/a	1.0	2	150779	n/a
294.5078125	n/a	0.0	1	150788	n/a
294.5234375	n/a	0.0	1	150796	n/a
294.541015625	n/a	1.0	2	150805	n/a
294.556640625	n/a	0.0	1	150813	n/a
294.57421875	n/a	1.0	2	150822	n/a
294.58984375	n/a	1.0	2	150830	n/a
294.607421875	n/a	0.0	1	150839	n/a
294.623046875	n/a	1.0	2	150847	n/a
294.640625	n/a	0.0	1	150856	n/a
294.65625	n/a	1.0	2	150864	n/a
294.673828125	n/a	0.0	1	150873	n/a
294.69140625	n/a	1.0	2	150882	n/a
294.70703125	n/a	0.0	1	150890	n/a
294.724609375	n/a	1.0	2	150899	n/a
294.740234375	n/a	0.0	1	150907	n/a
294.7578125	n/a	0.0	1	150916	n/a
294.7734375	n/a	1.0	2	150924	n/a
294.791015625	n/a	0.0	1	150933	n/a
294.806640625	n/a	1.0	2	150941	n/a
294.82421875	n/a	1.0	2	150950	n/a
294.83984375	n/a	0.0	1	150958	n/a
294.857421875	n/a	1.0	2	150967	n/a
294.873046875	n/a	0.0	1	150975	n/a
294.890625	n/a	0.0	1	150984	n/a
294.90625	n/a	1.0	2	150992	n/a
294.923828125	n/a	1.0	2	151001	n/a
294.94140625	n/a	0.0	1	151010	n/a
294.95703125	n/a	1.0	2	151018	n/a
294.974609375	n/a	0.0	1	151027	n/a
294.990234375	n/a	0.0	1	151035	n/a
295.0078125	n/a	1.0	2	151044	n/a
295.0234375	n/a	1.0	2	151052	n/a
295.041015625	n/a	0.0	1	151061	n/a
295.056640625	n/a	0.0	1	151069	n/a
295.07421875	n/a	1.0	2	151078	n/a
295.08984375	n/a	0.0	1	151086	n/a
295.107421875	n/a	1.0	2	151095	n/a
295.123046875	n/a	1.0	2	151103	n/a
295.140625	n/a	0.0	1	151112	n/a
295.15625	n/a	1.0	2	151120	n/a
295.173828125	n/a	0.0	1	151129	n/a
295.19140625	n/a	1.0	2	151138	n/a
295.20703125	n/a	0.0	1	151146	n/a
295.224609375	n/a	1.0	2	151155	n/a
295.240234375	n/a	0.0	1	151163	n/a
295.2578125	n/a	0.0	1	151172	n/a
295.2734375	n/a	1.0	2	151180	n/a
295.291015625	n/a	0.0	1	151189	n/a
295.306640625	n/a	1.0	2	151197	n/a
295.32421875	n/a	1.0	2	151206	n/a
295.33984375	n/a	0.0	1	151214	n/a
295.357421875	n/a	1.0	2	151223	n/a
295.373046875	n/a	0.0	1	151231	n/a
295.390625	n/a	0.0	1	151240	n/a
295.40625	n/a	1.0	2	151248	n/a
295.423828125	n/a	0.0	1	151257	n/a
295.44140625	n/a	1.0	2	151266	n/a
295.45703125	n/a	0.0	1	151274	n/a
295.474609375	n/a	1.0	2	151283	n/a
295.490234375	n/a	1.0	2	151291	n/a
295.5078125	n/a	0.0	1	151300	n/a
295.5234375	n/a	0.0	1	151308	n/a
295.541015625	n/a	1.0	2	151317	n/a
295.556640625	n/a	1.0	2	151325	n/a
295.57421875	n/a	0.0	1	151334	n/a
295.58984375	n/a	0.0	1	151342	n/a
295.607421875	n/a	1.0	2	151351	n/a
295.623046875	n/a	0.0	1	151359	n/a
295.640625	n/a	1.0	2	151368	n/a
295.65625	n/a	0.0	1	151376	n/a
295.673828125	n/a	1.0	2	151385	n/a
295.69140625	n/a	0.0	1	151394	n/a
295.70703125	n/a	1.0	2	151402	n/a
295.724609375	n/a	1.0	2	151411	n/a
295.740234375	n/a	0.0	1	151419	n/a
295.7578125	n/a	1.0	2	151428	n/a
295.7734375	n/a	0.0	1	151436	n/a
295.791015625	n/a	0.0	1	151445	n/a
295.806640625	n/a	1.0	2	151453	n/a
295.82421875	n/a	0.0	1	151462	n/a
295.83984375	n/a	1.0	2	151470	n/a
295.857421875	n/a	0.0	1	151479	n/a
295.873046875	n/a	1.0	2	151487	n/a
295.890625	n/a	0.0	1	151496	n/a
295.90625	n/a	1.0	2	151504	n/a
295.923828125	n/a	1.0	2	151513	n/a
295.94140625	n/a	0.0	1	151522	n/a
295.95703125	n/a	0.0	1	151530	n/a
295.974609375	n/a	1.0	2	151539	n/a
295.990234375	n/a	1.0	2	151547	n/a
296.0078125	n/a	0.0	1	151556	n/a
296.0234375	n/a	0.0	1	151564	n/a
296.041015625	n/a	1.0	2	151573	n/a
296.056640625	n/a	0.0	1	151581	n/a
296.07421875	n/a	1.0	2	151590	n/a
296.08984375	n/a	1.0	2	151598	n/a
296.107421875	n/a	0.0	1	151607	n/a
296.123046875	n/a	1.0	2	151615	n/a
296.140625	n/a	0.0	1	151624	n/a
296.15625	n/a	0.0	1	151632	n/a
296.173828125	n/a	1.0	2	151641	n/a
296.19140625	n/a	1.0	2	151650	n/a
296.20703125	n/a	0.0	1	151658	n/a
296.224609375	n/a	1.0	2	151667	n/a
296.240234375	n/a	0.0	1	151675	n/a
296.2578125	n/a	0.0	1	151684	n/a
296.2734375	n/a	1.0	2	151692	n/a
296.291015625	n/a	0.0	1	151701	n/a
296.306640625	n/a	1.0	2	151709	n/a
296.32421875	n/a	1.0	2	151718	n/a
296.33984375	n/a	0.0	1	151726	n/a
296.357421875	n/a	1.0	2	151735	n/a
296.373046875	n/a	0.0	1	151743	n/a
296.390625	n/a	0.0	1	151752	n/a
296.40625	n/a	1.0	2	151760	n/a
296.423828125	n/a	0.0	1	151769	n/a
296.44140625	n/a	1.0	2	151778	n/a
296.45703125	n/a	1.0	2	151786	n/a
296.474609375	n/a	0.0	1	151795	n/a
296.490234375	n/a	0.0	1	151803	n/a
296.5078125	n/a	1.0	2	151812	n/a
296.5234375	n/a	1.0	2	151820	n/a
296.541015625	n/a	0.0	1	151829	n/a
296.556640625	n/a	1.0	2	151837	n/a
296.57421875	n/a	0.0	1	151846	n/a
296.58984375	n/a	1.0	2	151854	n/a
296.607421875	n/a	0.0	1	151863	n/a
296.623046875	n/a	0.0	1	151871	n/a
296.640625	n/a	1.0	2	151880	n/a
296.65625	n/a	0.0	1	151888	n/a
296.673828125	n/a	1.0	2	151897	n/a
296.69140625	n/a	1.0	2	151906	n/a
296.70703125	n/a	0.0	1	151914	n/a
296.724609375	n/a	1.0	2	151923	n/a
296.740234375	n/a	0.0	1	151931	n/a
296.7578125	n/a	1.0	2	151940	n/a
296.7734375	n/a	0.0	1	151948	n/a
296.791015625	n/a	1.0	2	151957	n/a
296.806640625	n/a	0.0	1	151965	n/a
296.82421875	n/a	1.0	2	151974	n/a
296.83984375	n/a	0.0	1	151982	n/a
296.857421875	n/a	0.0	1	151991	n/a
296.873046875	n/a	1.0	2	151999	n/a
296.890625	n/a	0.0	1	152008	n/a
296.90625	n/a	1.0	2	152016	n/a
296.923828125	n/a	1.0	2	152025	n/a
296.94140625	n/a	0.0	1	152034	n/a
296.95703125	n/a	1.0	2	152042	n/a
296.974609375	n/a	0.0	1	152051	n/a
296.990234375	n/a	0.0	1	152059	n/a
297.0078125	n/a	1.0	2	152068	n/a
297.0234375	n/a	1.0	2	152076	n/a
297.041015625	n/a	0.0	1	152085	n/a
297.056640625	n/a	1.0	2	152093	n/a
297.07421875	n/a	0.0	1	152102	n/a
297.08984375	n/a	0.0	1	152110	n/a
297.107421875	n/a	1.0	2	152119	n/a
297.123046875	n/a	1.0	2	152127	n/a
297.140625	n/a	0.0	1	152136	n/a
297.15625	n/a	0.0	1	152144	n/a
297.173828125	n/a	1.0	2	152153	n/a
297.19140625	n/a	0.0	1	152162	n/a
297.20703125	n/a	1.0	2	152170	n/a
297.224609375	n/a	1.0	2	152179	n/a
297.240234375	n/a	0.0	1	152187	n/a
297.2578125	n/a	1.0	2	152196	n/a
297.2734375	n/a	0.0	1	152204	n/a
297.291015625	n/a	1.0	2	152213	n/a
297.306640625	n/a	0.0	1	152221	n/a
297.32421875	n/a	1.0	2	152230	n/a
297.33984375	n/a	0.0	1	152238	n/a
297.357421875	n/a	0.0	1	152247	n/a
297.373046875	n/a	1.0	2	152255	n/a
297.390625	n/a	0.0	1	152264	n/a
297.40625	n/a	1.0	2	152272	n/a
297.423828125	n/a	1.0	2	152281	n/a
297.44140625	n/a	0.0	1	152290	n/a
297.45703125	n/a	1.0	2	152298	n/a
297.474609375	n/a	0.0	1	152307	n/a
297.490234375	n/a	0.0	1	152315	n/a
297.5078125	n/a	1.0	2	152324	n/a
297.5234375	n/a	0.0	1	152332	n/a
297.541015625	n/a	1.0	2	152341	n/a
297.556640625	n/a	0.0	1	152349	n/a
297.57421875	n/a	1.0	2	152358	n/a
297.58984375	n/a	1.0	2	152366	n/a
297.607421875	n/a	0.0	1	152375	n/a
297.623046875	n/a	0.0	1	152383	n/a
297.640625	n/a	1.0	2	152392	n/a
297.65625	n/a	1.0	2	152400	n/a
297.673828125	n/a	0.0	1	152409	n/a
297.69140625	n/a	0.0	1	152418	n/a
297.70703125	n/a	1.0	2	152426	n/a
297.724609375	n/a	0.0	1	152435	n/a
297.740234375	n/a	1.0	2	152443	n/a
297.7578125	n/a	0.0	1	152452	n/a
297.7734375	n/a	1.0	2	152460	n/a
297.791015625	n/a	0.0	1	152469	n/a
297.806640625	n/a	1.0	2	152477	n/a
297.82421875	n/a	1.0	2	152486	n/a
297.83984375	n/a	0.0	1	152494	n/a
297.857421875	n/a	1.0	2	152503	n/a
297.873046875	n/a	0.0	1	152511	n/a
297.890625	n/a	0.0	1	152520	n/a
297.90625	n/a	1.0	2	152528	n/a
297.923828125	n/a	0.0	1	152537	n/a
297.94140625	n/a	1.0	2	152546	n/a
297.95703125	n/a	0.0	1	152554	n/a
297.974609375	n/a	1.0	2	152563	n/a
297.990234375	n/a	0.0	1	152571	n/a
298.0078125	n/a	1.0	2	152580	n/a
298.0234375	n/a	1.0	2	152588	n/a
298.041015625	n/a	0.0	1	152597	n/a
298.056640625	n/a	0.0	1	152605	n/a
298.07421875	n/a	1.0	2	152614	n/a
298.08984375	n/a	1.0	2	152622	n/a
298.107421875	n/a	0.0	1	152631	n/a
298.123046875	n/a	0.0	1	152639	n/a
298.140625	n/a	1.0	2	152648	n/a
298.15625	n/a	0.0	1	152656	n/a
298.173828125	n/a	1.0	2	152665	n/a
298.19140625	n/a	1.0	2	152674	n/a
298.20703125	n/a	0.0	1	152682	n/a
298.224609375	n/a	1.0	2	152691	n/a
298.240234375	n/a	0.0	1	152699	n/a
298.2578125	n/a	0.0	1	152708	n/a
298.2734375	n/a	1.0	2	152716	n/a
298.291015625	n/a	1.0	2	152725	n/a
298.306640625	n/a	0.0	1	152733	n/a
298.32421875	n/a	1.0	2	152742	n/a
298.33984375	n/a	0.0	1	152750	n/a
298.357421875	n/a	0.0	1	152759	n/a
298.373046875	n/a	1.0	2	152767	n/a
298.390625	n/a	0.0	1	152776	n/a
298.40625	n/a	1.0	2	152784	n/a
298.423828125	n/a	1.0	2	152793	n/a
298.44140625	n/a	0.0	1	152802	n/a
298.45703125	n/a	1.0	2	152810	n/a
298.474609375	n/a	0.0	1	152819	n/a
298.490234375	n/a	0.0	1	152827	n/a
298.5078125	n/a	1.0	2	152836	n/a
298.5234375	n/a	0.0	1	152844	n/a
298.541015625	n/a	1.0	2	152853	n/a
298.556640625	n/a	1.0	2	152861	n/a
298.57421875	n/a	0.0	1	152870	n/a
298.58984375	n/a	0.0	1	152878	n/a
298.607421875	n/a	1.0	2	152887	n/a
298.623046875	n/a	1.0	2	152895	n/a
298.640625	n/a	0.0	1	152904	n/a
298.65625	n/a	1.0	2	152912	n/a
298.673828125	n/a	0.0	1	152921	n/a
298.69140625	n/a	1.0	2	152930	n/a
298.70703125	n/a	0.0	1	152938	n/a
298.724609375	n/a	0.0	1	152947	n/a
298.740234375	n/a	1.0	2	152955	n/a
298.7578125	n/a	0.0	1	152964	n/a
298.7734375	n/a	1.0	2	152972	n/a
298.791015625	n/a	1.0	2	152981	n/a
298.806640625	n/a	0.0	1	152989	n/a
298.82421875	n/a	1.0	2	152998	n/a
298.83984375	n/a	0.0	1	153006	n/a
298.857421875	n/a	1.0	2	153015	n/a
298.873046875	n/a	0.0	1	153023	n/a
298.890625	n/a	1.0	2	153032	n/a
298.90625	n/a	0.0	1	153040	n/a
298.923828125	n/a	1.0	2	153049	n/a
298.94140625	n/a	0.0	1	153058	n/a
298.95703125	n/a	0.0	1	153066	n/a
298.974609375	n/a	1.0	2	153075	n/a
298.990234375	n/a	0.0	1	153083	n/a
299.0078125	n/a	1.0	2	153092	n/a
299.0234375	n/a	1.0	2	153100	n/a
299.041015625	n/a	0.0	1	153109	n/a
299.056640625	n/a	1.0	2	153117	n/a
299.07421875	n/a	0.0	1	153126	n/a
299.08984375	n/a	0.0	1	153134	n/a
299.107421875	n/a	1.0	2	153143	n/a
299.123046875	n/a	1.0	2	153151	n/a
299.140625	n/a	0.0	1	153160	n/a
299.15625	n/a	1.0	2	153168	n/a
299.173828125	n/a	0.0	1	153177	n/a
299.19140625	n/a	0.0	1	153186	n/a
299.20703125	n/a	1.0	2	153194	n/a
299.224609375	n/a	1.0	2	153203	n/a
299.240234375	n/a	0.0	1	153211	n/a
299.2578125	n/a	0.0	1	153220	n/a
299.2734375	n/a	1.0	2	153228	n/a
299.291015625	n/a	0.0	1	153237	n/a
299.306640625	n/a	1.0	2	153245	n/a
299.32421875	n/a	1.0	2	153254	n/a
299.33984375	n/a	0.0	1	153262	n/a
299.357421875	n/a	1.0	2	153271	n/a
299.373046875	n/a	0.0	1	153279	n/a
299.390625	n/a	1.0	2	153288	n/a
299.40625	n/a	0.0	1	153296	n/a
299.423828125	n/a	1.0	2	153305	n/a
299.44140625	n/a	0.0	1	153314	n/a
299.45703125	n/a	0.0	1	153322	n/a
299.474609375	n/a	1.0	2	153331	n/a
299.490234375	n/a	0.0	1	153339	n/a
299.5078125	n/a	1.0	2	153348	n/a
299.5234375	n/a	1.0	2	153356	n/a
299.541015625	n/a	0.0	1	153365	n/a
299.556640625	n/a	1.0	2	153373	n/a
299.57421875	n/a	0.0	1	153382	n/a
299.58984375	n/a	0.0	1	153390	n/a
299.607421875	n/a	1.0	2	153399	n/a
299.623046875	n/a	0.0	1	153407	n/a
299.640625	n/a	1.0	2	153416	n/a
299.65625	n/a	0.0	1	153424	n/a
299.673828125	n/a	1.0	2	153433	n/a
299.69140625	n/a	1.0	2	153442	n/a
299.70703125	n/a	0.0	1	153450	n/a
299.724609375	n/a	0.0	1	153459	n/a
299.740234375	n/a	1.0	2	153467	n/a
299.7578125	n/a	1.0	2	153476	n/a
299.7734375	n/a	0.0	1	153484	n/a
299.791015625	n/a	0.0	1	153493	n/a
299.806640625	n/a	1.0	2	153501	n/a
299.82421875	n/a	0.0	1	153510	n/a
299.83984375	n/a	1.0	2	153518	n/a
299.857421875	n/a	0.0	1	153527	n/a
299.873046875	n/a	1.0	2	153535	n/a
299.890625	n/a	0.0	1	153544	n/a
299.90625	n/a	1.0	2	153552	n/a
299.923828125	n/a	1.0	2	153561	n/a
299.94140625	n/a	0.0	1	153570	n/a
299.95703125	n/a	1.0	2	153578	n/a
299.974609375	n/a	0.0	1	153587	n/a
299.990234375	n/a	0.0	1	153595	n/a
300.0078125	n/a	1.0	2	153604	n/a
300.0234375	n/a	0.0	1	153612	n/a
300.041015625	n/a	1.0	2	153621	n/a
300.056640625	n/a	0.0	1	153629	n/a
300.07421875	n/a	1.0	2	153638	n/a
300.08984375	n/a	0.0	1	153646	n/a
300.107421875	n/a	1.0	2	153655	n/a
300.123046875	n/a	1.0	2	153663	n/a
300.140625	n/a	0.0	1	153672	n/a
300.15625	n/a	0.0	1	153680	n/a
300.173828125	n/a	1.0	2	153689	n/a
300.19140625	n/a	1.0	2	153698	n/a
300.20703125	n/a	0.0	1	153706	n/a
300.224609375	n/a	0.0	1	153715	n/a
300.240234375	n/a	1.0	2	153723	n/a
300.2578125	n/a	0.0	1	153732	n/a
300.2734375	n/a	1.0	2	153740	n/a
300.291015625	n/a	1.0	2	153749	n/a
300.306640625	n/a	0.0	1	153757	n/a
300.32421875	n/a	1.0	2	153766	n/a
300.33984375	n/a	0.0	1	153774	n/a
300.357421875	n/a	0.0	1	153783	n/a
300.373046875	n/a	1.0	2	153791	n/a
300.390625	n/a	1.0	2	153800	n/a
300.40625	n/a	0.0	1	153808	n/a
300.423828125	n/a	1.0	2	153817	n/a
300.44140625	n/a	0.0	1	153826	n/a
300.45703125	n/a	0.0	1	153834	n/a
300.474609375	n/a	1.0	2	153843	n/a
300.490234375	n/a	0.0	1	153851	n/a
300.5078125	n/a	1.0	2	153860	n/a
300.5234375	n/a	1.0	2	153868	n/a
300.541015625	n/a	0.0	1	153877	n/a
300.556640625	n/a	1.0	2	153885	n/a
300.57421875	n/a	0.0	1	153894	n/a
300.58984375	n/a	0.0	1	153902	n/a
300.607421875	n/a	1.0	2	153911	n/a
300.623046875	n/a	0.0	1	153919	n/a
300.640625	n/a	1.0	2	153928	n/a
300.65625	n/a	1.0	2	153936	n/a
300.673828125	n/a	0.0	1	153945	n/a
300.69140625	n/a	0.0	1	153954	n/a
300.70703125	n/a	1.0	2	153962	n/a
300.724609375	n/a	1.0	2	153971	n/a
300.740234375	n/a	0.0	1	153979	n/a
300.7578125	n/a	1.0	2	153988	n/a
300.7734375	n/a	0.0	1	153996	n/a
300.791015625	n/a	1.0	2	154005	n/a
300.806640625	n/a	0.0	1	154013	n/a
300.82421875	n/a	0.0	1	154022	n/a
300.83984375	n/a	1.0	2	154030	n/a
300.857421875	n/a	0.0	1	154039	n/a
300.873046875	n/a	1.0	2	154047	n/a
300.890625	n/a	1.0	2	154056	n/a
300.90625	n/a	0.0	1	154064	n/a
300.923828125	n/a	1.0	2	154073	n/a
300.94140625	n/a	0.0	1	154082	n/a
300.95703125	n/a	1.0	2	154090	n/a
300.974609375	n/a	0.0	1	154099	n/a
300.990234375	n/a	1.0	2	154107	n/a
301.0078125	n/a	0.0	1	154116	n/a
301.0234375	n/a	1.0	2	154124	n/a
301.041015625	n/a	0.0	1	154133	n/a
301.056640625	n/a	0.0	1	154141	n/a
301.07421875	n/a	1.0	2	154150	n/a
301.08984375	n/a	0.0	1	154158	n/a
301.107421875	n/a	1.0	2	154167	n/a
301.123046875	n/a	1.0	2	154175	n/a
301.140625	n/a	0.0	1	154184	n/a
301.15625	n/a	1.0	2	154192	n/a
301.173828125	n/a	0.0	1	154201	n/a
301.19140625	n/a	0.0	1	154210	n/a
301.20703125	n/a	1.0	2	154218	n/a
301.224609375	n/a	1.0	2	154227	n/a
301.240234375	n/a	0.0	1	154235	n/a
301.2578125	n/a	1.0	2	154244	n/a
301.2734375	n/a	0.0	1	154252	n/a
301.291015625	n/a	0.0	1	154261	n/a
301.306640625	n/a	1.0	2	154269	n/a
301.32421875	n/a	1.0	2	154278	n/a
301.33984375	n/a	0.0	1	154286	n/a
301.357421875	n/a	0.0	1	154295	n/a
301.373046875	n/a	1.0	2	154303	n/a
301.390625	n/a	0.0	1	154312	n/a
301.40625	n/a	1.0	2	154320	n/a
301.423828125	n/a	1.0	2	154329	n/a
301.44140625	n/a	0.0	1	154338	n/a
301.45703125	n/a	1.0	2	154346	n/a
301.474609375	n/a	0.0	1	154355	n/a
301.490234375	n/a	1.0	2	154363	n/a
301.5078125	n/a	0.0	1	154372	n/a
301.5234375	n/a	1.0	2	154380	n/a
301.541015625	n/a	0.0	1	154389	n/a
301.556640625	n/a	0.0	1	154397	n/a
301.57421875	n/a	1.0	2	154406	n/a
301.58984375	n/a	0.0	1	154414	n/a
301.607421875	n/a	1.0	2	154423	n/a
301.623046875	n/a	1.0	2	154431	n/a
301.640625	n/a	0.0	1	154440	n/a
301.65625	n/a	1.0	2	154448	n/a
301.673828125	n/a	0.0	1	154457	n/a
301.69140625	n/a	0.0	1	154466	n/a
301.70703125	n/a	1.0	2	154474	n/a
301.724609375	n/a	0.0	1	154483	n/a
301.740234375	n/a	1.0	2	154491	n/a
301.7578125	n/a	0.0	1	154500	n/a
301.7734375	n/a	1.0	2	154508	n/a
301.791015625	n/a	1.0	2	154517	n/a
301.806640625	n/a	0.0	1	154525	n/a
301.82421875	n/a	0.0	1	154534	n/a
301.83984375	n/a	1.0	2	154542	n/a
301.857421875	n/a	1.0	2	154551	n/a
301.873046875	n/a	0.0	1	154559	n/a
301.890625	n/a	0.0	1	154568	n/a
301.90625	n/a	1.0	2	154576	n/a
301.923828125	n/a	0.0	1	154585	n/a
301.94140625	n/a	1.0	2	154594	n/a
301.95703125	n/a	0.0	1	154602	n/a
301.974609375	n/a	1.0	2	154611	n/a
301.990234375	n/a	0.0	1	154619	n/a
302.0078125	n/a	1.0	2	154628	n/a
302.0234375	n/a	1.0	2	154636	n/a
302.041015625	n/a	0.0	1	154645	n/a
302.056640625	n/a	1.0	2	154653	n/a
302.07421875	n/a	0.0	1	154662	n/a
302.08984375	n/a	0.0	1	154670	n/a
302.107421875	n/a	1.0	2	154679	n/a
302.123046875	n/a	0.0	1	154687	n/a
302.140625	n/a	1.0	2	154696	n/a
302.15625	n/a	0.0	1	154704	n/a
302.173828125	n/a	1.0	2	154713	n/a
302.19140625	n/a	0.0	1	154722	n/a
302.20703125	n/a	1.0	2	154730	n/a
302.224609375	n/a	1.0	2	154739	n/a
302.240234375	n/a	0.0	1	154747	n/a
302.2578125	n/a	0.0	1	154756	n/a
302.2734375	n/a	1.0	2	154764	n/a
302.291015625	n/a	1.0	2	154773	n/a
302.306640625	n/a	0.0	1	154781	n/a
302.32421875	n/a	0.0	1	154790	n/a
302.33984375	n/a	1.0	2	154798	n/a
302.357421875	n/a	0.0	1	154807	n/a
302.373046875	n/a	1.0	2	154815	n/a
302.390625	n/a	1.0	2	154824	n/a
302.40625	n/a	0.0	1	154832	n/a
302.423828125	n/a	1.0	2	154841	n/a
302.44140625	n/a	0.0	1	154850	n/a
302.45703125	n/a	0.0	1	154858	n/a
302.474609375	n/a	1.0	2	154867	n/a
302.490234375	n/a	1.0	2	154875	n/a
302.5078125	n/a	0.0	1	154884	n/a
302.5234375	n/a	1.0	2	154892	n/a
302.541015625	n/a	0.0	1	154901	n/a
302.556640625	n/a	0.0	1	154909	n/a
302.57421875	n/a	1.0	2	154918	n/a
302.58984375	n/a	0.0	1	154926	n/a
302.607421875	n/a	1.0	2	154935	n/a
302.623046875	n/a	1.0	2	154943	n/a
302.640625	n/a	0.0	1	154952	n/a
302.65625	n/a	1.0	2	154960	n/a
302.673828125	n/a	0.0	1	154969	n/a
302.69140625	n/a	0.0	1	154978	n/a
302.70703125	n/a	1.0	2	154986	n/a
302.724609375	n/a	0.0	1	154995	n/a
302.740234375	n/a	1.0	2	155003	n/a
302.7578125	n/a	1.0	2	155012	n/a
302.7734375	n/a	0.0	1	155020	n/a
302.791015625	n/a	0.0	1	155029	n/a
302.806640625	n/a	1.0	2	155037	n/a
302.82421875	n/a	1.0	2	155046	n/a
302.83984375	n/a	0.0	1	155054	n/a
302.857421875	n/a	1.0	2	155063	n/a
302.873046875	n/a	0.0	1	155071	n/a
302.890625	n/a	1.0	2	155080	n/a
302.90625	n/a	0.0	1	155088	n/a
302.923828125	n/a	0.0	1	155097	n/a
302.94140625	n/a	1.0	2	155106	n/a
302.95703125	n/a	0.0	1	155114	n/a
302.974609375	n/a	1.0	2	155123	n/a
302.990234375	n/a	1.0	2	155131	n/a
303.0078125	n/a	0.0	1	155140	n/a
303.0234375	n/a	1.0	2	155148	n/a
303.041015625	n/a	0.0	1	155157	n/a
303.056640625	n/a	1.0	2	155165	n/a
303.07421875	n/a	0.0	1	155174	n/a
303.08984375	n/a	1.0	2	155182	n/a
303.107421875	n/a	0.0	1	155191	n/a
303.123046875	n/a	1.0	2	155199	n/a
303.140625	n/a	0.0	1	155208	n/a
303.15625	n/a	0.0	1	155216	n/a
303.173828125	n/a	1.0	2	155225	n/a
303.19140625	n/a	0.0	1	155234	n/a
303.20703125	n/a	1.0	2	155242	n/a
303.224609375	n/a	1.0	2	155251	n/a
303.240234375	n/a	0.0	1	155259	n/a
303.2578125	n/a	1.0	2	155268	n/a
303.2734375	n/a	0.0	1	155276	n/a
303.291015625	n/a	0.0	1	155285	n/a
303.306640625	n/a	1.0	2	155293	n/a
303.32421875	n/a	1.0	2	155302	n/a
303.33984375	n/a	0.0	1	155310	n/a
303.357421875	n/a	1.0	2	155319	n/a
303.373046875	n/a	0.0	1	155327	n/a
303.390625	n/a	0.0	1	155336	n/a
303.40625	n/a	1.0	2	155344	n/a
303.423828125	n/a	1.0	2	155353	n/a
303.44140625	n/a	0.0	1	155362	n/a
303.45703125	n/a	0.0	1	155370	n/a
303.474609375	n/a	1.0	2	155379	n/a
303.490234375	n/a	0.0	1	155387	n/a
303.5078125	n/a	1.0	2	155396	n/a
303.5234375	n/a	1.0	2	155404	n/a
303.541015625	n/a	0.0	1	155413	n/a
303.556640625	n/a	1.0	2	155421	n/a
303.57421875	n/a	0.0	1	155430	n/a
303.58984375	n/a	1.0	2	155438	n/a
303.607421875	n/a	0.0	1	155447	n/a
303.623046875	n/a	1.0	2	155455	n/a
303.640625	n/a	0.0	1	155464	n/a
303.65625	n/a	0.0	1	155472	n/a
303.673828125	n/a	1.0	2	155481	n/a
303.69140625	n/a	0.0	1	155490	n/a
303.70703125	n/a	1.0	2	155498	n/a
303.724609375	n/a	1.0	2	155507	n/a
303.740234375	n/a	0.0	1	155515	n/a
303.7578125	n/a	1.0	2	155524	n/a
303.7734375	n/a	0.0	1	155532	n/a
303.791015625	n/a	0.0	1	155541	n/a
303.806640625	n/a	1.0	2	155549	n/a
303.82421875	n/a	0.0	1	155558	n/a
303.83984375	n/a	1.0	2	155566	n/a
303.857421875	n/a	0.0	1	155575	n/a
303.873046875	n/a	1.0	2	155583	n/a
303.890625	n/a	1.0	2	155592	n/a
303.90625	n/a	0.0	1	155600	n/a
303.923828125	n/a	0.0	1	155609	n/a
303.94140625	n/a	1.0	2	155618	n/a
303.95703125	n/a	1.0	2	155626	n/a
303.974609375	n/a	0.0	1	155635	n/a
303.990234375	n/a	0.0	1	155643	n/a
304.0078125	n/a	1.0	2	155652	n/a
304.0234375	n/a	0.0	1	155660	n/a
304.041015625	n/a	1.0	2	155669	n/a
304.056640625	n/a	0.0	1	155677	n/a
304.07421875	n/a	1.0	2	155686	n/a
304.08984375	n/a	0.0	1	155694	n/a
304.107421875	n/a	1.0	2	155703	n/a
304.123046875	n/a	1.0	2	155711	n/a
304.140625	n/a	0.0	1	155720	n/a
304.15625	n/a	1.0	2	155728	n/a
304.173828125	n/a	0.0	1	155737	n/a
304.19140625	n/a	0.0	1	155746	n/a
304.20703125	n/a	1.0	2	155754	n/a
304.224609375	n/a	0.0	1	155763	n/a
304.240234375	n/a	1.0	2	155771	n/a
304.2578125	n/a	0.0	1	155780	n/a
304.2734375	n/a	1.0	2	155788	n/a
304.291015625	n/a	0.0	1	155797	n/a
304.306640625	n/a	1.0	2	155805	n/a
304.32421875	n/a	1.0	2	155814	n/a
304.33984375	n/a	0.0	1	155822	n/a
304.357421875	n/a	0.0	1	155831	n/a
304.373046875	n/a	1.0	2	155839	n/a
304.390625	n/a	1.0	2	155848	n/a
304.40625	n/a	0.0	1	155856	n/a
304.423828125	n/a	0.0	1	155865	n/a
304.44140625	n/a	1.0	2	155874	n/a
304.45703125	n/a	0.0	1	155882	n/a
304.474609375	n/a	1.0	2	155891	n/a
304.490234375	n/a	1.0	2	155899	n/a
304.5078125	n/a	0.0	1	155908	n/a
304.5234375	n/a	1.0	2	155916	n/a
304.541015625	n/a	0.0	1	155925	n/a
304.556640625	n/a	0.0	1	155933	n/a
304.57421875	n/a	1.0	2	155942	n/a
304.58984375	n/a	1.0	2	155950	n/a
304.607421875	n/a	0.0	1	155959	n/a
304.623046875	n/a	1.0	2	155967	n/a
304.640625	n/a	0.0	1	155976	n/a
304.65625	n/a	0.0	1	155984	n/a
304.673828125	n/a	1.0	2	155993	n/a
304.69140625	n/a	0.0	1	156002	n/a
304.70703125	n/a	1.0	2	156010	n/a
304.724609375	n/a	1.0	2	156019	n/a
304.740234375	n/a	0.0	1	156027	n/a
304.7578125	n/a	1.0	2	156036	n/a
304.7734375	n/a	0.0	1	156044	n/a
304.791015625	n/a	0.0	1	156053	n/a
304.806640625	n/a	1.0	2	156061	n/a
304.82421875	n/a	0.0	1	156070	n/a
304.83984375	n/a	1.0	2	156078	n/a
304.857421875	n/a	1.0	2	156087	n/a
304.873046875	n/a	0.0	1	156095	n/a
304.890625	n/a	0.0	1	156104	n/a
304.90625	n/a	1.0	2	156112	n/a
304.923828125	n/a	1.0	2	156121	n/a
304.94140625	n/a	0.0	1	156130	n/a
304.95703125	n/a	1.0	2	156138	n/a
304.974609375	n/a	0.0	1	156147	n/a
304.990234375	n/a	1.0	2	156155	n/a
305.0078125	n/a	0.0	1	156164	n/a
305.0234375	n/a	0.0	1	156172	n/a
305.041015625	n/a	1.0	2	156181	n/a
305.056640625	n/a	0.0	1	156189	n/a
305.07421875	n/a	1.0	2	156198	n/a
305.08984375	n/a	1.0	2	156206	n/a
305.107421875	n/a	0.0	1	156215	n/a
305.123046875	n/a	1.0	2	156223	n/a
305.140625	n/a	0.0	1	156232	n/a
305.15625	n/a	1.0	2	156240	n/a
305.173828125	n/a	0.0	1	156249	n/a
305.19140625	n/a	1.0	2	156258	n/a
305.20703125	n/a	0.0	1	156266	n/a
305.224609375	n/a	1.0	2	156275	n/a
305.240234375	n/a	0.0	1	156283	n/a
305.2578125	n/a	0.0	1	156292	n/a
305.2734375	n/a	1.0	2	156300	n/a
305.291015625	n/a	0.0	1	156309	n/a
305.306640625	n/a	1.0	2	156317	n/a
305.32421875	n/a	1.0	2	156326	n/a
305.33984375	n/a	0.0	1	156334	n/a
305.357421875	n/a	1.0	2	156343	n/a
305.373046875	n/a	0.0	1	156351	n/a
305.390625	n/a	0.0	1	156360	n/a
305.40625	n/a	1.0	2	156368	n/a
306.7109375	n/a	1.0	2	157036	8.0
306.728515625	n/a	0.0	1	157045	n/a
306.744140625	n/a	0.0	1	157053	n/a
306.76171875	n/a	1.0	2	157062	n/a
306.77734375	n/a	0.0	1	157070	n/a
306.794921875	n/a	1.0	2	157079	n/a
306.810546875	n/a	1.0	2	157087	n/a
306.828125	n/a	0.0	1	157096	n/a
306.84375	n/a	1.0	2	157104	n/a
306.861328125	n/a	0.0	1	157113	n/a
306.876953125	n/a	0.0	1	157121	n/a
306.89453125	n/a	1.0	2	157130	n/a
306.91015625	n/a	1.0	2	157138	n/a
306.927734375	n/a	0.0	1	157147	n/a
306.943359375	n/a	0.0	1	157155	n/a
306.9609375	n/a	1.0	2	157164	n/a
306.978515625	n/a	0.0	1	157173	n/a
306.994140625	n/a	1.0	2	157181	n/a
307.01171875	n/a	0.0	1	157190	n/a
307.02734375	n/a	1.0	2	157198	n/a
307.044921875	n/a	0.0	1	157207	n/a
307.060546875	n/a	1.0	2	157215	n/a
307.078125	n/a	0.0	1	157224	n/a
307.09375	n/a	1.0	2	157232	n/a
307.111328125	n/a	1.0	2	157241	n/a
307.126953125	n/a	0.0	1	157249	n/a
307.14453125	n/a	0.0	1	157258	n/a
307.16015625	n/a	1.0	2	157266	n/a
307.177734375	n/a	0.0	1	157275	n/a
307.193359375	n/a	1.0	2	157283	n/a
307.2109375	n/a	1.0	2	157292	n/a
307.228515625	n/a	0.0	1	157301	n/a
307.244140625	n/a	1.0	2	157309	n/a
307.26171875	n/a	0.0	1	157318	n/a
307.27734375	n/a	0.0	1	157326	n/a
307.294921875	n/a	1.0	2	157335	n/a
307.310546875	n/a	1.0	2	157343	n/a
307.328125	n/a	0.0	1	157352	n/a
307.34375	n/a	1.0	2	157360	n/a
307.361328125	n/a	0.0	1	157369	n/a
307.376953125	n/a	0.0	1	157377	n/a
307.39453125	n/a	1.0	2	157386	n/a
307.41015625	n/a	1.0	2	157394	n/a
307.427734375	n/a	0.0	1	157403	n/a
307.443359375	n/a	0.0	1	157411	n/a
307.4609375	n/a	1.0	2	157420	n/a
307.478515625	n/a	1.0	2	157429	n/a
307.494140625	n/a	0.0	1	157437	n/a
307.51171875	n/a	1.0	2	157446	n/a
307.52734375	n/a	0.0	1	157454	n/a
307.544921875	n/a	1.0	2	157463	n/a
307.560546875	n/a	0.0	1	157471	n/a
307.578125	n/a	0.0	1	157480	n/a
307.59375	n/a	1.0	2	157488	n/a
307.611328125	n/a	1.0	2	157497	n/a
307.626953125	n/a	0.0	1	157505	n/a
307.64453125	n/a	1.0	2	157514	n/a
307.66015625	n/a	0.0	1	157522	n/a
307.677734375	n/a	0.0	1	157531	n/a
307.693359375	n/a	1.0	2	157539	n/a
307.7109375	n/a	1.0	2	157548	n/a
307.728515625	n/a	0.0	1	157557	n/a
307.744140625	n/a	0.0	1	157565	n/a
307.76171875	n/a	1.0	2	157574	n/a
307.77734375	n/a	1.0	2	157582	n/a
307.794921875	n/a	0.0	1	157591	n/a
307.810546875	n/a	1.0	2	157599	n/a
307.828125	n/a	0.0	1	157608	n/a
307.84375	n/a	0.0	1	157616	n/a
307.861328125	n/a	1.0	2	157625	n/a
307.876953125	n/a	1.0	2	157633	n/a
307.89453125	n/a	0.0	1	157642	n/a
307.91015625	n/a	1.0	2	157650	n/a
307.927734375	n/a	0.0	1	157659	n/a
307.943359375	n/a	0.0	1	157667	n/a
307.9609375	n/a	1.0	2	157676	n/a
307.978515625	n/a	1.0	2	157685	n/a
307.994140625	n/a	0.0	1	157693	n/a
308.01171875	n/a	0.0	1	157702	n/a
308.02734375	n/a	1.0	2	157710	n/a
308.044921875	n/a	1.0	2	157719	n/a
308.060546875	n/a	0.0	1	157727	n/a
308.078125	n/a	1.0	2	157736	n/a
308.09375	n/a	0.0	1	157744	n/a
308.111328125	n/a	0.0	1	157753	n/a
308.126953125	n/a	1.0	2	157761	n/a
308.14453125	n/a	0.0	1	157770	n/a
308.16015625	n/a	1.0	2	157778	n/a
308.177734375	n/a	1.0	2	157787	n/a
308.193359375	n/a	0.0	1	157795	n/a
308.2109375	n/a	0.0	1	157804	n/a
308.228515625	n/a	1.0	2	157813	n/a
308.244140625	n/a	0.0	1	157821	n/a
308.26171875	n/a	1.0	2	157830	n/a
308.27734375	n/a	0.0	1	157838	n/a
308.294921875	n/a	1.0	2	157847	n/a
308.310546875	n/a	0.0	1	157855	n/a
308.328125	n/a	1.0	2	157864	n/a
308.34375	n/a	1.0	2	157872	n/a
308.361328125	n/a	0.0	1	157881	n/a
308.376953125	n/a	0.0	1	157889	n/a
308.39453125	n/a	1.0	2	157898	n/a
308.41015625	n/a	1.0	2	157906	n/a
308.427734375	n/a	0.0	1	157915	n/a
308.443359375	n/a	0.0	1	157923	n/a
308.4609375	n/a	1.0	2	157932	n/a
308.478515625	n/a	1.0	2	157941	n/a
308.494140625	n/a	0.0	1	157949	n/a
308.51171875	n/a	0.0	1	157958	n/a
308.52734375	n/a	1.0	2	157966	n/a
308.544921875	n/a	0.0	1	157975	n/a
308.560546875	n/a	1.0	2	157983	n/a
308.578125	n/a	1.0	2	157992	n/a
308.59375	n/a	0.0	1	158000	n/a
308.611328125	n/a	0.0	1	158009	n/a
308.626953125	n/a	1.0	2	158017	n/a
308.64453125	n/a	1.0	2	158026	n/a
308.66015625	n/a	0.0	1	158034	n/a
308.677734375	n/a	1.0	2	158043	n/a
308.693359375	n/a	0.0	1	158051	n/a
308.7109375	n/a	1.0	2	158060	n/a
308.728515625	n/a	0.0	1	158069	n/a
308.744140625	n/a	0.0	1	158077	n/a
308.76171875	n/a	1.0	2	158086	n/a
308.77734375	n/a	1.0	2	158094	n/a
308.794921875	n/a	0.0	1	158103	n/a
308.810546875	n/a	1.0	2	158111	n/a
308.828125	n/a	0.0	1	158120	n/a
308.84375	n/a	0.0	1	158128	n/a
308.861328125	n/a	1.0	2	158137	n/a
308.876953125	n/a	0.0	1	158145	n/a
308.89453125	n/a	1.0	2	158154	n/a
308.91015625	n/a	1.0	2	158162	n/a
308.927734375	n/a	0.0	1	158171	n/a
308.943359375	n/a	1.0	2	158179	n/a
308.9609375	n/a	0.0	1	158188	n/a
308.978515625	n/a	0.0	1	158197	n/a
308.994140625	n/a	1.0	2	158205	n/a
309.01171875	n/a	1.0	2	158214	n/a
309.02734375	n/a	0.0	1	158222	n/a
309.044921875	n/a	0.0	1	158231	n/a
309.060546875	n/a	1.0	2	158239	n/a
309.078125	n/a	0.0	1	158248	n/a
309.09375	n/a	1.0	2	158256	n/a
309.111328125	n/a	0.0	1	158265	n/a
309.126953125	n/a	1.0	2	158273	n/a
309.14453125	n/a	0.0	1	158282	n/a
309.16015625	n/a	1.0	2	158290	n/a
309.177734375	n/a	0.0	1	158299	n/a
309.193359375	n/a	1.0	2	158307	n/a
309.2109375	n/a	1.0	2	158316	n/a
309.228515625	n/a	0.0	1	158325	n/a
309.244140625	n/a	0.0	1	158333	n/a
309.26171875	n/a	1.0	2	158342	n/a
309.27734375	n/a	0.0	1	158350	n/a
309.294921875	n/a	1.0	2	158359	n/a
309.310546875	n/a	1.0	2	158367	n/a
309.328125	n/a	0.0	1	158376	n/a
309.34375	n/a	1.0	2	158384	n/a
309.361328125	n/a	0.0	1	158393	n/a
309.376953125	n/a	0.0	1	158401	n/a
309.39453125	n/a	1.0	2	158410	n/a
309.41015625	n/a	1.0	2	158418	n/a
309.427734375	n/a	0.0	1	158427	n/a
309.443359375	n/a	1.0	2	158435	n/a
309.4609375	n/a	0.0	1	158444	n/a
309.478515625	n/a	0.0	1	158453	n/a
309.494140625	n/a	1.0	2	158461	n/a
309.51171875	n/a	1.0	2	158470	n/a
309.52734375	n/a	0.0	1	158478	n/a
309.544921875	n/a	0.0	1	158487	n/a
309.560546875	n/a	1.0	2	158495	n/a
309.578125	n/a	1.0	2	158504	n/a
309.59375	n/a	0.0	1	158512	n/a
309.611328125	n/a	1.0	2	158521	n/a
309.626953125	n/a	0.0	1	158529	n/a
309.64453125	n/a	1.0	2	158538	n/a
309.66015625	n/a	0.0	1	158546	n/a
309.677734375	n/a	0.0	1	158555	n/a
309.693359375	n/a	1.0	2	158563	n/a
309.7109375	n/a	1.0	2	158572	n/a
309.728515625	n/a	0.0	1	158581	n/a
309.744140625	n/a	1.0	2	158589	n/a
309.76171875	n/a	0.0	1	158598	n/a
309.77734375	n/a	0.0	1	158606	n/a
309.794921875	n/a	1.0	2	158615	n/a
309.810546875	n/a	1.0	2	158623	n/a
309.828125	n/a	0.0	1	158632	n/a
309.84375	n/a	0.0	1	158640	n/a
309.861328125	n/a	1.0	2	158649	n/a
309.876953125	n/a	1.0	2	158657	n/a
309.89453125	n/a	0.0	1	158666	n/a
309.91015625	n/a	1.0	2	158674	n/a
309.927734375	n/a	0.0	1	158683	n/a
309.943359375	n/a	0.0	1	158691	n/a
309.9609375	n/a	1.0	2	158700	n/a
309.978515625	n/a	1.0	2	158709	n/a
309.994140625	n/a	0.0	1	158717	n/a
310.01171875	n/a	1.0	2	158726	n/a
310.02734375	n/a	0.0	1	158734	n/a
310.044921875	n/a	0.0	1	158743	n/a
310.060546875	n/a	1.0	2	158751	n/a
310.078125	n/a	1.0	2	158760	n/a
310.09375	n/a	0.0	1	158768	n/a
310.111328125	n/a	0.0	1	158777	n/a
310.126953125	n/a	1.0	2	158785	n/a
310.14453125	n/a	1.0	2	158794	n/a
310.16015625	n/a	0.0	1	158802	n/a
310.177734375	n/a	1.0	2	158811	n/a
310.193359375	n/a	0.0	1	158819	n/a
310.2109375	n/a	0.0	1	158828	n/a
310.228515625	n/a	1.0	2	158837	n/a
310.244140625	n/a	0.0	1	158845	n/a
310.26171875	n/a	1.0	2	158854	n/a
310.27734375	n/a	1.0	2	158862	n/a
310.294921875	n/a	0.0	1	158871	n/a
310.310546875	n/a	0.0	1	158879	n/a
310.328125	n/a	1.0	2	158888	n/a
310.34375	n/a	0.0	1	158896	n/a
310.361328125	n/a	1.0	2	158905	n/a
310.376953125	n/a	0.0	1	158913	n/a
310.39453125	n/a	1.0	2	158922	n/a
310.41015625	n/a	0.0	1	158930	n/a
310.427734375	n/a	1.0	2	158939	n/a
310.443359375	n/a	1.0	2	158947	n/a
310.4609375	n/a	0.0	1	158956	n/a
310.478515625	n/a	0.0	1	158965	n/a
310.494140625	n/a	1.0	2	158973	n/a
310.51171875	n/a	1.0	2	158982	n/a
310.52734375	n/a	0.0	1	158990	n/a
310.544921875	n/a	0.0	1	158999	n/a
310.560546875	n/a	1.0	2	159007	n/a
310.578125	n/a	1.0	2	159016	n/a
310.59375	n/a	0.0	1	159024	n/a
310.611328125	n/a	0.0	1	159033	n/a
310.626953125	n/a	1.0	2	159041	n/a
310.64453125	n/a	0.0	1	159050	n/a
310.66015625	n/a	1.0	2	159058	n/a
310.677734375	n/a	1.0	2	159067	n/a
310.693359375	n/a	0.0	1	159075	n/a
310.7109375	n/a	0.0	1	159084	n/a
310.728515625	n/a	1.0	2	159093	n/a
310.744140625	n/a	1.0	2	159101	n/a
310.76171875	n/a	0.0	1	159110	n/a
310.77734375	n/a	1.0	2	159118	n/a
310.794921875	n/a	0.0	1	159127	n/a
310.810546875	n/a	1.0	2	159135	n/a
310.828125	n/a	0.0	1	159144	n/a
310.84375	n/a	0.0	1	159152	n/a
310.861328125	n/a	1.0	2	159161	n/a
310.876953125	n/a	1.0	2	159169	n/a
310.89453125	n/a	0.0	1	159178	n/a
310.91015625	n/a	1.0	2	159186	n/a
310.927734375	n/a	0.0	1	159195	n/a
310.943359375	n/a	0.0	1	159203	n/a
310.9609375	n/a	1.0	2	159212	n/a
310.978515625	n/a	0.0	1	159221	n/a
310.994140625	n/a	1.0	2	159229	n/a
311.01171875	n/a	1.0	2	159238	n/a
311.02734375	n/a	0.0	1	159246	n/a
311.044921875	n/a	1.0	2	159255	n/a
311.060546875	n/a	0.0	1	159263	n/a
311.078125	n/a	0.0	1	159272	n/a
311.09375	n/a	1.0	2	159280	n/a
311.111328125	n/a	1.0	2	159289	n/a
311.126953125	n/a	0.0	1	159297	n/a
311.14453125	n/a	0.0	1	159306	n/a
311.16015625	n/a	1.0	2	159314	n/a
311.177734375	n/a	0.0	1	159323	n/a
311.193359375	n/a	1.0	2	159331	n/a
311.2109375	n/a	0.0	1	159340	n/a
311.228515625	n/a	1.0	2	159349	n/a
311.244140625	n/a	0.0	1	159357	n/a
311.26171875	n/a	1.0	2	159366	n/a
311.27734375	n/a	0.0	1	159374	n/a
311.294921875	n/a	1.0	2	159383	n/a
311.310546875	n/a	1.0	2	159391	n/a
311.328125	n/a	0.0	1	159400	n/a
311.34375	n/a	0.0	1	159408	n/a
311.361328125	n/a	1.0	2	159417	n/a
311.376953125	n/a	0.0	1	159425	n/a
311.39453125	n/a	1.0	2	159434	n/a
311.41015625	n/a	1.0	2	159442	n/a
311.427734375	n/a	0.0	1	159451	n/a
311.443359375	n/a	1.0	2	159459	n/a
311.4609375	n/a	0.0	1	159468	n/a
311.478515625	n/a	0.0	1	159477	n/a
311.494140625	n/a	1.0	2	159485	n/a
311.51171875	n/a	1.0	2	159494	n/a
311.52734375	n/a	0.0	1	159502	n/a
311.544921875	n/a	1.0	2	159511	n/a
311.560546875	n/a	0.0	1	159519	n/a
311.578125	n/a	0.0	1	159528	n/a
311.59375	n/a	1.0	2	159536	n/a
311.611328125	n/a	1.0	2	159545	n/a
311.626953125	n/a	0.0	1	159553	n/a
311.64453125	n/a	0.0	1	159562	n/a
311.66015625	n/a	1.0	2	159570	n/a
311.677734375	n/a	1.0	2	159579	n/a
311.693359375	n/a	0.0	1	159587	n/a
311.7109375	n/a	1.0	2	159596	n/a
311.728515625	n/a	0.0	1	159605	n/a
311.744140625	n/a	1.0	2	159613	n/a
311.76171875	n/a	0.0	1	159622	n/a
311.77734375	n/a	0.0	1	159630	n/a
311.794921875	n/a	1.0	2	159639	n/a
311.810546875	n/a	1.0	2	159647	n/a
311.828125	n/a	0.0	1	159656	n/a
311.84375	n/a	1.0	2	159664	n/a
311.861328125	n/a	0.0	1	159673	n/a
311.876953125	n/a	0.0	1	159681	n/a
311.89453125	n/a	1.0	2	159690	n/a
311.91015625	n/a	1.0	2	159698	n/a
311.927734375	n/a	0.0	1	159707	n/a
311.943359375	n/a	0.0	1	159715	n/a
311.9609375	n/a	1.0	2	159724	n/a
311.978515625	n/a	1.0	2	159733	n/a
311.994140625	n/a	0.0	1	159741	n/a
312.01171875	n/a	1.0	2	159750	n/a
312.02734375	n/a	0.0	1	159758	n/a
312.044921875	n/a	0.0	1	159767	n/a
312.060546875	n/a	1.0	2	159775	n/a
312.078125	n/a	1.0	2	159784	n/a
312.09375	n/a	0.0	1	159792	n/a
312.111328125	n/a	1.0	2	159801	n/a
312.126953125	n/a	0.0	1	159809	n/a
312.14453125	n/a	0.0	1	159818	n/a
312.16015625	n/a	1.0	2	159826	n/a
312.177734375	n/a	1.0	2	159835	n/a
312.193359375	n/a	0.0	1	159843	n/a
312.2109375	n/a	0.0	1	159852	n/a
312.228515625	n/a	1.0	2	159861	n/a
312.244140625	n/a	1.0	2	159869	n/a
312.26171875	n/a	0.0	1	159878	n/a
312.27734375	n/a	1.0	2	159886	n/a
312.294921875	n/a	0.0	1	159895	n/a
312.310546875	n/a	0.0	1	159903	n/a
312.328125	n/a	1.0	2	159912	n/a
312.34375	n/a	0.0	1	159920	n/a
312.361328125	n/a	1.0	2	159929	n/a
312.376953125	n/a	1.0	2	159937	n/a
312.39453125	n/a	0.0	1	159946	n/a
312.41015625	n/a	0.0	1	159954	n/a
312.427734375	n/a	1.0	2	159963	n/a
312.443359375	n/a	0.0	1	159971	n/a
312.4609375	n/a	1.0	2	159980	n/a
312.478515625	n/a	0.0	1	159989	n/a
312.494140625	n/a	1.0	2	159997	n/a
312.51171875	n/a	0.0	1	160006	n/a
312.52734375	n/a	1.0	2	160014	n/a
312.544921875	n/a	1.0	2	160023	n/a
312.560546875	n/a	0.0	1	160031	n/a
312.578125	n/a	0.0	1	160040	n/a
312.59375	n/a	1.0	2	160048	n/a
312.611328125	n/a	1.0	2	160057	n/a
312.626953125	n/a	0.0	1	160065	n/a
312.64453125	n/a	0.0	1	160074	n/a
312.66015625	n/a	1.0	2	160082	n/a
312.677734375	n/a	1.0	2	160091	n/a
312.693359375	n/a	0.0	1	160099	n/a
312.7109375	n/a	0.0	1	160108	n/a
312.728515625	n/a	1.0	2	160117	n/a
312.744140625	n/a	0.0	1	160125	n/a
312.76171875	n/a	1.0	2	160134	n/a
312.77734375	n/a	1.0	2	160142	n/a
312.794921875	n/a	0.0	1	160151	n/a
312.810546875	n/a	0.0	1	160159	n/a
312.828125	n/a	1.0	2	160168	n/a
312.84375	n/a	1.0	2	160176	n/a
312.861328125	n/a	0.0	1	160185	n/a
312.876953125	n/a	1.0	2	160193	n/a
312.89453125	n/a	0.0	1	160202	n/a
312.91015625	n/a	1.0	2	160210	n/a
312.927734375	n/a	0.0	1	160219	n/a
312.943359375	n/a	0.0	1	160227	n/a
312.9609375	n/a	1.0	2	160236	n/a
312.978515625	n/a	1.0	2	160245	n/a
312.994140625	n/a	0.0	1	160253	n/a
313.01171875	n/a	1.0	2	160262	n/a
313.02734375	n/a	0.0	1	160270	n/a
313.044921875	n/a	0.0	1	160279	n/a
313.060546875	n/a	1.0	2	160287	n/a
313.078125	n/a	0.0	1	160296	n/a
313.09375	n/a	1.0	2	160304	n/a
313.111328125	n/a	1.0	2	160313	n/a
313.126953125	n/a	0.0	1	160321	n/a
313.14453125	n/a	1.0	2	160330	n/a
313.16015625	n/a	0.0	1	160338	n/a
313.177734375	n/a	0.0	1	160347	n/a
313.193359375	n/a	1.0	2	160355	n/a
313.2109375	n/a	1.0	2	160364	n/a
313.228515625	n/a	0.0	1	160373	n/a
313.244140625	n/a	0.0	1	160381	n/a
313.26171875	n/a	1.0	2	160390	n/a
313.27734375	n/a	0.0	1	160398	n/a
313.294921875	n/a	1.0	2	160407	n/a
313.310546875	n/a	0.0	1	160415	n/a
313.328125	n/a	1.0	2	160424	n/a
313.34375	n/a	0.0	1	160432	n/a
313.361328125	n/a	1.0	2	160441	n/a
313.376953125	n/a	0.0	1	160449	n/a
313.39453125	n/a	1.0	2	160458	n/a
313.41015625	n/a	1.0	2	160466	n/a
313.427734375	n/a	0.0	1	160475	n/a
313.443359375	n/a	0.0	1	160483	n/a
313.4609375	n/a	1.0	2	160492	n/a
313.478515625	n/a	0.0	1	160501	n/a
313.494140625	n/a	1.0	2	160509	n/a
313.51171875	n/a	1.0	2	160518	n/a
313.52734375	n/a	0.0	1	160526	n/a
313.544921875	n/a	1.0	2	160535	n/a
313.560546875	n/a	0.0	1	160543	n/a
313.578125	n/a	0.0	1	160552	n/a
313.59375	n/a	1.0	2	160560	n/a
313.611328125	n/a	1.0	2	160569	n/a
313.626953125	n/a	0.0	1	160577	n/a
313.64453125	n/a	1.0	2	160586	n/a
313.66015625	n/a	0.0	1	160594	n/a
313.677734375	n/a	0.0	1	160603	n/a
313.693359375	n/a	1.0	2	160611	n/a
313.7109375	n/a	1.0	2	160620	n/a
313.728515625	n/a	0.0	1	160629	n/a
313.744140625	n/a	0.0	1	160637	n/a
313.76171875	n/a	1.0	2	160646	n/a
313.77734375	n/a	1.0	2	160654	n/a
313.794921875	n/a	0.0	1	160663	n/a
313.810546875	n/a	1.0	2	160671	n/a
313.828125	n/a	0.0	1	160680	n/a
313.84375	n/a	1.0	2	160688	n/a
313.861328125	n/a	0.0	1	160697	n/a
313.876953125	n/a	0.0	1	160705	n/a
313.89453125	n/a	1.0	2	160714	n/a
313.91015625	n/a	1.0	2	160722	n/a
313.927734375	n/a	0.0	1	160731	n/a
313.943359375	n/a	1.0	2	160739	n/a
313.9609375	n/a	0.0	1	160748	n/a
313.978515625	n/a	0.0	1	160757	n/a
313.994140625	n/a	1.0	2	160765	n/a
314.01171875	n/a	1.0	2	160774	n/a
314.02734375	n/a	0.0	1	160782	n/a
314.044921875	n/a	0.0	1	160791	n/a
314.060546875	n/a	1.0	2	160799	n/a
314.078125	n/a	1.0	2	160808	n/a
314.09375	n/a	0.0	1	160816	n/a
314.111328125	n/a	1.0	2	160825	n/a
314.126953125	n/a	0.0	1	160833	n/a
314.14453125	n/a	0.0	1	160842	n/a
314.16015625	n/a	1.0	2	160850	n/a
314.177734375	n/a	1.0	2	160859	n/a
314.193359375	n/a	0.0	1	160867	n/a
314.2109375	n/a	1.0	2	160876	n/a
314.228515625	n/a	0.0	1	160885	n/a
314.244140625	n/a	0.0	1	160893	n/a
314.26171875	n/a	1.0	2	160902	n/a
314.27734375	n/a	1.0	2	160910	n/a
314.294921875	n/a	0.0	1	160919	n/a
314.310546875	n/a	0.0	1	160927	n/a
314.328125	n/a	1.0	2	160936	n/a
314.34375	n/a	1.0	2	160944	n/a
314.361328125	n/a	0.0	1	160953	n/a
314.376953125	n/a	1.0	2	160961	n/a
314.39453125	n/a	0.0	1	160970	n/a
314.41015625	n/a	0.0	1	160978	n/a
314.427734375	n/a	1.0	2	160987	n/a
314.443359375	n/a	0.0	1	160995	n/a
314.4609375	n/a	1.0	2	161004	n/a
314.478515625	n/a	1.0	2	161013	n/a
314.494140625	n/a	0.0	1	161021	n/a
314.51171875	n/a	0.0	1	161030	n/a
314.52734375	n/a	1.0	2	161038	n/a
314.544921875	n/a	0.0	1	161047	n/a
314.560546875	n/a	1.0	2	161055	n/a
314.578125	n/a	0.0	1	161064	n/a
314.59375	n/a	1.0	2	161072	n/a
314.611328125	n/a	0.0	1	161081	n/a
314.626953125	n/a	1.0	2	161089	n/a
314.64453125	n/a	1.0	2	161098	n/a
314.66015625	n/a	0.0	1	161106	n/a
314.677734375	n/a	0.0	1	161115	n/a
314.693359375	n/a	1.0	2	161123	n/a
314.7109375	n/a	1.0	2	161132	n/a
314.728515625	n/a	0.0	1	161141	n/a
314.744140625	n/a	0.0	1	161149	n/a
314.76171875	n/a	1.0	2	161158	n/a
314.77734375	n/a	1.0	2	161166	n/a
314.794921875	n/a	0.0	1	161175	n/a
314.810546875	n/a	0.0	1	161183	n/a
314.828125	n/a	1.0	2	161192	n/a
314.84375	n/a	0.0	1	161200	n/a
314.861328125	n/a	1.0	2	161209	n/a
314.876953125	n/a	1.0	2	161217	n/a
314.89453125	n/a	0.0	1	161226	n/a
314.91015625	n/a	0.0	1	161234	n/a
314.927734375	n/a	1.0	2	161243	n/a
314.943359375	n/a	1.0	2	161251	n/a
314.9609375	n/a	0.0	1	161260	n/a
314.978515625	n/a	1.0	2	161269	n/a
314.994140625	n/a	0.0	1	161277	n/a
315.01171875	n/a	1.0	2	161286	n/a
315.02734375	n/a	0.0	1	161294	n/a
315.044921875	n/a	0.0	1	161303	n/a
315.060546875	n/a	1.0	2	161311	n/a
315.078125	n/a	1.0	2	161320	n/a
315.09375	n/a	0.0	1	161328	n/a
315.111328125	n/a	1.0	2	161337	n/a
315.126953125	n/a	0.0	1	161345	n/a
315.14453125	n/a	0.0	1	161354	n/a
315.16015625	n/a	1.0	2	161362	n/a
315.177734375	n/a	0.0	1	161371	n/a
315.193359375	n/a	1.0	2	161379	n/a
315.2109375	n/a	1.0	2	161388	n/a
315.228515625	n/a	0.0	1	161397	n/a
315.244140625	n/a	1.0	2	161405	n/a
315.26171875	n/a	0.0	1	161414	n/a
315.27734375	n/a	0.0	1	161422	n/a
315.294921875	n/a	1.0	2	161431	n/a
315.310546875	n/a	1.0	2	161439	n/a
315.328125	n/a	0.0	1	161448	n/a
315.34375	n/a	0.0	1	161456	n/a
315.361328125	n/a	1.0	2	161465	n/a
315.376953125	n/a	0.0	1	161473	n/a
315.39453125	n/a	1.0	2	161482	n/a
315.41015625	n/a	0.0	1	161490	n/a
315.427734375	n/a	1.0	2	161499	n/a
315.443359375	n/a	0.0	1	161507	n/a
315.4609375	n/a	1.0	2	161516	n/a
315.478515625	n/a	0.0	1	161525	n/a
315.494140625	n/a	1.0	2	161533	n/a
315.51171875	n/a	1.0	2	161542	n/a
315.52734375	n/a	0.0	1	161550	n/a
315.544921875	n/a	0.0	1	161559	n/a
315.560546875	n/a	1.0	2	161567	n/a
315.578125	n/a	0.0	1	161576	n/a
315.59375	n/a	1.0	2	161584	n/a
315.611328125	n/a	1.0	2	161593	n/a
315.626953125	n/a	0.0	1	161601	n/a
315.64453125	n/a	1.0	2	161610	n/a
315.66015625	n/a	0.0	1	161618	n/a
315.677734375	n/a	0.0	1	161627	n/a
315.693359375	n/a	1.0	2	161635	n/a
315.7109375	n/a	1.0	2	161644	n/a
315.728515625	n/a	0.0	1	161653	n/a
315.744140625	n/a	1.0	2	161661	n/a
315.76171875	n/a	0.0	1	161670	n/a
315.77734375	n/a	0.0	1	161678	n/a
315.794921875	n/a	1.0	2	161687	n/a
315.810546875	n/a	1.0	2	161695	n/a
315.828125	n/a	0.0	1	161704	n/a
315.84375	n/a	0.0	1	161712	n/a
315.861328125	n/a	1.0	2	161721	n/a
315.876953125	n/a	1.0	2	161729	n/a
315.89453125	n/a	0.0	1	161738	n/a
315.91015625	n/a	1.0	2	161746	n/a
315.927734375	n/a	0.0	1	161755	n/a
315.943359375	n/a	1.0	2	161763	n/a
315.9609375	n/a	0.0	1	161772	n/a
315.978515625	n/a	0.0	1	161781	n/a
315.994140625	n/a	1.0	2	161789	n/a
316.01171875	n/a	1.0	2	161798	n/a
316.02734375	n/a	0.0	1	161806	n/a
316.044921875	n/a	1.0	2	161815	n/a
316.060546875	n/a	0.0	1	161823	n/a
316.078125	n/a	0.0	1	161832	n/a
316.09375	n/a	1.0	2	161840	n/a
316.111328125	n/a	1.0	2	161849	n/a
316.126953125	n/a	0.0	1	161857	n/a
316.14453125	n/a	0.0	1	161866	n/a
316.16015625	n/a	1.0	2	161874	n/a
316.177734375	n/a	1.0	2	161883	n/a
316.193359375	n/a	0.0	1	161891	n/a
316.2109375	n/a	1.0	2	161900	n/a
316.228515625	n/a	0.0	1	161909	n/a
316.244140625	n/a	0.0	1	161917	n/a
316.26171875	n/a	1.0	2	161926	n/a
316.27734375	n/a	1.0	2	161934	n/a
316.294921875	n/a	0.0	1	161943	n/a
316.310546875	n/a	1.0	2	161951	n/a
316.328125	n/a	0.0	1	161960	n/a
316.34375	n/a	0.0	1	161968	n/a
316.361328125	n/a	1.0	2	161977	n/a
316.376953125	n/a	1.0	2	161985	n/a
316.39453125	n/a	0.0	1	161994	n/a
316.41015625	n/a	0.0	1	162002	n/a
316.427734375	n/a	1.0	2	162011	n/a
316.443359375	n/a	1.0	2	162019	n/a
316.4609375	n/a	0.0	1	162028	n/a
316.478515625	n/a	1.0	2	162037	n/a
316.494140625	n/a	0.0	1	162045	n/a
316.51171875	n/a	0.0	1	162054	n/a
316.52734375	n/a	1.0	2	162062	n/a
316.544921875	n/a	0.0	1	162071	n/a
316.560546875	n/a	1.0	2	162079	n/a
316.578125	n/a	1.0	2	162088	n/a
316.59375	n/a	0.0	1	162096	n/a
316.611328125	n/a	0.0	1	162105	n/a
316.626953125	n/a	1.0	2	162113	n/a
316.64453125	n/a	0.0	1	162122	n/a
316.66015625	n/a	1.0	2	162130	n/a
316.677734375	n/a	0.0	1	162139	n/a
316.693359375	n/a	1.0	2	162147	n/a
316.7109375	n/a	0.0	1	162156	n/a
316.728515625	n/a	1.0	2	162165	n/a
316.744140625	n/a	1.0	2	162173	n/a
316.76171875	n/a	0.0	1	162182	n/a
316.77734375	n/a	0.0	1	162190	n/a
316.794921875	n/a	1.0	2	162199	n/a
316.810546875	n/a	1.0	2	162207	n/a
316.828125	n/a	0.0	1	162216	n/a
316.84375	n/a	0.0	1	162224	n/a
316.861328125	n/a	1.0	2	162233	n/a
316.876953125	n/a	1.0	2	162241	n/a
316.89453125	n/a	0.0	1	162250	n/a
316.91015625	n/a	0.0	1	162258	n/a
316.927734375	n/a	1.0	2	162267	n/a
316.943359375	n/a	0.0	1	162275	n/a
316.9609375	n/a	1.0	2	162284	n/a
316.978515625	n/a	1.0	2	162293	n/a
316.994140625	n/a	0.0	1	162301	n/a
317.01171875	n/a	0.0	1	162310	n/a
317.02734375	n/a	1.0	2	162318	n/a
317.044921875	n/a	1.0	2	162327	n/a
317.060546875	n/a	0.0	1	162335	n/a
317.078125	n/a	1.0	2	162344	n/a
317.09375	n/a	0.0	1	162352	n/a
317.111328125	n/a	1.0	2	162361	n/a
317.126953125	n/a	0.0	1	162369	n/a
317.14453125	n/a	0.0	1	162378	n/a
317.16015625	n/a	1.0	2	162386	n/a
317.177734375	n/a	1.0	2	162395	n/a
317.193359375	n/a	0.0	1	162403	n/a
317.2109375	n/a	1.0	2	162412	n/a
317.228515625	n/a	0.0	1	162421	n/a
317.244140625	n/a	0.0	1	162429	n/a
317.26171875	n/a	1.0	2	162438	n/a
317.27734375	n/a	0.0	1	162446	n/a
317.294921875	n/a	1.0	2	162455	n/a
317.310546875	n/a	1.0	2	162463	n/a
317.328125	n/a	0.0	1	162472	n/a
317.34375	n/a	1.0	2	162480	n/a
317.361328125	n/a	0.0	1	162489	n/a
317.376953125	n/a	0.0	1	162497	n/a
317.39453125	n/a	1.0	2	162506	n/a
317.41015625	n/a	1.0	2	162514	n/a
317.427734375	n/a	0.0	1	162523	n/a
317.443359375	n/a	0.0	1	162531	n/a
317.4609375	n/a	1.0	2	162540	n/a
317.478515625	n/a	0.0	1	162549	n/a
317.494140625	n/a	1.0	2	162557	n/a
317.51171875	n/a	0.0	1	162566	n/a
317.52734375	n/a	1.0	2	162574	n/a
317.544921875	n/a	0.0	1	162583	n/a
317.560546875	n/a	1.0	2	162591	n/a
317.578125	n/a	0.0	1	162600	n/a
317.59375	n/a	1.0	2	162608	n/a
317.611328125	n/a	1.0	2	162617	n/a
317.626953125	n/a	0.0	1	162625	n/a
317.64453125	n/a	0.0	1	162634	n/a
317.66015625	n/a	1.0	2	162642	n/a
317.677734375	n/a	0.0	1	162651	n/a
317.693359375	n/a	1.0	2	162659	n/a
317.7109375	n/a	1.0	2	162668	n/a
317.728515625	n/a	0.0	1	162677	n/a
317.744140625	n/a	1.0	2	162685	n/a
317.76171875	n/a	0.0	1	162694	n/a
317.77734375	n/a	0.0	1	162702	n/a
317.794921875	n/a	1.0	2	162711	n/a
317.810546875	n/a	1.0	2	162719	n/a
317.828125	n/a	0.0	1	162728	n/a
317.84375	n/a	1.0	2	162736	n/a
317.861328125	n/a	0.0	1	162745	n/a
317.876953125	n/a	0.0	1	162753	n/a
317.89453125	n/a	1.0	2	162762	n/a
317.91015625	n/a	1.0	2	162770	n/a
317.927734375	n/a	0.0	1	162779	n/a
317.943359375	n/a	0.0	1	162787	n/a
317.9609375	n/a	1.0	2	162796	n/a
317.978515625	n/a	1.0	2	162805	n/a
317.994140625	n/a	0.0	1	162813	n/a
318.01171875	n/a	1.0	2	162822	n/a
318.02734375	n/a	0.0	1	162830	n/a
318.044921875	n/a	1.0	2	162839	n/a
318.060546875	n/a	0.0	1	162847	n/a
318.078125	n/a	0.0	1	162856	n/a
318.09375	n/a	1.0	2	162864	n/a
318.111328125	n/a	1.0	2	162873	n/a
318.126953125	n/a	0.0	1	162881	n/a
318.14453125	n/a	1.0	2	162890	n/a
318.16015625	n/a	0.0	1	162898	n/a
318.177734375	n/a	0.0	1	162907	n/a
318.193359375	n/a	1.0	2	162915	n/a
318.2109375	n/a	1.0	2	162924	n/a
318.228515625	n/a	0.0	1	162933	n/a
318.244140625	n/a	0.0	1	162941	n/a
318.26171875	n/a	1.0	2	162950	n/a
318.27734375	n/a	1.0	2	162958	n/a
318.294921875	n/a	0.0	1	162967	n/a
318.310546875	n/a	1.0	2	162975	n/a
318.328125	n/a	0.0	1	162984	n/a
318.34375	n/a	0.0	1	162992	n/a
318.361328125	n/a	1.0	2	163001	n/a
318.376953125	n/a	1.0	2	163009	n/a
318.39453125	n/a	0.0	1	163018	n/a
318.41015625	n/a	1.0	2	163026	n/a
318.427734375	n/a	0.0	1	163035	n/a
318.443359375	n/a	0.0	1	163043	n/a
318.4609375	n/a	1.0	2	163052	n/a
318.478515625	n/a	1.0	2	163061	n/a
318.494140625	n/a	0.0	1	163069	n/a
318.51171875	n/a	0.0	1	163078	n/a
318.52734375	n/a	1.0	2	163086	n/a
318.544921875	n/a	1.0	2	163095	n/a
318.560546875	n/a	0.0	1	163103	n/a
318.578125	n/a	1.0	2	163112	n/a
318.59375	n/a	0.0	1	163120	n/a
318.611328125	n/a	0.0	1	163129	n/a
318.626953125	n/a	1.0	2	163137	n/a
318.64453125	n/a	0.0	1	163146	n/a
318.66015625	n/a	1.0	2	163154	n/a
318.677734375	n/a	1.0	2	163163	n/a
318.693359375	n/a	0.0	1	163171	n/a
318.7109375	n/a	0.0	1	163180	n/a
318.728515625	n/a	1.0	2	163189	n/a
318.744140625	n/a	0.0	1	163197	n/a
318.76171875	n/a	1.0	2	163206	n/a
318.77734375	n/a	0.0	1	163214	n/a
318.794921875	n/a	1.0	2	163223	n/a
318.810546875	n/a	0.0	1	163231	n/a
318.828125	n/a	1.0	2	163240	n/a
318.84375	n/a	1.0	2	163248	n/a
318.861328125	n/a	0.0	1	163257	n/a
318.876953125	n/a	0.0	1	163265	n/a
318.89453125	n/a	1.0	2	163274	n/a
318.91015625	n/a	1.0	2	163282	n/a
318.927734375	n/a	0.0	1	163291	n/a
318.943359375	n/a	0.0	1	163299	n/a
318.9609375	n/a	1.0	2	163308	n/a
318.978515625	n/a	1.0	2	163317	n/a
318.994140625	n/a	0.0	1	163325	n/a
319.01171875	n/a	0.0	1	163334	n/a
319.02734375	n/a	1.0	2	163342	n/a
319.044921875	n/a	0.0	1	163351	n/a
319.060546875	n/a	1.0	2	163359	n/a
319.078125	n/a	1.0	2	163368	n/a
319.09375	n/a	0.0	1	163376	n/a
319.111328125	n/a	0.0	1	163385	n/a
319.126953125	n/a	1.0	2	163393	n/a
319.14453125	n/a	1.0	2	163402	n/a
319.16015625	n/a	0.0	1	163410	n/a
319.177734375	n/a	1.0	2	163419	n/a
319.193359375	n/a	0.0	1	163427	n/a
319.2109375	n/a	1.0	2	163436	n/a
319.228515625	n/a	0.0	1	163445	n/a
319.244140625	n/a	0.0	1	163453	n/a
319.26171875	n/a	1.0	2	163462	n/a
319.27734375	n/a	1.0	2	163470	n/a
319.294921875	n/a	0.0	1	163479	n/a
319.310546875	n/a	1.0	2	163487	n/a
319.328125	n/a	0.0	1	163496	n/a
319.34375	n/a	0.0	1	163504	n/a
319.361328125	n/a	1.0	2	163513	n/a
319.376953125	n/a	0.0	1	163521	n/a
319.39453125	n/a	1.0	2	163530	n/a
319.41015625	n/a	1.0	2	163538	n/a
319.427734375	n/a	0.0	1	163547	n/a
319.443359375	n/a	1.0	2	163555	n/a
319.4609375	n/a	0.0	1	163564	n/a
319.478515625	n/a	0.0	1	163573	n/a
319.494140625	n/a	1.0	2	163581	n/a
319.51171875	n/a	1.0	2	163590	n/a
319.52734375	n/a	0.0	1	163598	n/a
319.544921875	n/a	0.0	1	163607	n/a
319.560546875	n/a	1.0	2	163615	n/a
319.578125	n/a	0.0	1	163624	n/a
319.59375	n/a	1.0	2	163632	n/a
319.611328125	n/a	0.0	1	163641	n/a
319.626953125	n/a	1.0	2	163649	n/a
319.64453125	n/a	0.0	1	163658	n/a
319.66015625	n/a	1.0	2	163666	n/a
319.677734375	n/a	0.0	1	163675	n/a
319.693359375	n/a	1.0	2	163683	n/a
319.7109375	n/a	1.0	2	163692	n/a
319.728515625	n/a	0.0	1	163701	n/a
319.744140625	n/a	0.0	1	163709	n/a
319.76171875	n/a	1.0	2	163718	n/a
319.77734375	n/a	0.0	1	163726	n/a
319.794921875	n/a	1.0	2	163735	n/a
319.810546875	n/a	1.0	2	163743	n/a
319.828125	n/a	0.0	1	163752	n/a
319.84375	n/a	1.0	2	163760	n/a
319.861328125	n/a	0.0	1	163769	n/a
319.876953125	n/a	0.0	1	163777	n/a
319.89453125	n/a	1.0	2	163786	n/a
319.91015625	n/a	1.0	2	163794	n/a
319.927734375	n/a	0.0	1	163803	n/a
319.943359375	n/a	1.0	2	163811	n/a
319.9609375	n/a	0.0	1	163820	n/a
319.978515625	n/a	0.0	1	163829	n/a
319.994140625	n/a	1.0	2	163837	n/a
320.01171875	n/a	1.0	2	163846	n/a
320.02734375	n/a	0.0	1	163854	n/a
320.044921875	n/a	0.0	1	163863	n/a
320.060546875	n/a	1.0	2	163871	n/a
320.078125	n/a	1.0	2	163880	n/a
320.09375	n/a	0.0	1	163888	n/a
320.111328125	n/a	1.0	2	163897	n/a
320.126953125	n/a	0.0	1	163905	n/a
320.14453125	n/a	1.0	2	163914	n/a
320.16015625	n/a	0.0	1	163922	n/a
320.177734375	n/a	0.0	1	163931	n/a
320.193359375	n/a	1.0	2	163939	n/a
320.2109375	n/a	1.0	2	163948	n/a
320.228515625	n/a	0.0	1	163957	n/a
320.244140625	n/a	1.0	2	163965	n/a
320.26171875	n/a	0.0	1	163974	n/a
320.27734375	n/a	0.0	1	163982	n/a
320.294921875	n/a	1.0	2	163991	n/a
320.310546875	n/a	1.0	2	163999	n/a
320.328125	n/a	0.0	1	164008	n/a
320.34375	n/a	0.0	1	164016	n/a
320.361328125	n/a	1.0	2	164025	n/a
320.376953125	n/a	1.0	2	164033	n/a
320.39453125	n/a	0.0	1	164042	n/a
320.41015625	n/a	1.0	2	164050	n/a
320.427734375	n/a	0.0	1	164059	n/a
320.443359375	n/a	0.0	1	164067	n/a
320.4609375	n/a	1.0	2	164076	n/a
320.478515625	n/a	1.0	2	164085	n/a
320.494140625	n/a	0.0	1	164093	n/a
320.51171875	n/a	1.0	2	164102	n/a
320.52734375	n/a	0.0	1	164110	n/a
320.544921875	n/a	0.0	1	164119	n/a
320.560546875	n/a	1.0	2	164127	n/a
320.578125	n/a	1.0	2	164136	n/a
320.59375	n/a	0.0	1	164144	n/a
320.611328125	n/a	0.0	1	164153	n/a
320.626953125	n/a	1.0	2	164161	n/a
320.64453125	n/a	1.0	2	164170	n/a
320.66015625	n/a	0.0	1	164178	n/a
320.677734375	n/a	1.0	2	164187	n/a
320.693359375	n/a	0.0	1	164195	n/a
320.7109375	n/a	0.0	1	164204	n/a
320.728515625	n/a	1.0	2	164213	n/a
320.744140625	n/a	0.0	1	164221	n/a
320.76171875	n/a	1.0	2	164230	n/a
320.77734375	n/a	1.0	2	164238	n/a
320.794921875	n/a	0.0	1	164247	n/a
320.810546875	n/a	0.0	1	164255	n/a
320.828125	n/a	1.0	2	164264	n/a
320.84375	n/a	0.0	1	164272	n/a
320.861328125	n/a	1.0	2	164281	n/a
320.876953125	n/a	0.0	1	164289	n/a
320.89453125	n/a	1.0	2	164298	n/a
320.91015625	n/a	0.0	1	164306	n/a
320.927734375	n/a	1.0	2	164315	n/a
320.943359375	n/a	1.0	2	164323	n/a
320.9609375	n/a	0.0	1	164332	n/a
320.978515625	n/a	0.0	1	164341	n/a
320.994140625	n/a	1.0	2	164349	n/a
321.01171875	n/a	1.0	2	164358	n/a
321.02734375	n/a	0.0	1	164366	n/a
321.044921875	n/a	0.0	1	164375	n/a
321.060546875	n/a	1.0	2	164383	n/a
321.078125	n/a	1.0	2	164392	n/a
321.09375	n/a	0.0	1	164400	n/a
321.111328125	n/a	0.0	1	164409	n/a
321.126953125	n/a	1.0	2	164417	n/a
321.14453125	n/a	0.0	1	164426	n/a
321.16015625	n/a	1.0	2	164434	n/a
321.177734375	n/a	1.0	2	164443	n/a
321.193359375	n/a	0.0	1	164451	n/a
321.2109375	n/a	0.0	1	164460	n/a
321.228515625	n/a	1.0	2	164469	n/a
321.244140625	n/a	1.0	2	164477	n/a
321.26171875	n/a	0.0	1	164486	n/a
321.27734375	n/a	1.0	2	164494	n/a
321.294921875	n/a	0.0	1	164503	n/a
321.310546875	n/a	1.0	2	164511	n/a
321.328125	n/a	0.0	1	164520	n/a
321.34375	n/a	0.0	1	164528	n/a
321.361328125	n/a	1.0	2	164537	n/a
321.376953125	n/a	1.0	2	164545	n/a
321.39453125	n/a	0.0	1	164554	n/a
321.41015625	n/a	1.0	2	164562	n/a
321.427734375	n/a	0.0	1	164571	n/a
321.443359375	n/a	0.0	1	164579	n/a
321.4609375	n/a	1.0	2	164588	n/a
321.478515625	n/a	0.0	1	164597	n/a
321.494140625	n/a	1.0	2	164605	n/a
321.51171875	n/a	1.0	2	164614	n/a
321.52734375	n/a	0.0	1	164622	n/a
321.544921875	n/a	1.0	2	164631	n/a
321.560546875	n/a	0.0	1	164639	n/a
321.578125	n/a	0.0	1	164648	n/a
321.59375	n/a	1.0	2	164656	n/a
321.611328125	n/a	1.0	2	164665	n/a
321.626953125	n/a	0.0	1	164673	n/a
321.64453125	n/a	0.0	1	164682	n/a
321.66015625	n/a	1.0	2	164690	n/a
321.677734375	n/a	0.0	1	164699	n/a
321.693359375	n/a	1.0	2	164707	n/a
321.7109375	n/a	0.0	1	164716	n/a
321.728515625	n/a	1.0	2	164725	n/a
321.744140625	n/a	0.0	1	164733	n/a
321.76171875	n/a	1.0	2	164742	n/a
321.77734375	n/a	0.0	1	164750	n/a
321.794921875	n/a	1.0	2	164759	n/a
321.810546875	n/a	1.0	2	164767	n/a
321.828125	n/a	0.0	1	164776	n/a
321.84375	n/a	0.0	1	164784	n/a
321.861328125	n/a	1.0	2	164793	n/a
321.876953125	n/a	0.0	1	164801	n/a
321.89453125	n/a	1.0	2	164810	n/a
321.91015625	n/a	1.0	2	164818	n/a
321.927734375	n/a	0.0	1	164827	n/a
321.943359375	n/a	1.0	2	164835	n/a
321.9609375	n/a	0.0	1	164844	n/a
321.978515625	n/a	0.0	1	164853	n/a
321.994140625	n/a	1.0	2	164861	n/a
322.01171875	n/a	1.0	2	164870	n/a
322.02734375	n/a	0.0	1	164878	n/a
322.044921875	n/a	1.0	2	164887	n/a
322.060546875	n/a	0.0	1	164895	n/a
322.078125	n/a	0.0	1	164904	n/a
322.09375	n/a	1.0	2	164912	n/a
322.111328125	n/a	1.0	2	164921	n/a
322.126953125	n/a	0.0	1	164929	n/a
322.14453125	n/a	0.0	1	164938	n/a
322.16015625	n/a	1.0	2	164946	n/a
322.177734375	n/a	1.0	2	164955	n/a
322.193359375	n/a	0.0	1	164963	n/a
322.2109375	n/a	1.0	2	164972	n/a
322.228515625	n/a	0.0	1	164981	n/a
322.244140625	n/a	1.0	2	164989	n/a
322.26171875	n/a	0.0	1	164998	n/a
322.27734375	n/a	0.0	1	165006	n/a
322.294921875	n/a	1.0	2	165015	n/a
322.310546875	n/a	1.0	2	165023	n/a
322.328125	n/a	0.0	1	165032	n/a
322.34375	n/a	1.0	2	165040	n/a
322.361328125	n/a	0.0	1	165049	n/a
322.376953125	n/a	0.0	1	165057	n/a
322.39453125	n/a	1.0	2	165066	n/a
322.41015625	n/a	1.0	2	165074	n/a
322.427734375	n/a	0.0	1	165083	n/a
322.443359375	n/a	0.0	1	165091	n/a
322.4609375	n/a	1.0	2	165100	n/a
322.478515625	n/a	1.0	2	165109	n/a
322.494140625	n/a	0.0	1	165117	n/a
322.51171875	n/a	1.0	2	165126	n/a
322.52734375	n/a	0.0	1	165134	n/a
322.544921875	n/a	0.0	1	165143	n/a
322.560546875	n/a	1.0	2	165151	n/a
322.578125	n/a	1.0	2	165160	n/a
322.59375	n/a	0.0	1	165168	n/a
322.611328125	n/a	1.0	2	165177	n/a
322.626953125	n/a	0.0	1	165185	n/a
322.64453125	n/a	0.0	1	165194	n/a
322.66015625	n/a	1.0	2	165202	n/a
322.677734375	n/a	1.0	2	165211	n/a
322.693359375	n/a	0.0	1	165219	n/a
322.7109375	n/a	0.0	1	165228	n/a
322.728515625	n/a	1.0	2	165237	n/a
322.744140625	n/a	1.0	2	165245	n/a
322.76171875	n/a	0.0	1	165254	n/a
322.77734375	n/a	1.0	2	165262	n/a
322.794921875	n/a	0.0	1	165271	n/a
322.810546875	n/a	0.0	1	165279	n/a
322.828125	n/a	1.0	2	165288	n/a
322.84375	n/a	0.0	1	165296	n/a
322.861328125	n/a	1.0	2	165305	n/a
322.876953125	n/a	1.0	2	165313	n/a
322.89453125	n/a	0.0	1	165322	n/a
322.91015625	n/a	0.0	1	165330	n/a
322.927734375	n/a	1.0	2	165339	n/a
322.943359375	n/a	0.0	1	165347	n/a
322.9609375	n/a	1.0	2	165356	n/a
322.978515625	n/a	0.0	1	165365	n/a
322.994140625	n/a	1.0	2	165373	n/a
323.01171875	n/a	0.0	1	165382	n/a
323.02734375	n/a	1.0	2	165390	n/a
323.044921875	n/a	1.0	2	165399	n/a
323.060546875	n/a	0.0	1	165407	n/a
323.078125	n/a	0.0	1	165416	n/a
323.09375	n/a	1.0	2	165424	n/a
323.111328125	n/a	1.0	2	165433	n/a
323.126953125	n/a	0.0	1	165441	n/a
323.14453125	n/a	0.0	1	165450	n/a
323.16015625	n/a	1.0	2	165458	n/a
323.177734375	n/a	1.0	2	165467	n/a
323.193359375	n/a	0.0	1	165475	n/a
323.2109375	n/a	0.0	1	165484	n/a
323.228515625	n/a	1.0	2	165493	n/a
323.244140625	n/a	0.0	1	165501	n/a
323.26171875	n/a	1.0	2	165510	n/a
323.27734375	n/a	1.0	2	165518	n/a
323.294921875	n/a	0.0	1	165527	n/a
323.310546875	n/a	0.0	1	165535	n/a
323.328125	n/a	1.0	2	165544	n/a
323.34375	n/a	1.0	2	165552	n/a
323.361328125	n/a	0.0	1	165561	n/a
323.376953125	n/a	1.0	2	165569	n/a
323.39453125	n/a	0.0	1	165578	n/a
323.41015625	n/a	1.0	2	165586	n/a
323.427734375	n/a	0.0	1	165595	n/a
323.443359375	n/a	0.0	1	165603	n/a
323.4609375	n/a	1.0	2	165612	n/a
323.478515625	n/a	1.0	2	165621	n/a
323.494140625	n/a	0.0	1	165629	n/a
323.51171875	n/a	1.0	2	165638	n/a
323.52734375	n/a	0.0	1	165646	n/a
323.544921875	n/a	0.0	1	165655	n/a
323.560546875	n/a	1.0	2	165663	n/a
323.578125	n/a	0.0	1	165672	n/a
323.59375	n/a	1.0	2	165680	n/a
323.611328125	n/a	1.0	2	165689	n/a
323.626953125	n/a	0.0	1	165697	n/a
323.64453125	n/a	1.0	2	165706	n/a
323.66015625	n/a	0.0	1	165714	n/a
323.677734375	n/a	0.0	1	165723	n/a
323.693359375	n/a	1.0	2	165731	n/a
323.7109375	n/a	1.0	2	165740	n/a
323.728515625	n/a	0.0	1	165749	n/a
323.744140625	n/a	0.0	1	165757	n/a
323.76171875	n/a	1.0	2	165766	n/a
323.77734375	n/a	0.0	1	165774	n/a
323.794921875	n/a	1.0	2	165783	n/a
323.810546875	n/a	0.0	1	165791	n/a
323.828125	n/a	1.0	2	165800	n/a
323.84375	n/a	0.0	1	165808	n/a
323.861328125	n/a	1.0	2	165817	n/a
323.876953125	n/a	0.0	1	165825	n/a
323.89453125	n/a	1.0	2	165834	n/a
323.91015625	n/a	1.0	2	165842	n/a
323.927734375	n/a	0.0	1	165851	n/a
323.943359375	n/a	0.0	1	165859	n/a
323.9609375	n/a	1.0	2	165868	n/a
323.978515625	n/a	0.0	1	165877	n/a
323.994140625	n/a	1.0	2	165885	n/a
324.01171875	n/a	1.0	2	165894	n/a
324.02734375	n/a	0.0	1	165902	n/a
324.044921875	n/a	1.0	2	165911	n/a
324.060546875	n/a	0.0	1	165919	n/a
324.078125	n/a	0.0	1	165928	n/a
324.09375	n/a	1.0	2	165936	n/a
324.111328125	n/a	1.0	2	165945	n/a
324.126953125	n/a	0.0	1	165953	n/a
324.14453125	n/a	1.0	2	165962	n/a
324.16015625	n/a	0.0	1	165970	n/a
324.177734375	n/a	0.0	1	165979	n/a
324.193359375	n/a	1.0	2	165987	n/a
324.2109375	n/a	1.0	2	165996	n/a
324.228515625	n/a	0.0	1	166005	n/a
324.244140625	n/a	0.0	1	166013	n/a
324.26171875	n/a	1.0	2	166022	n/a
324.27734375	n/a	1.0	2	166030	n/a
324.294921875	n/a	0.0	1	166039	n/a
324.310546875	n/a	1.0	2	166047	n/a
324.328125	n/a	0.0	1	166056	n/a
324.34375	n/a	1.0	2	166064	n/a
324.361328125	n/a	0.0	1	166073	n/a
324.376953125	n/a	0.0	1	166081	n/a
324.39453125	n/a	1.0	2	166090	n/a
324.41015625	n/a	1.0	2	166098	n/a
324.427734375	n/a	0.0	1	166107	n/a
324.443359375	n/a	1.0	2	166115	n/a
324.4609375	n/a	0.0	1	166124	n/a
324.478515625	n/a	0.0	1	166133	n/a
324.494140625	n/a	1.0	2	166141	n/a
324.51171875	n/a	1.0	2	166150	n/a
324.52734375	n/a	0.0	1	166158	n/a
324.544921875	n/a	0.0	1	166167	n/a
324.560546875	n/a	1.0	2	166175	n/a
324.578125	n/a	1.0	2	166184	n/a
324.59375	n/a	0.0	1	166192	n/a
324.611328125	n/a	1.0	2	166201	n/a
324.626953125	n/a	0.0	1	166209	n/a
324.64453125	n/a	0.0	1	166218	n/a
324.66015625	n/a	1.0	2	166226	n/a
324.677734375	n/a	1.0	2	166235	n/a
324.693359375	n/a	0.0	1	166243	n/a
324.7109375	n/a	1.0	2	166252	n/a
324.728515625	n/a	0.0	1	166261	n/a
324.744140625	n/a	0.0	1	166269	n/a
324.76171875	n/a	1.0	2	166278	n/a
324.77734375	n/a	1.0	2	166286	n/a
324.794921875	n/a	0.0	1	166295	n/a
324.810546875	n/a	0.0	1	166303	n/a
324.828125	n/a	1.0	2	166312	n/a
324.84375	n/a	1.0	2	166320	n/a
324.861328125	n/a	0.0	1	166329	n/a
324.876953125	n/a	1.0	2	166337	n/a
324.89453125	n/a	0.0	1	166346	n/a
324.91015625	n/a	0.0	1	166354	n/a
324.927734375	n/a	1.0	2	166363	n/a
324.943359375	n/a	0.0	1	166371	n/a
324.9609375	n/a	1.0	2	166380	n/a
324.978515625	n/a	1.0	2	166389	n/a
324.994140625	n/a	0.0	1	166397	n/a
325.01171875	n/a	0.0	1	166406	n/a
325.02734375	n/a	1.0	2	166414	n/a
325.044921875	n/a	0.0	1	166423	n/a
325.060546875	n/a	1.0	2	166431	n/a
325.078125	n/a	0.0	1	166440	n/a
325.09375	n/a	1.0	2	166448	n/a
325.111328125	n/a	0.0	1	166457	n/a
325.126953125	n/a	1.0	2	166465	n/a
325.14453125	n/a	1.0	2	166474	n/a
325.16015625	n/a	0.0	1	166482	n/a
325.177734375	n/a	0.0	1	166491	n/a
325.193359375	n/a	1.0	2	166499	n/a
325.2109375	n/a	1.0	2	166508	n/a
325.228515625	n/a	0.0	1	166517	n/a
325.244140625	n/a	0.0	1	166525	n/a
325.26171875	n/a	1.0	2	166534	n/a
325.27734375	n/a	1.0	2	166542	n/a
325.294921875	n/a	0.0	1	166551	n/a
325.310546875	n/a	0.0	1	166559	n/a
325.328125	n/a	1.0	2	166568	n/a
325.34375	n/a	0.0	1	166576	n/a
325.361328125	n/a	1.0	2	166585	n/a
325.376953125	n/a	1.0	2	166593	n/a
325.39453125	n/a	0.0	1	166602	n/a
325.41015625	n/a	0.0	1	166610	n/a
325.427734375	n/a	1.0	2	166619	n/a
325.443359375	n/a	1.0	2	166627	n/a
325.4609375	n/a	0.0	1	166636	n/a
325.478515625	n/a	1.0	2	166645	n/a
325.494140625	n/a	0.0	1	166653	n/a
325.51171875	n/a	1.0	2	166662	n/a
325.52734375	n/a	0.0	1	166670	n/a
325.544921875	n/a	0.0	1	166679	n/a
325.560546875	n/a	1.0	2	166687	n/a
325.578125	n/a	1.0	2	166696	n/a
325.59375	n/a	0.0	1	166704	n/a
325.611328125	n/a	1.0	2	166713	n/a
325.626953125	n/a	0.0	1	166721	n/a
325.64453125	n/a	0.0	1	166730	n/a
325.66015625	n/a	1.0	2	166738	n/a
325.677734375	n/a	0.0	1	166747	n/a
325.693359375	n/a	1.0	2	166755	n/a
325.7109375	n/a	1.0	2	166764	n/a
325.728515625	n/a	0.0	1	166773	n/a
325.744140625	n/a	1.0	2	166781	n/a
325.76171875	n/a	0.0	1	166790	n/a
325.77734375	n/a	0.0	1	166798	n/a
325.794921875	n/a	1.0	2	166807	n/a
325.810546875	n/a	1.0	2	166815	n/a
325.828125	n/a	0.0	1	166824	n/a
325.84375	n/a	0.0	1	166832	n/a
325.861328125	n/a	1.0	2	166841	n/a
325.876953125	n/a	0.0	1	166849	n/a
325.89453125	n/a	1.0	2	166858	n/a
325.91015625	n/a	0.0	1	166866	n/a
325.927734375	n/a	1.0	2	166875	n/a
325.943359375	n/a	0.0	1	166883	n/a
325.9609375	n/a	1.0	2	166892	n/a
325.978515625	n/a	0.0	1	166901	n/a
325.994140625	n/a	1.0	2	166909	n/a
326.01171875	n/a	1.0	2	166918	n/a
326.02734375	n/a	0.0	1	166926	n/a
326.044921875	n/a	0.0	1	166935	n/a
326.060546875	n/a	1.0	2	166943	n/a
326.078125	n/a	0.0	1	166952	n/a
326.09375	n/a	1.0	2	166960	n/a
326.111328125	n/a	1.0	2	166969	n/a
326.126953125	n/a	0.0	1	166977	n/a
326.14453125	n/a	1.0	2	166986	n/a
326.16015625	n/a	0.0	1	166994	n/a
326.177734375	n/a	0.0	1	167003	n/a
326.193359375	n/a	1.0	2	167011	n/a
326.2109375	n/a	1.0	2	167020	n/a
326.228515625	n/a	0.0	1	167029	n/a
326.244140625	n/a	1.0	2	167037	n/a
326.26171875	n/a	0.0	1	167046	n/a
326.27734375	n/a	0.0	1	167054	n/a
326.294921875	n/a	1.0	2	167063	n/a
326.310546875	n/a	1.0	2	167071	n/a
326.328125	n/a	0.0	1	167080	n/a
326.34375	n/a	0.0	1	167088	n/a
326.361328125	n/a	1.0	2	167097	n/a
326.376953125	n/a	1.0	2	167105	n/a
326.39453125	n/a	0.0	1	167114	n/a
326.41015625	n/a	1.0	2	167122	n/a
326.427734375	n/a	0.0	1	167131	n/a
326.443359375	n/a	1.0	2	167139	n/a
326.4609375	n/a	0.0	1	167148	n/a
326.478515625	n/a	0.0	1	167157	n/a
326.494140625	n/a	1.0	2	167165	n/a
326.51171875	n/a	1.0	2	167174	n/a
326.52734375	n/a	0.0	1	167182	n/a
326.544921875	n/a	1.0	2	167191	n/a
326.560546875	n/a	0.0	1	167199	n/a
326.578125	n/a	0.0	1	167208	n/a
326.59375	n/a	1.0	2	167216	n/a
326.611328125	n/a	1.0	2	167225	n/a
326.626953125	n/a	0.0	1	167233	n/a
326.64453125	n/a	0.0	1	167242	n/a
326.66015625	n/a	1.0	2	167250	n/a
326.677734375	n/a	1.0	2	167259	n/a
326.693359375	n/a	0.0	1	167267	n/a
326.7109375	n/a	1.0	2	167276	n/a
326.728515625	n/a	0.0	1	167285	n/a
326.744140625	n/a	0.0	1	167293	n/a
326.76171875	n/a	1.0	2	167302	n/a
326.77734375	n/a	1.0	2	167310	n/a
326.794921875	n/a	0.0	1	167319	n/a
326.810546875	n/a	1.0	2	167327	n/a
326.828125	n/a	0.0	1	167336	n/a
326.84375	n/a	0.0	1	167344	n/a
326.861328125	n/a	1.0	2	167353	n/a
326.876953125	n/a	1.0	2	167361	n/a
326.89453125	n/a	0.0	1	167370	n/a
326.91015625	n/a	0.0	1	167378	n/a
326.927734375	n/a	1.0	2	167387	n/a
326.943359375	n/a	1.0	2	167395	n/a
326.9609375	n/a	0.0	1	167404	n/a
326.978515625	n/a	1.0	2	167413	n/a
326.994140625	n/a	0.0	1	167421	n/a
327.01171875	n/a	0.0	1	167430	n/a
327.02734375	n/a	1.0	2	167438	n/a
327.044921875	n/a	0.0	1	167447	n/a
327.060546875	n/a	1.0	2	167455	n/a
327.078125	n/a	1.0	2	167464	n/a
327.09375	n/a	0.0	1	167472	n/a
327.111328125	n/a	0.0	1	167481	n/a
327.126953125	n/a	1.0	2	167489	n/a
327.14453125	n/a	0.0	1	167498	n/a
327.16015625	n/a	1.0	2	167506	n/a
327.177734375	n/a	0.0	1	167515	n/a
327.193359375	n/a	1.0	2	167523	n/a
327.2109375	n/a	0.0	1	167532	n/a
327.228515625	n/a	1.0	2	167541	n/a
327.244140625	n/a	1.0	2	167549	n/a
327.26171875	n/a	0.0	1	167558	n/a
327.27734375	n/a	0.0	1	167566	n/a
327.294921875	n/a	1.0	2	167575	n/a
327.310546875	n/a	1.0	2	167583	n/a
327.328125	n/a	0.0	1	167592	n/a
327.34375	n/a	0.0	1	167600	n/a
327.361328125	n/a	1.0	2	167609	n/a
327.376953125	n/a	1.0	2	167617	n/a
327.39453125	n/a	0.0	1	167626	n/a
327.41015625	n/a	0.0	1	167634	n/a
327.427734375	n/a	1.0	2	167643	n/a
327.443359375	n/a	0.0	1	167651	n/a
327.4609375	n/a	1.0	2	167660	n/a
327.478515625	n/a	1.0	2	167669	n/a
327.494140625	n/a	0.0	1	167677	n/a
327.51171875	n/a	0.0	1	167686	n/a
327.52734375	n/a	1.0	2	167694	n/a
327.544921875	n/a	1.0	2	167703	n/a
327.560546875	n/a	0.0	1	167711	n/a
327.578125	n/a	1.0	2	167720	n/a
327.59375	n/a	0.0	1	167728	n/a
327.611328125	n/a	1.0	2	167737	n/a
327.626953125	n/a	0.0	1	167745	n/a
327.64453125	n/a	0.0	1	167754	n/a
327.66015625	n/a	1.0	2	167762	n/a
327.677734375	n/a	1.0	2	167771	n/a
327.693359375	n/a	0.0	1	167779	n/a
327.7109375	n/a	1.0	2	167788	n/a
327.728515625	n/a	0.0	1	167797	n/a
327.744140625	n/a	0.0	1	167805	n/a
327.76171875	n/a	1.0	2	167814	n/a
327.77734375	n/a	0.0	1	167822	n/a
327.794921875	n/a	1.0	2	167831	n/a
327.810546875	n/a	1.0	2	167839	n/a
327.828125	n/a	0.0	1	167848	n/a
327.84375	n/a	1.0	2	167856	n/a
327.861328125	n/a	0.0	1	167865	n/a
327.876953125	n/a	0.0	1	167873	n/a
327.89453125	n/a	1.0	2	167882	n/a
327.91015625	n/a	1.0	2	167890	n/a
327.927734375	n/a	0.0	1	167899	n/a
327.943359375	n/a	0.0	1	167907	n/a
327.9609375	n/a	1.0	2	167916	n/a
327.978515625	n/a	0.0	1	167925	n/a
327.994140625	n/a	1.0	2	167933	n/a
328.01171875	n/a	0.0	1	167942	n/a
328.02734375	n/a	1.0	2	167950	n/a
328.044921875	n/a	0.0	1	167959	n/a
328.060546875	n/a	1.0	2	167967	n/a
328.078125	n/a	0.0	1	167976	n/a
328.09375	n/a	1.0	2	167984	n/a
328.111328125	n/a	1.0	2	167993	n/a
328.126953125	n/a	0.0	1	168001	n/a
328.14453125	n/a	0.0	1	168010	n/a
328.16015625	n/a	1.0	2	168018	n/a
328.177734375	n/a	0.0	1	168027	n/a
328.193359375	n/a	1.0	2	168035	n/a
328.2109375	n/a	1.0	2	168044	n/a
328.228515625	n/a	0.0	1	168053	n/a
328.244140625	n/a	1.0	2	168061	n/a
328.26171875	n/a	0.0	1	168070	n/a
328.27734375	n/a	0.0	1	168078	n/a
328.294921875	n/a	1.0	2	168087	n/a
328.310546875	n/a	1.0	2	168095	n/a
328.328125	n/a	0.0	1	168104	n/a
328.34375	n/a	1.0	2	168112	n/a
328.361328125	n/a	0.0	1	168121	n/a
328.376953125	n/a	0.0	1	168129	n/a
328.39453125	n/a	1.0	2	168138	n/a
328.41015625	n/a	1.0	2	168146	n/a
328.427734375	n/a	0.0	1	168155	n/a
328.443359375	n/a	0.0	1	168163	n/a
328.4609375	n/a	1.0	2	168172	n/a
328.478515625	n/a	1.0	2	168181	n/a
328.494140625	n/a	0.0	1	168189	n/a
328.51171875	n/a	1.0	2	168198	n/a
328.52734375	n/a	0.0	1	168206	n/a
328.544921875	n/a	1.0	2	168215	n/a
328.560546875	n/a	0.0	1	168223	n/a
328.578125	n/a	0.0	1	168232	n/a
328.59375	n/a	1.0	2	168240	n/a
328.611328125	n/a	1.0	2	168249	n/a
328.626953125	n/a	0.0	1	168257	n/a
328.64453125	n/a	1.0	2	168266	n/a
328.66015625	n/a	0.0	1	168274	n/a
328.677734375	n/a	0.0	1	168283	n/a
328.693359375	n/a	1.0	2	168291	n/a
328.7109375	n/a	1.0	2	168300	n/a
328.728515625	n/a	0.0	1	168309	n/a
328.744140625	n/a	0.0	1	168317	n/a
328.76171875	n/a	1.0	2	168326	n/a
328.77734375	n/a	1.0	2	168334	n/a
328.794921875	n/a	0.0	1	168343	n/a
328.810546875	n/a	1.0	2	168351	n/a
328.828125	n/a	0.0	1	168360	n/a
328.84375	n/a	0.0	1	168368	n/a
328.861328125	n/a	1.0	2	168377	n/a
328.876953125	n/a	1.0	2	168385	n/a
328.89453125	n/a	0.0	1	168394	n/a
328.91015625	n/a	1.0	2	168402	n/a
328.927734375	n/a	0.0	1	168411	n/a
328.943359375	n/a	0.0	1	168419	n/a
328.9609375	n/a	1.0	2	168428	n/a
328.978515625	n/a	1.0	2	168437	n/a
328.994140625	n/a	0.0	1	168445	n/a
329.01171875	n/a	0.0	1	168454	n/a
329.02734375	n/a	1.0	2	168462	n/a
329.044921875	n/a	1.0	2	168471	n/a
329.060546875	n/a	0.0	1	168479	n/a
329.078125	n/a	1.0	2	168488	n/a
329.09375	n/a	0.0	1	168496	n/a
329.111328125	n/a	0.0	1	168505	n/a
329.126953125	n/a	1.0	2	168513	n/a
329.14453125	n/a	0.0	1	168522	n/a
329.16015625	n/a	1.0	2	168530	n/a
329.177734375	n/a	1.0	2	168539	n/a
329.193359375	n/a	0.0	1	168547	n/a
329.2109375	n/a	0.0	1	168556	n/a
329.228515625	n/a	1.0	2	168565	n/a
329.244140625	n/a	0.0	1	168573	n/a
329.26171875	n/a	1.0	2	168582	n/a
329.27734375	n/a	0.0	1	168590	n/a
329.294921875	n/a	1.0	2	168599	n/a
329.310546875	n/a	0.0	1	168607	n/a
329.328125	n/a	1.0	2	168616	n/a
329.34375	n/a	1.0	2	168624	n/a
329.361328125	n/a	0.0	1	168633	n/a
329.376953125	n/a	0.0	1	168641	n/a
329.39453125	n/a	1.0	2	168650	n/a
329.41015625	n/a	1.0	2	168658	n/a
329.427734375	n/a	0.0	1	168667	n/a
329.443359375	n/a	0.0	1	168675	n/a
329.4609375	n/a	1.0	2	168684	n/a
329.478515625	n/a	1.0	2	168693	n/a
329.494140625	n/a	0.0	1	168701	n/a
329.51171875	n/a	0.0	1	168710	n/a
329.52734375	n/a	1.0	2	168718	n/a
329.544921875	n/a	0.0	1	168727	n/a
329.560546875	n/a	1.0	2	168735	n/a
329.578125	n/a	1.0	2	168744	n/a
329.59375	n/a	0.0	1	168752	n/a
329.611328125	n/a	0.0	1	168761	n/a
329.626953125	n/a	1.0	2	168769	n/a
329.64453125	n/a	1.0	2	168778	n/a
329.66015625	n/a	0.0	1	168786	n/a
329.677734375	n/a	1.0	2	168795	n/a
329.693359375	n/a	0.0	1	168803	n/a
329.7109375	n/a	1.0	2	168812	n/a
329.728515625	n/a	0.0	1	168821	n/a
329.744140625	n/a	0.0	1	168829	n/a
329.76171875	n/a	1.0	2	168838	n/a
329.77734375	n/a	1.0	2	168846	n/a
329.794921875	n/a	0.0	1	168855	n/a
329.810546875	n/a	1.0	2	168863	n/a
329.828125	n/a	0.0	1	168872	n/a
329.84375	n/a	0.0	1	168880	n/a
329.861328125	n/a	1.0	2	168889	n/a
329.876953125	n/a	0.0	1	168897	n/a
329.89453125	n/a	1.0	2	168906	n/a
329.91015625	n/a	1.0	2	168914	n/a
329.927734375	n/a	0.0	1	168923	n/a
329.943359375	n/a	1.0	2	168931	n/a
329.9609375	n/a	0.0	1	168940	n/a
329.978515625	n/a	0.0	1	168949	n/a
329.994140625	n/a	1.0	2	168957	n/a
330.01171875	n/a	1.0	2	168966	n/a
330.02734375	n/a	0.0	1	168974	n/a
330.044921875	n/a	0.0	1	168983	n/a
330.060546875	n/a	1.0	2	168991	n/a
330.078125	n/a	0.0	1	169000	n/a
330.09375	n/a	1.0	2	169008	n/a
330.111328125	n/a	0.0	1	169017	n/a
330.126953125	n/a	1.0	2	169025	n/a
330.14453125	n/a	0.0	1	169034	n/a
330.16015625	n/a	1.0	2	169042	n/a
330.177734375	n/a	0.0	1	169051	n/a
330.193359375	n/a	1.0	2	169059	n/a
330.2109375	n/a	1.0	2	169068	n/a
330.228515625	n/a	0.0	1	169077	n/a
330.244140625	n/a	0.0	1	169085	n/a
330.26171875	n/a	1.0	2	169094	n/a
330.27734375	n/a	0.0	1	169102	n/a
330.294921875	n/a	1.0	2	169111	n/a
330.310546875	n/a	1.0	2	169119	n/a
330.328125	n/a	0.0	1	169128	n/a
330.34375	n/a	1.0	2	169136	n/a
330.361328125	n/a	0.0	1	169145	n/a
330.376953125	n/a	0.0	1	169153	n/a
330.39453125	n/a	1.0	2	169162	n/a
330.41015625	n/a	1.0	2	169170	n/a
330.427734375	n/a	0.0	1	169179	n/a
330.443359375	n/a	1.0	2	169187	n/a
330.4609375	n/a	0.0	1	169196	n/a
330.478515625	n/a	0.0	1	169205	n/a
330.494140625	n/a	1.0	2	169213	n/a
330.51171875	n/a	1.0	2	169222	n/a
330.52734375	n/a	0.0	1	169230	n/a
330.544921875	n/a	0.0	1	169239	n/a
330.560546875	n/a	1.0	2	169247	n/a
330.578125	n/a	1.0	2	169256	n/a
330.59375	n/a	0.0	1	169264	n/a
330.611328125	n/a	1.0	2	169273	n/a
330.626953125	n/a	0.0	1	169281	n/a
330.64453125	n/a	1.0	2	169290	n/a
330.66015625	n/a	0.0	1	169298	n/a
330.677734375	n/a	0.0	1	169307	n/a
330.693359375	n/a	1.0	2	169315	n/a
330.7109375	n/a	1.0	2	169324	n/a
330.728515625	n/a	0.0	1	169333	n/a
330.744140625	n/a	1.0	2	169341	n/a
330.76171875	n/a	0.0	1	169350	n/a
330.77734375	n/a	0.0	1	169358	n/a
330.794921875	n/a	1.0	2	169367	n/a
330.810546875	n/a	1.0	2	169375	n/a
330.828125	n/a	0.0	1	169384	n/a
330.84375	n/a	0.0	1	169392	n/a
330.861328125	n/a	1.0	2	169401	n/a
330.876953125	n/a	1.0	2	169409	n/a
330.89453125	n/a	0.0	1	169418	n/a
330.91015625	n/a	1.0	2	169426	n/a
330.927734375	n/a	0.0	1	169435	n/a
330.943359375	n/a	0.0	1	169443	n/a
330.9609375	n/a	1.0	2	169452	n/a
330.978515625	n/a	1.0	2	169461	n/a
330.994140625	n/a	0.0	1	169469	n/a
331.01171875	n/a	1.0	2	169478	n/a
331.02734375	n/a	0.0	1	169486	n/a
331.044921875	n/a	0.0	1	169495	n/a
331.060546875	n/a	1.0	2	169503	n/a
331.078125	n/a	1.0	2	169512	n/a
331.09375	n/a	0.0	1	169520	n/a
331.111328125	n/a	0.0	1	169529	n/a
331.126953125	n/a	1.0	2	169537	n/a
331.14453125	n/a	1.0	2	169546	n/a
331.16015625	n/a	0.0	1	169554	n/a
331.177734375	n/a	1.0	2	169563	n/a
331.193359375	n/a	0.0	1	169571	n/a
331.2109375	n/a	0.0	1	169580	n/a
331.228515625	n/a	1.0	2	169589	n/a
331.244140625	n/a	0.0	1	169597	n/a
331.26171875	n/a	1.0	2	169606	n/a
331.27734375	n/a	1.0	2	169614	n/a
331.294921875	n/a	0.0	1	169623	n/a
331.310546875	n/a	0.0	1	169631	n/a
331.328125	n/a	1.0	2	169640	n/a
331.34375	n/a	0.0	1	169648	n/a
331.361328125	n/a	1.0	2	169657	n/a
331.376953125	n/a	0.0	1	169665	n/a
331.39453125	n/a	1.0	2	169674	n/a
331.41015625	n/a	0.0	1	169682	n/a
331.427734375	n/a	1.0	2	169691	n/a
331.443359375	n/a	1.0	2	169699	n/a
331.4609375	n/a	0.0	1	169708	n/a
331.478515625	n/a	0.0	1	169717	n/a
331.494140625	n/a	1.0	2	169725	n/a
331.51171875	n/a	1.0	2	169734	n/a
331.52734375	n/a	0.0	1	169742	n/a
331.544921875	n/a	0.0	1	169751	n/a
331.560546875	n/a	1.0	2	169759	n/a
331.578125	n/a	1.0	2	169768	n/a
331.59375	n/a	0.0	1	169776	n/a
331.611328125	n/a	0.0	1	169785	n/a
331.626953125	n/a	1.0	2	169793	n/a
331.64453125	n/a	0.0	1	169802	n/a
331.66015625	n/a	1.0	2	169810	n/a
331.677734375	n/a	1.0	2	169819	n/a
331.693359375	n/a	0.0	1	169827	n/a
331.7109375	n/a	0.0	1	169836	n/a
331.728515625	n/a	1.0	2	169845	n/a
331.744140625	n/a	1.0	2	169853	n/a
331.76171875	n/a	0.0	1	169862	n/a
331.77734375	n/a	1.0	2	169870	n/a
331.794921875	n/a	0.0	1	169879	n/a
331.810546875	n/a	1.0	2	169887	n/a
331.828125	n/a	0.0	1	169896	n/a
331.84375	n/a	0.0	1	169904	n/a
331.861328125	n/a	1.0	2	169913	n/a
331.876953125	n/a	1.0	2	169921	n/a
331.89453125	n/a	0.0	1	169930	n/a
331.91015625	n/a	1.0	2	169938	n/a
331.927734375	n/a	0.0	1	169947	n/a
331.943359375	n/a	0.0	1	169955	n/a
331.9609375	n/a	1.0	2	169964	n/a
331.978515625	n/a	0.0	1	169973	n/a
331.994140625	n/a	1.0	2	169981	n/a
332.01171875	n/a	1.0	2	169990	n/a
332.02734375	n/a	0.0	1	169998	n/a
332.044921875	n/a	1.0	2	170007	n/a
332.060546875	n/a	0.0	1	170015	n/a
332.078125	n/a	0.0	1	170024	n/a
332.09375	n/a	1.0	2	170032	n/a
332.111328125	n/a	1.0	2	170041	n/a
332.126953125	n/a	0.0	1	170049	n/a
332.14453125	n/a	0.0	1	170058	n/a
332.16015625	n/a	1.0	2	170066	n/a
332.177734375	n/a	0.0	1	170075	n/a
332.193359375	n/a	1.0	2	170083	n/a
332.2109375	n/a	0.0	1	170092	n/a
332.228515625	n/a	1.0	2	170101	n/a
332.244140625	n/a	0.0	1	170109	n/a
332.26171875	n/a	1.0	2	170118	n/a
332.27734375	n/a	0.0	1	170126	n/a
332.294921875	n/a	1.0	2	170135	n/a
332.310546875	n/a	1.0	2	170143	n/a
332.328125	n/a	0.0	1	170152	n/a
332.34375	n/a	0.0	1	170160	n/a
332.361328125	n/a	1.0	2	170169	n/a
332.376953125	n/a	0.0	1	170177	n/a
332.39453125	n/a	1.0	2	170186	n/a
332.41015625	n/a	1.0	2	170194	n/a
332.427734375	n/a	0.0	1	170203	n/a
332.443359375	n/a	1.0	2	170211	n/a
332.4609375	n/a	0.0	1	170220	n/a
332.478515625	n/a	0.0	1	170229	n/a
332.494140625	n/a	1.0	2	170237	n/a
332.51171875	n/a	1.0	2	170246	n/a
332.52734375	n/a	0.0	1	170254	n/a
332.544921875	n/a	1.0	2	170263	n/a
332.560546875	n/a	0.0	1	170271	n/a
332.578125	n/a	0.0	1	170280	n/a
332.59375	n/a	1.0	2	170288	n/a
332.611328125	n/a	1.0	2	170297	n/a
332.626953125	n/a	0.0	1	170305	n/a
332.64453125	n/a	0.0	1	170314	n/a
332.66015625	n/a	1.0	2	170322	n/a
332.677734375	n/a	1.0	2	170331	n/a
332.693359375	n/a	0.0	1	170339	n/a
332.7109375	n/a	1.0	2	170348	n/a
332.728515625	n/a	0.0	1	170357	n/a
332.744140625	n/a	1.0	2	170365	n/a
332.76171875	n/a	0.0	1	170374	n/a
332.77734375	n/a	0.0	1	170382	n/a
332.794921875	n/a	1.0	2	170391	n/a
332.810546875	n/a	1.0	2	170399	n/a
332.828125	n/a	0.0	1	170408	n/a
332.84375	n/a	1.0	2	170416	n/a
332.861328125	n/a	0.0	1	170425	n/a
332.876953125	n/a	0.0	1	170433	n/a
332.89453125	n/a	1.0	2	170442	n/a
332.91015625	n/a	1.0	2	170450	n/a
332.927734375	n/a	0.0	1	170459	n/a
332.943359375	n/a	0.0	1	170467	n/a
332.9609375	n/a	1.0	2	170476	n/a
332.978515625	n/a	1.0	2	170485	n/a
332.994140625	n/a	0.0	1	170493	n/a
333.01171875	n/a	1.0	2	170502	n/a
333.02734375	n/a	0.0	1	170510	n/a
333.044921875	n/a	0.0	1	170519	n/a
333.060546875	n/a	1.0	2	170527	n/a
333.078125	n/a	1.0	2	170536	n/a
333.09375	n/a	0.0	1	170544	n/a
333.111328125	n/a	1.0	2	170553	n/a
333.126953125	n/a	0.0	1	170561	n/a
333.14453125	n/a	0.0	1	170570	n/a
333.16015625	n/a	1.0	2	170578	n/a
333.177734375	n/a	1.0	2	170587	n/a
333.193359375	n/a	0.0	1	170595	n/a
333.2109375	n/a	0.0	1	170604	n/a
333.228515625	n/a	1.0	2	170613	n/a
333.244140625	n/a	1.0	2	170621	n/a
333.26171875	n/a	0.0	1	170630	n/a
333.27734375	n/a	1.0	2	170638	n/a
333.294921875	n/a	0.0	1	170647	n/a
333.310546875	n/a	0.0	1	170655	n/a
333.328125	n/a	1.0	2	170664	n/a
333.34375	n/a	0.0	1	170672	n/a
333.361328125	n/a	1.0	2	170681	n/a
333.376953125	n/a	1.0	2	170689	n/a
333.39453125	n/a	0.0	1	170698	n/a
333.41015625	n/a	0.0	1	170706	n/a
333.427734375	n/a	1.0	2	170715	n/a
333.443359375	n/a	0.0	1	170723	n/a
333.4609375	n/a	1.0	2	170732	n/a
333.478515625	n/a	0.0	1	170741	n/a
333.494140625	n/a	1.0	2	170749	n/a
333.51171875	n/a	0.0	1	170758	n/a
333.52734375	n/a	1.0	2	170766	n/a
333.544921875	n/a	1.0	2	170775	n/a
333.560546875	n/a	0.0	1	170783	n/a
333.578125	n/a	0.0	1	170792	n/a
333.59375	n/a	1.0	2	170800	n/a
333.611328125	n/a	1.0	2	170809	n/a
333.626953125	n/a	0.0	1	170817	n/a
333.64453125	n/a	0.0	1	170826	n/a
333.66015625	n/a	1.0	2	170834	n/a
333.677734375	n/a	1.0	2	170843	n/a
333.693359375	n/a	0.0	1	170851	n/a
333.7109375	n/a	0.0	1	170860	n/a
333.728515625	n/a	1.0	2	170869	n/a
333.744140625	n/a	0.0	1	170877	n/a
333.76171875	n/a	1.0	2	170886	n/a
333.77734375	n/a	1.0	2	170894	n/a
333.794921875	n/a	0.0	1	170903	n/a
333.810546875	n/a	0.0	1	170911	n/a
333.828125	n/a	1.0	2	170920	n/a
333.84375	n/a	1.0	2	170928	n/a
333.861328125	n/a	0.0	1	170937	n/a
333.876953125	n/a	1.0	2	170945	n/a
333.89453125	n/a	0.0	1	170954	n/a
333.91015625	n/a	1.0	2	170962	n/a
333.927734375	n/a	0.0	1	170971	n/a
333.943359375	n/a	0.0	1	170979	n/a
333.9609375	n/a	1.0	2	170988	n/a
333.978515625	n/a	1.0	2	170997	n/a
333.994140625	n/a	0.0	1	171005	n/a
334.01171875	n/a	1.0	2	171014	n/a
334.02734375	n/a	0.0	1	171022	n/a
334.044921875	n/a	0.0	1	171031	n/a
334.060546875	n/a	1.0	2	171039	n/a
334.078125	n/a	0.0	1	171048	n/a
334.09375	n/a	1.0	2	171056	n/a
334.111328125	n/a	1.0	2	171065	n/a
334.126953125	n/a	0.0	1	171073	n/a
334.14453125	n/a	1.0	2	171082	n/a
334.16015625	n/a	0.0	1	171090	n/a
334.177734375	n/a	0.0	1	171099	n/a
334.193359375	n/a	1.0	2	171107	n/a
334.2109375	n/a	1.0	2	171116	n/a
334.228515625	n/a	0.0	1	171125	n/a
334.244140625	n/a	0.0	1	171133	n/a
334.26171875	n/a	1.0	2	171142	n/a
334.27734375	n/a	0.0	1	171150	n/a
334.294921875	n/a	1.0	2	171159	n/a
334.310546875	n/a	0.0	1	171167	n/a
334.328125	n/a	1.0	2	171176	n/a
334.34375	n/a	0.0	1	171184	n/a
334.361328125	n/a	1.0	2	171193	n/a
334.376953125	n/a	0.0	1	171201	n/a
334.39453125	n/a	1.0	2	171210	n/a
334.41015625	n/a	1.0	2	171218	n/a
334.427734375	n/a	0.0	1	171227	n/a
334.443359375	n/a	0.0	1	171235	n/a
334.4609375	n/a	1.0	2	171244	n/a
334.478515625	n/a	0.0	1	171253	n/a
334.494140625	n/a	1.0	2	171261	n/a
334.51171875	n/a	1.0	2	171270	n/a
334.52734375	n/a	0.0	1	171278	n/a
334.544921875	n/a	1.0	2	171287	n/a
334.560546875	n/a	0.0	1	171295	n/a
334.578125	n/a	0.0	1	171304	n/a
334.59375	n/a	1.0	2	171312	n/a
334.611328125	n/a	1.0	2	171321	n/a
334.626953125	n/a	0.0	1	171329	n/a
334.64453125	n/a	1.0	2	171338	n/a
334.66015625	n/a	0.0	1	171346	n/a
334.677734375	n/a	0.0	1	171355	n/a
334.693359375	n/a	1.0	2	171363	n/a
334.7109375	n/a	1.0	2	171372	n/a
334.728515625	n/a	0.0	1	171381	n/a
334.744140625	n/a	0.0	1	171389	n/a
334.76171875	n/a	1.0	2	171398	n/a
334.77734375	n/a	1.0	2	171406	n/a
334.794921875	n/a	0.0	1	171415	n/a
334.810546875	n/a	1.0	2	171423	n/a
334.828125	n/a	0.0	1	171432	n/a
334.84375	n/a	1.0	2	171440	n/a
334.861328125	n/a	0.0	1	171449	n/a
334.876953125	n/a	0.0	1	171457	n/a
334.89453125	n/a	1.0	2	171466	n/a
334.91015625	n/a	1.0	2	171474	n/a
334.927734375	n/a	0.0	1	171483	n/a
334.943359375	n/a	1.0	2	171491	n/a
334.9609375	n/a	0.0	1	171500	n/a
334.978515625	n/a	0.0	1	171509	n/a
334.994140625	n/a	1.0	2	171517	n/a
335.01171875	n/a	1.0	2	171526	n/a
335.02734375	n/a	0.0	1	171534	n/a
335.044921875	n/a	0.0	1	171543	n/a
335.060546875	n/a	1.0	2	171551	n/a
335.078125	n/a	1.0	2	171560	n/a
335.09375	n/a	0.0	1	171568	n/a
335.111328125	n/a	1.0	2	171577	n/a
335.126953125	n/a	0.0	1	171585	n/a
335.14453125	n/a	0.0	1	171594	n/a
335.16015625	n/a	1.0	2	171602	n/a
335.177734375	n/a	1.0	2	171611	n/a
335.193359375	n/a	0.0	1	171619	n/a
335.2109375	n/a	1.0	2	171628	n/a
335.228515625	n/a	0.0	1	171637	n/a
335.244140625	n/a	0.0	1	171645	n/a
335.26171875	n/a	1.0	2	171654	n/a
335.27734375	n/a	1.0	2	171662	n/a
335.294921875	n/a	0.0	1	171671	n/a
335.310546875	n/a	0.0	1	171679	n/a
335.328125	n/a	1.0	2	171688	n/a
335.34375	n/a	1.0	2	171696	n/a
335.361328125	n/a	0.0	1	171705	n/a
335.376953125	n/a	1.0	2	171713	n/a
335.39453125	n/a	0.0	1	171722	n/a
335.41015625	n/a	0.0	1	171730	n/a
335.427734375	n/a	1.0	2	171739	n/a
335.443359375	n/a	0.0	1	171747	n/a
335.4609375	n/a	1.0	2	171756	n/a
335.478515625	n/a	1.0	2	171765	n/a
335.494140625	n/a	0.0	1	171773	n/a
335.51171875	n/a	0.0	1	171782	n/a
335.52734375	n/a	1.0	2	171790	n/a
335.544921875	n/a	0.0	1	171799	n/a
335.560546875	n/a	1.0	2	171807	n/a
335.578125	n/a	0.0	1	171816	n/a
335.59375	n/a	1.0	2	171824	n/a
335.611328125	n/a	0.0	1	171833	n/a
335.626953125	n/a	1.0	2	171841	n/a
335.64453125	n/a	1.0	2	171850	n/a
335.66015625	n/a	0.0	1	171858	n/a
335.677734375	n/a	0.0	1	171867	n/a
335.693359375	n/a	1.0	2	171875	n/a
335.7109375	n/a	1.0	2	171884	n/a
335.728515625	n/a	0.0	1	171893	n/a
335.744140625	n/a	0.0	1	171901	n/a
335.76171875	n/a	1.0	2	171910	n/a
335.77734375	n/a	1.0	2	171918	n/a
335.794921875	n/a	0.0	1	171927	n/a
335.810546875	n/a	0.0	1	171935	n/a
335.828125	n/a	1.0	2	171944	n/a
335.84375	n/a	0.0	1	171952	n/a
335.861328125	n/a	1.0	2	171961	n/a
335.876953125	n/a	1.0	2	171969	n/a
335.89453125	n/a	0.0	1	171978	n/a
335.91015625	n/a	0.0	1	171986	n/a
335.927734375	n/a	1.0	2	171995	n/a
335.943359375	n/a	1.0	2	172003	n/a
335.9609375	n/a	0.0	1	172012	n/a
335.978515625	n/a	1.0	2	172021	n/a
335.994140625	n/a	0.0	1	172029	n/a
336.01171875	n/a	1.0	2	172038	n/a
336.02734375	n/a	0.0	1	172046	n/a
336.044921875	n/a	0.0	1	172055	n/a
336.060546875	n/a	1.0	2	172063	n/a
336.078125	n/a	1.0	2	172072	n/a
336.09375	n/a	0.0	1	172080	n/a
336.111328125	n/a	1.0	2	172089	n/a
336.126953125	n/a	0.0	1	172097	n/a
336.14453125	n/a	0.0	1	172106	n/a
336.16015625	n/a	1.0	2	172114	n/a
336.177734375	n/a	0.0	1	172123	n/a
336.193359375	n/a	1.0	2	172131	n/a
336.2109375	n/a	1.0	2	172140	n/a
336.228515625	n/a	0.0	1	172149	n/a
336.244140625	n/a	1.0	2	172157	n/a
336.26171875	n/a	0.0	1	172166	n/a
336.27734375	n/a	0.0	1	172174	n/a
336.294921875	n/a	1.0	2	172183	n/a
336.310546875	n/a	1.0	2	172191	n/a
336.328125	n/a	0.0	1	172200	n/a
336.34375	n/a	0.0	1	172208	n/a
336.361328125	n/a	1.0	2	172217	n/a
336.376953125	n/a	0.0	1	172225	n/a
336.39453125	n/a	1.0	2	172234	n/a
336.41015625	n/a	0.0	1	172242	n/a
336.427734375	n/a	1.0	2	172251	n/a
336.443359375	n/a	0.0	1	172259	n/a
336.4609375	n/a	1.0	2	172268	n/a
336.478515625	n/a	0.0	1	172277	n/a
336.494140625	n/a	1.0	2	172285	n/a
336.51171875	n/a	1.0	2	172294	n/a
336.52734375	n/a	0.0	1	172302	n/a
336.544921875	n/a	0.0	1	172311	n/a
336.560546875	n/a	1.0	2	172319	n/a
336.578125	n/a	0.0	1	172328	n/a
336.59375	n/a	1.0	2	172336	n/a
336.611328125	n/a	1.0	2	172345	n/a
336.626953125	n/a	0.0	1	172353	n/a
336.64453125	n/a	1.0	2	172362	n/a
336.66015625	n/a	0.0	1	172370	n/a
336.677734375	n/a	0.0	1	172379	n/a
336.693359375	n/a	1.0	2	172387	n/a
336.7109375	n/a	1.0	2	172396	n/a
336.728515625	n/a	0.0	1	172405	n/a
336.744140625	n/a	1.0	2	172413	n/a
336.76171875	n/a	0.0	1	172422	n/a
336.77734375	n/a	0.0	1	172430	n/a
336.794921875	n/a	1.0	2	172439	n/a
336.810546875	n/a	1.0	2	172447	n/a
336.828125	n/a	0.0	1	172456	n/a
336.84375	n/a	0.0	1	172464	n/a
336.861328125	n/a	1.0	2	172473	n/a
336.876953125	n/a	1.0	2	172481	n/a
336.89453125	n/a	0.0	1	172490	n/a
336.91015625	n/a	1.0	2	172498	n/a
336.927734375	n/a	0.0	1	172507	n/a
336.943359375	n/a	1.0	2	172515	n/a
336.9609375	n/a	0.0	1	172524	n/a
336.978515625	n/a	0.0	1	172533	n/a
336.994140625	n/a	1.0	2	172541	n/a
337.01171875	n/a	1.0	2	172550	n/a
337.02734375	n/a	0.0	1	172558	n/a
337.044921875	n/a	1.0	2	172567	n/a
337.060546875	n/a	0.0	1	172575	n/a
337.078125	n/a	0.0	1	172584	n/a
337.09375	n/a	1.0	2	172592	n/a
337.111328125	n/a	1.0	2	172601	n/a
337.126953125	n/a	0.0	1	172609	n/a
337.14453125	n/a	0.0	1	172618	n/a
337.16015625	n/a	1.0	2	172626	n/a
337.177734375	n/a	1.0	2	172635	n/a
337.193359375	n/a	0.0	1	172643	n/a
337.2109375	n/a	1.0	2	172652	n/a
337.228515625	n/a	0.0	1	172661	n/a
337.244140625	n/a	0.0	1	172669	n/a
337.26171875	n/a	1.0	2	172678	n/a
337.27734375	n/a	1.0	2	172686	n/a
337.294921875	n/a	0.0	1	172695	n/a
337.310546875	n/a	1.0	2	172703	n/a
337.328125	n/a	0.0	1	172712	n/a
337.34375	n/a	0.0	1	172720	n/a
337.361328125	n/a	1.0	2	172729	n/a
337.376953125	n/a	1.0	2	172737	n/a
337.39453125	n/a	0.0	1	172746	n/a
337.41015625	n/a	0.0	1	172754	n/a
337.427734375	n/a	1.0	2	172763	n/a
337.443359375	n/a	1.0	2	172771	n/a
337.4609375	n/a	0.0	1	172780	n/a
337.478515625	n/a	1.0	2	172789	n/a
337.494140625	n/a	0.0	1	172797	n/a
337.51171875	n/a	0.0	1	172806	n/a
337.52734375	n/a	1.0	2	172814	n/a
337.544921875	n/a	0.0	1	172823	n/a
337.560546875	n/a	1.0	2	172831	n/a
337.578125	n/a	1.0	2	172840	n/a
337.59375	n/a	0.0	1	172848	n/a
337.611328125	n/a	0.0	1	172857	n/a
337.626953125	n/a	1.0	2	172865	n/a
337.64453125	n/a	0.0	1	172874	n/a
337.66015625	n/a	1.0	2	172882	n/a
337.677734375	n/a	0.0	1	172891	n/a
337.693359375	n/a	1.0	2	172899	n/a
337.7109375	n/a	0.0	1	172908	n/a
337.728515625	n/a	1.0	2	172917	n/a
337.744140625	n/a	1.0	2	172925	n/a
337.76171875	n/a	0.0	1	172934	n/a
337.77734375	n/a	0.0	1	172942	n/a
337.794921875	n/a	1.0	2	172951	n/a
337.810546875	n/a	1.0	2	172959	n/a
337.828125	n/a	0.0	1	172968	n/a
337.84375	n/a	0.0	1	172976	n/a
337.861328125	n/a	1.0	2	172985	n/a
337.876953125	n/a	1.0	2	172993	n/a
337.89453125	n/a	0.0	1	173002	n/a
337.91015625	n/a	0.0	1	173010	n/a
337.927734375	n/a	1.0	2	173019	n/a
337.943359375	n/a	0.0	1	173027	n/a
337.9609375	n/a	1.0	2	173036	n/a
337.978515625	n/a	1.0	2	173045	n/a
337.994140625	n/a	0.0	1	173053	n/a
338.01171875	n/a	0.0	1	173062	n/a
338.02734375	n/a	1.0	2	173070	n/a
338.044921875	n/a	1.0	2	173079	n/a
338.060546875	n/a	0.0	1	173087	n/a
338.078125	n/a	1.0	2	173096	n/a
338.09375	n/a	0.0	1	173104	n/a
338.111328125	n/a	1.0	2	173113	n/a
338.126953125	n/a	0.0	1	173121	n/a
338.14453125	n/a	0.0	1	173130	n/a
338.16015625	n/a	1.0	2	173138	n/a
338.177734375	n/a	1.0	2	173147	n/a
338.193359375	n/a	0.0	1	173155	n/a
339.546875	n/a	1.0	2	173848	17.0
339.564453125	n/a	0.0	1	173857	n/a
339.580078125	n/a	1.0	2	173865	n/a
339.59765625	n/a	0.0	1	173874	n/a
339.61328125	n/a	1.0	2	173882	n/a
339.630859375	n/a	0.0	1	173891	n/a
339.646484375	n/a	1.0	2	173899	n/a
339.6640625	n/a	0.0	1	173908	n/a
339.6796875	n/a	0.0	1	173916	n/a
339.697265625	n/a	1.0	2	173925	n/a
339.712890625	n/a	0.0	1	173933	n/a
339.73046875	n/a	1.0	2	173942	n/a
339.74609375	n/a	1.0	2	173950	n/a
339.763671875	n/a	0.0	1	173959	n/a
339.779296875	n/a	1.0	2	173967	n/a
339.796875	n/a	0.0	1	173976	n/a
339.814453125	n/a	0.0	1	173985	n/a
339.830078125	n/a	1.0	2	173993	n/a
339.84765625	n/a	0.0	1	174002	n/a
339.86328125	n/a	1.0	2	174010	n/a
339.880859375	n/a	1.0	2	174019	n/a
339.896484375	n/a	0.0	1	174027	n/a
339.9140625	n/a	1.0	2	174036	n/a
339.9296875	n/a	0.0	1	174044	n/a
339.947265625	n/a	0.0	1	174053	n/a
339.962890625	n/a	1.0	2	174061	n/a
339.98046875	n/a	0.0	1	174070	n/a
339.99609375	n/a	1.0	2	174078	n/a
340.013671875	n/a	0.0	1	174087	n/a
340.029296875	n/a	1.0	2	174095	n/a
340.046875	n/a	1.0	2	174104	n/a
340.064453125	n/a	0.0	1	174113	n/a
340.080078125	n/a	0.0	1	174121	n/a
340.09765625	n/a	1.0	2	174130	n/a
340.11328125	n/a	0.0	1	174138	n/a
340.130859375	n/a	1.0	2	174147	n/a
340.146484375	n/a	0.0	1	174155	n/a
340.1640625	n/a	1.0	2	174164	n/a
340.1796875	n/a	0.0	1	174172	n/a
340.197265625	n/a	1.0	2	174181	n/a
340.212890625	n/a	1.0	2	174189	n/a
340.23046875	n/a	0.0	1	174198	n/a
340.24609375	n/a	0.0	1	174206	n/a
340.263671875	n/a	1.0	2	174215	n/a
340.279296875	n/a	0.0	1	174223	n/a
340.296875	n/a	1.0	2	174232	n/a
340.314453125	n/a	1.0	2	174241	n/a
340.330078125	n/a	0.0	1	174249	n/a
340.34765625	n/a	0.0	1	174258	n/a
340.36328125	n/a	1.0	2	174266	n/a
340.380859375	n/a	1.0	2	174275	n/a
340.396484375	n/a	0.0	1	174283	n/a
340.4140625	n/a	1.0	2	174292	n/a
340.4296875	n/a	0.0	1	174300	n/a
340.447265625	n/a	1.0	2	174309	n/a
340.462890625	n/a	0.0	1	174317	n/a
340.48046875	n/a	1.0	2	174326	n/a
340.49609375	n/a	0.0	1	174334	n/a
340.513671875	n/a	0.0	1	174343	n/a
340.529296875	n/a	1.0	2	174351	n/a
340.546875	n/a	0.0	1	174360	n/a
340.564453125	n/a	1.0	2	174369	n/a
340.580078125	n/a	1.0	2	174377	n/a
340.59765625	n/a	0.0	1	174386	n/a
340.61328125	n/a	1.0	2	174394	n/a
340.630859375	n/a	0.0	1	174403	n/a
340.646484375	n/a	1.0	2	174411	n/a
340.6640625	n/a	0.0	1	174420	n/a
340.6796875	n/a	0.0	1	174428	n/a
340.697265625	n/a	1.0	2	174437	n/a
340.712890625	n/a	1.0	2	174445	n/a
340.73046875	n/a	0.0	1	174454	n/a
340.74609375	n/a	0.0	1	174462	n/a
340.763671875	n/a	1.0	2	174471	n/a
340.779296875	n/a	0.0	1	174479	n/a
340.796875	n/a	1.0	2	174488	n/a
340.814453125	n/a	1.0	2	174497	n/a
340.830078125	n/a	0.0	1	174505	n/a
340.84765625	n/a	0.0	1	174514	n/a
340.86328125	n/a	1.0	2	174522	n/a
340.880859375	n/a	1.0	2	174531	n/a
340.896484375	n/a	0.0	1	174539	n/a
340.9140625	n/a	1.0	2	174548	n/a
340.9296875	n/a	0.0	1	174556	n/a
340.947265625	n/a	1.0	2	174565	n/a
340.962890625	n/a	0.0	1	174573	n/a
340.98046875	n/a	1.0	2	174582	n/a
340.99609375	n/a	0.0	1	174590	n/a
341.013671875	n/a	0.0	1	174599	n/a
341.029296875	n/a	1.0	2	174607	n/a
341.046875	n/a	1.0	2	174616	n/a
341.064453125	n/a	0.0	1	174625	n/a
341.080078125	n/a	1.0	2	174633	n/a
341.09765625	n/a	0.0	1	174642	n/a
341.11328125	n/a	1.0	2	174650	n/a
341.130859375	n/a	0.0	1	174659	n/a
341.146484375	n/a	0.0	1	174667	n/a
341.1640625	n/a	1.0	2	174676	n/a
341.1796875	n/a	0.0	1	174684	n/a
341.197265625	n/a	1.0	2	174693	n/a
341.212890625	n/a	0.0	1	174701	n/a
341.23046875	n/a	1.0	2	174710	n/a
341.24609375	n/a	0.0	1	174718	n/a
341.263671875	n/a	1.0	2	174727	n/a
341.279296875	n/a	0.0	1	174735	n/a
341.296875	n/a	1.0	2	174744	n/a
341.314453125	n/a	0.0	1	174753	n/a
341.330078125	n/a	1.0	2	174761	n/a
341.34765625	n/a	1.0	2	174770	n/a
341.36328125	n/a	0.0	1	174778	n/a
341.380859375	n/a	0.0	1	174787	n/a
341.396484375	n/a	1.0	2	174795	n/a
341.4140625	n/a	1.0	2	174804	n/a
341.4296875	n/a	0.0	1	174812	n/a
341.447265625	n/a	1.0	2	174821	n/a
341.462890625	n/a	0.0	1	174829	n/a
341.48046875	n/a	0.0	1	174838	n/a
341.49609375	n/a	1.0	2	174846	n/a
341.513671875	n/a	1.0	2	174855	n/a
341.529296875	n/a	0.0	1	174863	n/a
341.546875	n/a	0.0	1	174872	n/a
341.564453125	n/a	1.0	2	174881	n/a
341.580078125	n/a	1.0	2	174889	n/a
341.59765625	n/a	0.0	1	174898	n/a
341.61328125	n/a	0.0	1	174906	n/a
341.630859375	n/a	1.0	2	174915	n/a
341.646484375	n/a	1.0	2	174923	n/a
341.6640625	n/a	0.0	1	174932	n/a
341.6796875	n/a	1.0	2	174940	n/a
341.697265625	n/a	0.0	1	174949	n/a
341.712890625	n/a	1.0	2	174957	n/a
341.73046875	n/a	0.0	1	174966	n/a
341.74609375	n/a	1.0	2	174974	n/a
341.763671875	n/a	0.0	1	174983	n/a
341.779296875	n/a	0.0	1	174991	n/a
341.796875	n/a	1.0	2	175000	n/a
341.814453125	n/a	0.0	1	175009	n/a
341.830078125	n/a	1.0	2	175017	n/a
341.84765625	n/a	1.0	2	175026	n/a
341.86328125	n/a	0.0	1	175034	n/a
341.880859375	n/a	1.0	2	175043	n/a
341.896484375	n/a	0.0	1	175051	n/a
341.9140625	n/a	0.0	1	175060	n/a
341.9296875	n/a	1.0	2	175068	n/a
341.947265625	n/a	0.0	1	175077	n/a
341.962890625	n/a	1.0	2	175085	n/a
341.98046875	n/a	1.0	2	175094	n/a
341.99609375	n/a	0.0	1	175102	n/a
342.013671875	n/a	1.0	2	175111	n/a
342.029296875	n/a	0.0	1	175119	n/a
342.046875	n/a	0.0	1	175128	n/a
342.064453125	n/a	1.0	2	175137	n/a
342.080078125	n/a	0.0	1	175145	n/a
342.09765625	n/a	1.0	2	175154	n/a
342.11328125	n/a	0.0	1	175162	n/a
342.130859375	n/a	1.0	2	175171	n/a
342.146484375	n/a	1.0	2	175179	n/a
342.1640625	n/a	0.0	1	175188	n/a
342.1796875	n/a	0.0	1	175196	n/a
342.197265625	n/a	1.0	2	175205	n/a
342.212890625	n/a	0.0	1	175213	n/a
342.23046875	n/a	1.0	2	175222	n/a
342.24609375	n/a	0.0	1	175230	n/a
342.263671875	n/a	1.0	2	175239	n/a
342.279296875	n/a	0.0	1	175247	n/a
342.296875	n/a	1.0	2	175256	n/a
342.314453125	n/a	1.0	2	175265	n/a
342.330078125	n/a	0.0	1	175273	n/a
342.34765625	n/a	0.0	1	175282	n/a
342.36328125	n/a	1.0	2	175290	n/a
342.380859375	n/a	0.0	1	175299	n/a
342.396484375	n/a	1.0	2	175307	n/a
342.4140625	n/a	1.0	2	175316	n/a
342.4296875	n/a	0.0	1	175324	n/a
342.447265625	n/a	0.0	1	175333	n/a
342.462890625	n/a	1.0	2	175341	n/a
342.48046875	n/a	1.0	2	175350	n/a
342.49609375	n/a	0.0	1	175358	n/a
342.513671875	n/a	1.0	2	175367	n/a
342.529296875	n/a	0.0	1	175375	n/a
342.546875	n/a	1.0	2	175384	n/a
342.564453125	n/a	0.0	1	175393	n/a
342.580078125	n/a	1.0	2	175401	n/a
342.59765625	n/a	0.0	1	175410	n/a
342.61328125	n/a	0.0	1	175418	n/a
342.630859375	n/a	1.0	2	175427	n/a
342.646484375	n/a	0.0	1	175435	n/a
342.6640625	n/a	1.0	2	175444	n/a
342.6796875	n/a	1.0	2	175452	n/a
342.697265625	n/a	0.0	1	175461	n/a
342.712890625	n/a	1.0	2	175469	n/a
342.73046875	n/a	0.0	1	175478	n/a
342.74609375	n/a	1.0	2	175486	n/a
342.763671875	n/a	0.0	1	175495	n/a
342.779296875	n/a	0.0	1	175503	n/a
342.796875	n/a	1.0	2	175512	n/a
342.814453125	n/a	1.0	2	175521	n/a
342.830078125	n/a	0.0	1	175529	n/a
342.84765625	n/a	0.0	1	175538	n/a
342.86328125	n/a	1.0	2	175546	n/a
342.880859375	n/a	0.0	1	175555	n/a
342.896484375	n/a	1.0	2	175563	n/a
342.9140625	n/a	1.0	2	175572	n/a
342.9296875	n/a	0.0	1	175580	n/a
342.947265625	n/a	0.0	1	175589	n/a
342.962890625	n/a	1.0	2	175597	n/a
342.98046875	n/a	1.0	2	175606	n/a
342.99609375	n/a	0.0	1	175614	n/a
343.013671875	n/a	1.0	2	175623	n/a
343.029296875	n/a	0.0	1	175631	n/a
343.046875	n/a	1.0	2	175640	n/a
343.064453125	n/a	0.0	1	175649	n/a
343.080078125	n/a	1.0	2	175657	n/a
343.09765625	n/a	0.0	1	175666	n/a
343.11328125	n/a	0.0	1	175674	n/a
343.130859375	n/a	1.0	2	175683	n/a
343.146484375	n/a	1.0	2	175691	n/a
343.1640625	n/a	0.0	1	175700	n/a
343.1796875	n/a	1.0	2	175708	n/a
343.197265625	n/a	0.0	1	175717	n/a
343.212890625	n/a	1.0	2	175725	n/a
343.23046875	n/a	0.0	1	175734	n/a
343.24609375	n/a	0.0	1	175742	n/a
343.263671875	n/a	1.0	2	175751	n/a
343.279296875	n/a	0.0	1	175759	n/a
343.296875	n/a	1.0	2	175768	n/a
343.314453125	n/a	0.0	1	175777	n/a
343.330078125	n/a	1.0	2	175785	n/a
343.34765625	n/a	0.0	1	175794	n/a
343.36328125	n/a	1.0	2	175802	n/a
343.380859375	n/a	0.0	1	175811	n/a
343.396484375	n/a	1.0	2	175819	n/a
343.4140625	n/a	0.0	1	175828	n/a
343.4296875	n/a	1.0	2	175836	n/a
343.447265625	n/a	1.0	2	175845	n/a
343.462890625	n/a	0.0	1	175853	n/a
343.48046875	n/a	0.0	1	175862	n/a
343.49609375	n/a	1.0	2	175870	n/a
343.513671875	n/a	1.0	2	175879	n/a
343.529296875	n/a	0.0	1	175887	n/a
343.546875	n/a	1.0	2	175896	n/a
343.564453125	n/a	0.0	1	175905	n/a
343.580078125	n/a	0.0	1	175913	n/a
343.59765625	n/a	1.0	2	175922	n/a
343.61328125	n/a	1.0	2	175930	n/a
343.630859375	n/a	0.0	1	175939	n/a
343.646484375	n/a	0.0	1	175947	n/a
343.6640625	n/a	1.0	2	175956	n/a
343.6796875	n/a	1.0	2	175964	n/a
343.697265625	n/a	0.0	1	175973	n/a
343.712890625	n/a	0.0	1	175981	n/a
343.73046875	n/a	1.0	2	175990	n/a
343.74609375	n/a	1.0	2	175998	n/a
343.763671875	n/a	0.0	1	176007	n/a
343.779296875	n/a	1.0	2	176015	n/a
343.796875	n/a	0.0	1	176024	n/a
343.814453125	n/a	1.0	2	176033	n/a
343.830078125	n/a	0.0	1	176041	n/a
343.84765625	n/a	1.0	2	176050	n/a
343.86328125	n/a	0.0	1	176058	n/a
343.880859375	n/a	0.0	1	176067	n/a
343.896484375	n/a	1.0	2	176075	n/a
343.9140625	n/a	0.0	1	176084	n/a
343.9296875	n/a	1.0	2	176092	n/a
343.947265625	n/a	1.0	2	176101	n/a
343.962890625	n/a	0.0	1	176109	n/a
343.98046875	n/a	1.0	2	176118	n/a
343.99609375	n/a	0.0	1	176126	n/a
344.013671875	n/a	0.0	1	176135	n/a
344.029296875	n/a	1.0	2	176143	n/a
344.046875	n/a	0.0	1	176152	n/a
344.064453125	n/a	1.0	2	176161	n/a
344.080078125	n/a	1.0	2	176169	n/a
344.09765625	n/a	0.0	1	176178	n/a
344.11328125	n/a	1.0	2	176186	n/a
344.130859375	n/a	0.0	1	176195	n/a
344.146484375	n/a	0.0	1	176203	n/a
344.1640625	n/a	1.0	2	176212	n/a
344.1796875	n/a	0.0	1	176220	n/a
344.197265625	n/a	1.0	2	176229	n/a
344.212890625	n/a	0.0	1	176237	n/a
344.23046875	n/a	1.0	2	176246	n/a
344.24609375	n/a	1.0	2	176254	n/a
344.263671875	n/a	0.0	1	176263	n/a
344.279296875	n/a	0.0	1	176271	n/a
344.296875	n/a	1.0	2	176280	n/a
344.314453125	n/a	0.0	1	176289	n/a
344.330078125	n/a	1.0	2	176297	n/a
344.34765625	n/a	0.0	1	176306	n/a
344.36328125	n/a	1.0	2	176314	n/a
344.380859375	n/a	0.0	1	176323	n/a
344.396484375	n/a	1.0	2	176331	n/a
344.4140625	n/a	1.0	2	176340	n/a
344.4296875	n/a	0.0	1	176348	n/a
344.447265625	n/a	0.0	1	176357	n/a
344.462890625	n/a	1.0	2	176365	n/a
344.48046875	n/a	0.0	1	176374	n/a
344.49609375	n/a	1.0	2	176382	n/a
344.513671875	n/a	1.0	2	176391	n/a
344.529296875	n/a	0.0	1	176399	n/a
344.546875	n/a	0.0	1	176408	n/a
344.564453125	n/a	1.0	2	176417	n/a
344.580078125	n/a	1.0	2	176425	n/a
344.59765625	n/a	0.0	1	176434	n/a
344.61328125	n/a	1.0	2	176442	n/a
344.630859375	n/a	0.0	1	176451	n/a
344.646484375	n/a	1.0	2	176459	n/a
344.6640625	n/a	0.0	1	176468	n/a
344.6796875	n/a	1.0	2	176476	n/a
344.697265625	n/a	0.0	1	176485	n/a
344.712890625	n/a	0.0	1	176493	n/a
344.73046875	n/a	1.0	2	176502	n/a
344.74609375	n/a	0.0	1	176510	n/a
344.763671875	n/a	1.0	2	176519	n/a
344.779296875	n/a	1.0	2	176527	n/a
344.796875	n/a	0.0	1	176536	n/a
344.814453125	n/a	1.0	2	176545	n/a
344.830078125	n/a	0.0	1	176553	n/a
344.84765625	n/a	1.0	2	176562	n/a
344.86328125	n/a	0.0	1	176570	n/a
344.880859375	n/a	0.0	1	176579	n/a
344.896484375	n/a	1.0	2	176587	n/a
344.9140625	n/a	1.0	2	176596	n/a
344.9296875	n/a	0.0	1	176604	n/a
344.947265625	n/a	0.0	1	176613	n/a
344.962890625	n/a	1.0	2	176621	n/a
344.98046875	n/a	0.0	1	176630	n/a
344.99609375	n/a	1.0	2	176638	n/a
345.013671875	n/a	1.0	2	176647	n/a
345.029296875	n/a	0.0	1	176655	n/a
345.046875	n/a	0.0	1	176664	n/a
345.064453125	n/a	1.0	2	176673	n/a
345.080078125	n/a	1.0	2	176681	n/a
345.09765625	n/a	0.0	1	176690	n/a
345.11328125	n/a	1.0	2	176698	n/a
345.130859375	n/a	0.0	1	176707	n/a
345.146484375	n/a	1.0	2	176715	n/a
345.1640625	n/a	0.0	1	176724	n/a
345.1796875	n/a	1.0	2	176732	n/a
345.197265625	n/a	0.0	1	176741	n/a
345.212890625	n/a	0.0	1	176749	n/a
345.23046875	n/a	1.0	2	176758	n/a
345.24609375	n/a	1.0	2	176766	n/a
345.263671875	n/a	0.0	1	176775	n/a
345.279296875	n/a	1.0	2	176783	n/a
345.296875	n/a	0.0	1	176792	n/a
345.314453125	n/a	1.0	2	176801	n/a
345.330078125	n/a	0.0	1	176809	n/a
345.34765625	n/a	0.0	1	176818	n/a
345.36328125	n/a	1.0	2	176826	n/a
345.380859375	n/a	0.0	1	176835	n/a
345.396484375	n/a	1.0	2	176843	n/a
345.4140625	n/a	0.0	1	176852	n/a
345.4296875	n/a	1.0	2	176860	n/a
345.447265625	n/a	0.0	1	176869	n/a
345.462890625	n/a	1.0	2	176877	n/a
345.48046875	n/a	0.0	1	176886	n/a
345.49609375	n/a	1.0	2	176894	n/a
345.513671875	n/a	0.0	1	176903	n/a
345.529296875	n/a	1.0	2	176911	n/a
345.546875	n/a	1.0	2	176920	n/a
345.564453125	n/a	0.0	1	176929	n/a
345.580078125	n/a	0.0	1	176937	n/a
345.59765625	n/a	1.0	2	176946	n/a
345.61328125	n/a	1.0	2	176954	n/a
345.630859375	n/a	0.0	1	176963	n/a
345.646484375	n/a	1.0	2	176971	n/a
345.6640625	n/a	0.0	1	176980	n/a
345.6796875	n/a	0.0	1	176988	n/a
345.697265625	n/a	1.0	2	176997	n/a
345.712890625	n/a	1.0	2	177005	n/a
345.73046875	n/a	0.0	1	177014	n/a
345.74609375	n/a	0.0	1	177022	n/a
345.763671875	n/a	1.0	2	177031	n/a
345.779296875	n/a	1.0	2	177039	n/a
345.796875	n/a	0.0	1	177048	n/a
345.814453125	n/a	0.0	1	177057	n/a
345.830078125	n/a	1.0	2	177065	n/a
345.84765625	n/a	1.0	2	177074	n/a
345.86328125	n/a	0.0	1	177082	n/a
345.880859375	n/a	1.0	2	177091	n/a
345.896484375	n/a	0.0	1	177099	n/a
345.9140625	n/a	1.0	2	177108	n/a
345.9296875	n/a	0.0	1	177116	n/a
345.947265625	n/a	1.0	2	177125	n/a
345.962890625	n/a	0.0	1	177133	n/a
345.98046875	n/a	0.0	1	177142	n/a
345.99609375	n/a	1.0	2	177150	n/a
346.013671875	n/a	0.0	1	177159	n/a
346.029296875	n/a	1.0	2	177167	n/a
346.046875	n/a	1.0	2	177176	n/a
346.064453125	n/a	0.0	1	177185	n/a
346.080078125	n/a	1.0	2	177193	n/a
346.09765625	n/a	0.0	1	177202	n/a
346.11328125	n/a	0.0	1	177210	n/a
346.130859375	n/a	1.0	2	177219	n/a
346.146484375	n/a	0.0	1	177227	n/a
346.1640625	n/a	1.0	2	177236	n/a
346.1796875	n/a	1.0	2	177244	n/a
346.197265625	n/a	0.0	1	177253	n/a
346.212890625	n/a	1.0	2	177261	n/a
346.23046875	n/a	0.0	1	177270	n/a
346.24609375	n/a	0.0	1	177278	n/a
346.263671875	n/a	1.0	2	177287	n/a
346.279296875	n/a	0.0	1	177295	n/a
346.296875	n/a	1.0	2	177304	n/a
346.314453125	n/a	0.0	1	177313	n/a
346.330078125	n/a	1.0	2	177321	n/a
346.34765625	n/a	1.0	2	177330	n/a
346.36328125	n/a	0.0	1	177338	n/a
346.380859375	n/a	0.0	1	177347	n/a
346.396484375	n/a	1.0	2	177355	n/a
346.4140625	n/a	0.0	1	177364	n/a
346.4296875	n/a	1.0	2	177372	n/a
346.447265625	n/a	0.0	1	177381	n/a
346.462890625	n/a	1.0	2	177389	n/a
346.48046875	n/a	0.0	1	177398	n/a
346.49609375	n/a	1.0	2	177406	n/a
346.513671875	n/a	1.0	2	177415	n/a
346.529296875	n/a	0.0	1	177423	n/a
346.546875	n/a	0.0	1	177432	n/a
346.564453125	n/a	1.0	2	177441	n/a
346.580078125	n/a	0.0	1	177449	n/a
346.59765625	n/a	1.0	2	177458	n/a
346.61328125	n/a	1.0	2	177466	n/a
346.630859375	n/a	0.0	1	177475	n/a
346.646484375	n/a	0.0	1	177483	n/a
346.6640625	n/a	1.0	2	177492	n/a
346.6796875	n/a	1.0	2	177500	n/a
346.697265625	n/a	0.0	1	177509	n/a
346.712890625	n/a	1.0	2	177517	n/a
346.73046875	n/a	0.0	1	177526	n/a
346.74609375	n/a	1.0	2	177534	n/a
346.763671875	n/a	0.0	1	177543	n/a
346.779296875	n/a	1.0	2	177551	n/a
346.796875	n/a	0.0	1	177560	n/a
346.814453125	n/a	0.0	1	177569	n/a
346.830078125	n/a	1.0	2	177577	n/a
346.84765625	n/a	0.0	1	177586	n/a
346.86328125	n/a	1.0	2	177594	n/a
346.880859375	n/a	1.0	2	177603	n/a
346.896484375	n/a	0.0	1	177611	n/a
346.9140625	n/a	1.0	2	177620	n/a
346.9296875	n/a	0.0	1	177628	n/a
346.947265625	n/a	1.0	2	177637	n/a
346.962890625	n/a	0.0	1	177645	n/a
346.98046875	n/a	0.0	1	177654	n/a
346.99609375	n/a	1.0	2	177662	n/a
347.013671875	n/a	1.0	2	177671	n/a
347.029296875	n/a	0.0	1	177679	n/a
347.046875	n/a	0.0	1	177688	n/a
347.064453125	n/a	1.0	2	177697	n/a
347.080078125	n/a	0.0	1	177705	n/a
347.09765625	n/a	1.0	2	177714	n/a
347.11328125	n/a	1.0	2	177722	n/a
347.130859375	n/a	0.0	1	177731	n/a
347.146484375	n/a	0.0	1	177739	n/a
347.1640625	n/a	1.0	2	177748	n/a
347.1796875	n/a	1.0	2	177756	n/a
347.197265625	n/a	0.0	1	177765	n/a
347.212890625	n/a	1.0	2	177773	n/a
347.23046875	n/a	0.0	1	177782	n/a
347.24609375	n/a	1.0	2	177790	n/a
347.263671875	n/a	0.0	1	177799	n/a
347.279296875	n/a	1.0	2	177807	n/a
347.296875	n/a	0.0	1	177816	n/a
347.314453125	n/a	0.0	1	177825	n/a
347.330078125	n/a	1.0	2	177833	n/a
347.34765625	n/a	1.0	2	177842	n/a
347.36328125	n/a	0.0	1	177850	n/a
347.380859375	n/a	1.0	2	177859	n/a
347.396484375	n/a	0.0	1	177867	n/a
347.4140625	n/a	1.0	2	177876	n/a
347.4296875	n/a	0.0	1	177884	n/a
347.447265625	n/a	0.0	1	177893	n/a
347.462890625	n/a	1.0	2	177901	n/a
347.48046875	n/a	0.0	1	177910	n/a
347.49609375	n/a	1.0	2	177918	n/a
347.513671875	n/a	0.0	1	177927	n/a
347.529296875	n/a	1.0	2	177935	n/a
347.546875	n/a	0.0	1	177944	n/a
347.564453125	n/a	1.0	2	177953	n/a
347.580078125	n/a	0.0	1	177961	n/a
347.59765625	n/a	1.0	2	177970	n/a
347.61328125	n/a	0.0	1	177978	n/a
347.630859375	n/a	1.0	2	177987	n/a
347.646484375	n/a	1.0	2	177995	n/a
347.6640625	n/a	0.0	1	178004	n/a
347.6796875	n/a	0.0	1	178012	n/a
347.697265625	n/a	1.0	2	178021	n/a
347.712890625	n/a	1.0	2	178029	n/a
347.73046875	n/a	0.0	1	178038	n/a
347.74609375	n/a	1.0	2	178046	n/a
347.763671875	n/a	0.0	1	178055	n/a
347.779296875	n/a	0.0	1	178063	n/a
347.796875	n/a	1.0	2	178072	n/a
347.814453125	n/a	1.0	2	178081	n/a
347.830078125	n/a	0.0	1	178089	n/a
347.84765625	n/a	0.0	1	178098	n/a
347.86328125	n/a	1.0	2	178106	n/a
347.880859375	n/a	1.0	2	178115	n/a
347.896484375	n/a	0.0	1	178123	n/a
347.9140625	n/a	0.0	1	178132	n/a
347.9296875	n/a	1.0	2	178140	n/a
347.947265625	n/a	1.0	2	178149	n/a
347.962890625	n/a	0.0	1	178157	n/a
347.98046875	n/a	1.0	2	178166	n/a
347.99609375	n/a	0.0	1	178174	n/a
348.013671875	n/a	1.0	2	178183	n/a
348.029296875	n/a	0.0	1	178191	n/a
348.046875	n/a	1.0	2	178200	n/a
348.064453125	n/a	0.0	1	178209	n/a
348.080078125	n/a	0.0	1	178217	n/a
348.09765625	n/a	1.0	2	178226	n/a
348.11328125	n/a	0.0	1	178234	n/a
348.130859375	n/a	1.0	2	178243	n/a
348.146484375	n/a	1.0	2	178251	n/a
348.1640625	n/a	0.0	1	178260	n/a
348.1796875	n/a	1.0	2	178268	n/a
348.197265625	n/a	0.0	1	178277	n/a
348.212890625	n/a	0.0	1	178285	n/a
348.23046875	n/a	1.0	2	178294	n/a
348.24609375	n/a	0.0	1	178302	n/a
348.263671875	n/a	1.0	2	178311	n/a
348.279296875	n/a	1.0	2	178319	n/a
348.296875	n/a	0.0	1	178328	n/a
348.314453125	n/a	1.0	2	178337	n/a
348.330078125	n/a	0.0	1	178345	n/a
348.34765625	n/a	0.0	1	178354	n/a
348.36328125	n/a	1.0	2	178362	n/a
348.380859375	n/a	0.0	1	178371	n/a
348.396484375	n/a	1.0	2	178379	n/a
348.4140625	n/a	0.0	1	178388	n/a
348.4296875	n/a	1.0	2	178396	n/a
348.447265625	n/a	1.0	2	178405	n/a
348.462890625	n/a	0.0	1	178413	n/a
348.48046875	n/a	0.0	1	178422	n/a
348.49609375	n/a	1.0	2	178430	n/a
348.513671875	n/a	0.0	1	178439	n/a
348.529296875	n/a	1.0	2	178447	n/a
348.546875	n/a	0.0	1	178456	n/a
348.564453125	n/a	1.0	2	178465	n/a
348.580078125	n/a	0.0	1	178473	n/a
348.59765625	n/a	1.0	2	178482	n/a
348.61328125	n/a	1.0	2	178490	n/a
348.630859375	n/a	0.0	1	178499	n/a
348.646484375	n/a	0.0	1	178507	n/a
348.6640625	n/a	1.0	2	178516	n/a
348.6796875	n/a	0.0	1	178524	n/a
348.697265625	n/a	1.0	2	178533	n/a
348.712890625	n/a	1.0	2	178541	n/a
348.73046875	n/a	0.0	1	178550	n/a
348.74609375	n/a	0.0	1	178558	n/a
348.763671875	n/a	1.0	2	178567	n/a
348.779296875	n/a	1.0	2	178575	n/a
348.796875	n/a	0.0	1	178584	n/a
348.814453125	n/a	1.0	2	178593	n/a
348.830078125	n/a	0.0	1	178601	n/a
348.84765625	n/a	1.0	2	178610	n/a
348.86328125	n/a	0.0	1	178618	n/a
348.880859375	n/a	1.0	2	178627	n/a
348.896484375	n/a	0.0	1	178635	n/a
348.9140625	n/a	0.0	1	178644	n/a
348.9296875	n/a	1.0	2	178652	n/a
348.947265625	n/a	0.0	1	178661	n/a
348.962890625	n/a	1.0	2	178669	n/a
348.98046875	n/a	1.0	2	178678	n/a
348.99609375	n/a	0.0	1	178686	n/a
349.013671875	n/a	1.0	2	178695	n/a
349.029296875	n/a	0.0	1	178703	n/a
349.046875	n/a	1.0	2	178712	n/a
349.064453125	n/a	0.0	1	178721	n/a
349.080078125	n/a	0.0	1	178729	n/a
349.09765625	n/a	1.0	2	178738	n/a
349.11328125	n/a	1.0	2	178746	n/a
349.130859375	n/a	0.0	1	178755	n/a
349.146484375	n/a	0.0	1	178763	n/a
349.1640625	n/a	1.0	2	178772	n/a
349.1796875	n/a	0.0	1	178780	n/a
349.197265625	n/a	1.0	2	178789	n/a
349.212890625	n/a	1.0	2	178797	n/a
349.23046875	n/a	0.0	1	178806	n/a
349.24609375	n/a	0.0	1	178814	n/a
349.263671875	n/a	1.0	2	178823	n/a
349.279296875	n/a	1.0	2	178831	n/a
349.296875	n/a	0.0	1	178840	n/a
349.314453125	n/a	1.0	2	178849	n/a
349.330078125	n/a	0.0	1	178857	n/a
349.34765625	n/a	1.0	2	178866	n/a
349.36328125	n/a	0.0	1	178874	n/a
349.380859375	n/a	1.0	2	178883	n/a
349.396484375	n/a	0.0	1	178891	n/a
349.4140625	n/a	0.0	1	178900	n/a
349.4296875	n/a	1.0	2	178908	n/a
349.447265625	n/a	1.0	2	178917	n/a
349.462890625	n/a	0.0	1	178925	n/a
349.48046875	n/a	1.0	2	178934	n/a
349.49609375	n/a	0.0	1	178942	n/a
349.513671875	n/a	1.0	2	178951	n/a
349.529296875	n/a	0.0	1	178959	n/a
349.546875	n/a	0.0	1	178968	n/a
349.564453125	n/a	1.0	2	178977	n/a
349.580078125	n/a	0.0	1	178985	n/a
349.59765625	n/a	1.0	2	178994	n/a
349.61328125	n/a	0.0	1	179002	n/a
349.630859375	n/a	1.0	2	179011	n/a
349.646484375	n/a	0.0	1	179019	n/a
349.6640625	n/a	1.0	2	179028	n/a
349.6796875	n/a	0.0	1	179036	n/a
349.697265625	n/a	1.0	2	179045	n/a
349.712890625	n/a	0.0	1	179053	n/a
349.73046875	n/a	1.0	2	179062	n/a
349.74609375	n/a	1.0	2	179070	n/a
349.763671875	n/a	0.0	1	179079	n/a
349.779296875	n/a	0.0	1	179087	n/a
349.796875	n/a	1.0	2	179096	n/a
349.814453125	n/a	1.0	2	179105	n/a
349.830078125	n/a	0.0	1	179113	n/a
349.84765625	n/a	1.0	2	179122	n/a
349.86328125	n/a	0.0	1	179130	n/a
349.880859375	n/a	0.0	1	179139	n/a
349.896484375	n/a	1.0	2	179147	n/a
349.9140625	n/a	1.0	2	179156	n/a
349.9296875	n/a	0.0	1	179164	n/a
349.947265625	n/a	0.0	1	179173	n/a
349.962890625	n/a	1.0	2	179181	n/a
349.98046875	n/a	1.0	2	179190	n/a
349.99609375	n/a	0.0	1	179198	n/a
350.013671875	n/a	0.0	1	179207	n/a
350.029296875	n/a	1.0	2	179215	n/a
350.046875	n/a	1.0	2	179224	n/a
350.064453125	n/a	0.0	1	179233	n/a
350.080078125	n/a	1.0	2	179241	n/a
350.09765625	n/a	0.0	1	179250	n/a
350.11328125	n/a	1.0	2	179258	n/a
350.130859375	n/a	0.0	1	179267	n/a
350.146484375	n/a	1.0	2	179275	n/a
350.1640625	n/a	0.0	1	179284	n/a
350.1796875	n/a	0.0	1	179292	n/a
350.197265625	n/a	1.0	2	179301	n/a
350.212890625	n/a	0.0	1	179309	n/a
350.23046875	n/a	1.0	2	179318	n/a
350.24609375	n/a	1.0	2	179326	n/a
350.263671875	n/a	0.0	1	179335	n/a
350.279296875	n/a	1.0	2	179343	n/a
350.296875	n/a	0.0	1	179352	n/a
350.314453125	n/a	0.0	1	179361	n/a
350.330078125	n/a	1.0	2	179369	n/a
350.34765625	n/a	0.0	1	179378	n/a
350.36328125	n/a	1.0	2	179386	n/a
350.380859375	n/a	1.0	2	179395	n/a
350.396484375	n/a	0.0	1	179403	n/a
350.4140625	n/a	1.0	2	179412	n/a
350.4296875	n/a	0.0	1	179420	n/a
350.447265625	n/a	0.0	1	179429	n/a
350.462890625	n/a	1.0	2	179437	n/a
350.48046875	n/a	0.0	1	179446	n/a
350.49609375	n/a	1.0	2	179454	n/a
350.513671875	n/a	0.0	1	179463	n/a
350.529296875	n/a	1.0	2	179471	n/a
350.546875	n/a	1.0	2	179480	n/a
350.564453125	n/a	0.0	1	179489	n/a
350.580078125	n/a	0.0	1	179497	n/a
350.59765625	n/a	1.0	2	179506	n/a
350.61328125	n/a	0.0	1	179514	n/a
350.630859375	n/a	1.0	2	179523	n/a
350.646484375	n/a	0.0	1	179531	n/a
350.6640625	n/a	1.0	2	179540	n/a
350.6796875	n/a	0.0	1	179548	n/a
350.697265625	n/a	1.0	2	179557	n/a
350.712890625	n/a	1.0	2	179565	n/a
350.73046875	n/a	0.0	1	179574	n/a
350.74609375	n/a	0.0	1	179582	n/a
350.763671875	n/a	1.0	2	179591	n/a
350.779296875	n/a	0.0	1	179599	n/a
350.796875	n/a	1.0	2	179608	n/a
350.814453125	n/a	1.0	2	179617	n/a
350.830078125	n/a	0.0	1	179625	n/a
350.84765625	n/a	0.0	1	179634	n/a
350.86328125	n/a	1.0	2	179642	n/a
350.880859375	n/a	1.0	2	179651	n/a
350.896484375	n/a	0.0	1	179659	n/a
350.9140625	n/a	1.0	2	179668	n/a
350.9296875	n/a	0.0	1	179676	n/a
350.947265625	n/a	1.0	2	179685	n/a
350.962890625	n/a	0.0	1	179693	n/a
350.98046875	n/a	1.0	2	179702	n/a
350.99609375	n/a	0.0	1	179710	n/a
351.013671875	n/a	0.0	1	179719	n/a
351.029296875	n/a	1.0	2	179727	n/a
351.046875	n/a	0.0	1	179736	n/a
351.064453125	n/a	1.0	2	179745	n/a
351.080078125	n/a	1.0	2	179753	n/a
351.09765625	n/a	0.0	1	179762	n/a
351.11328125	n/a	1.0	2	179770	n/a
351.130859375	n/a	0.0	1	179779	n/a
351.146484375	n/a	1.0	2	179787	n/a
351.1640625	n/a	0.0	1	179796	n/a
351.1796875	n/a	0.0	1	179804	n/a
351.197265625	n/a	1.0	2	179813	n/a
351.212890625	n/a	1.0	2	179821	n/a
351.23046875	n/a	0.0	1	179830	n/a
351.24609375	n/a	0.0	1	179838	n/a
351.263671875	n/a	1.0	2	179847	n/a
351.279296875	n/a	0.0	1	179855	n/a
351.296875	n/a	1.0	2	179864	n/a
351.314453125	n/a	1.0	2	179873	n/a
351.330078125	n/a	0.0	1	179881	n/a
351.34765625	n/a	0.0	1	179890	n/a
351.36328125	n/a	1.0	2	179898	n/a
351.380859375	n/a	1.0	2	179907	n/a
351.396484375	n/a	0.0	1	179915	n/a
351.4140625	n/a	1.0	2	179924	n/a
351.4296875	n/a	0.0	1	179932	n/a
351.447265625	n/a	1.0	2	179941	n/a
351.462890625	n/a	0.0	1	179949	n/a
351.48046875	n/a	1.0	2	179958	n/a
351.49609375	n/a	0.0	1	179966	n/a
351.513671875	n/a	0.0	1	179975	n/a
351.529296875	n/a	1.0	2	179983	n/a
351.546875	n/a	1.0	2	179992	n/a
351.564453125	n/a	0.0	1	180001	n/a
351.580078125	n/a	1.0	2	180009	n/a
351.59765625	n/a	0.0	1	180018	n/a
351.61328125	n/a	1.0	2	180026	n/a
351.630859375	n/a	0.0	1	180035	n/a
351.646484375	n/a	0.0	1	180043	n/a
351.6640625	n/a	1.0	2	180052	n/a
351.6796875	n/a	0.0	1	180060	n/a
351.697265625	n/a	1.0	2	180069	n/a
351.712890625	n/a	0.0	1	180077	n/a
351.73046875	n/a	1.0	2	180086	n/a
351.74609375	n/a	0.0	1	180094	n/a
351.763671875	n/a	1.0	2	180103	n/a
351.779296875	n/a	0.0	1	180111	n/a
351.796875	n/a	1.0	2	180120	n/a
351.814453125	n/a	0.0	1	180129	n/a
351.830078125	n/a	1.0	2	180137	n/a
351.84765625	n/a	1.0	2	180146	n/a
351.86328125	n/a	0.0	1	180154	n/a
351.880859375	n/a	0.0	1	180163	n/a
351.896484375	n/a	1.0	2	180171	n/a
351.9140625	n/a	1.0	2	180180	n/a
351.9296875	n/a	0.0	1	180188	n/a
351.947265625	n/a	1.0	2	180197	n/a
351.962890625	n/a	0.0	1	180205	n/a
351.98046875	n/a	0.0	1	180214	n/a
351.99609375	n/a	1.0	2	180222	n/a
352.013671875	n/a	1.0	2	180231	n/a
352.029296875	n/a	0.0	1	180239	n/a
352.046875	n/a	0.0	1	180248	n/a
352.064453125	n/a	1.0	2	180257	n/a
352.080078125	n/a	1.0	2	180265	n/a
352.09765625	n/a	0.0	1	180274	n/a
352.11328125	n/a	0.0	1	180282	n/a
352.130859375	n/a	1.0	2	180291	n/a
352.146484375	n/a	1.0	2	180299	n/a
352.1640625	n/a	0.0	1	180308	n/a
352.1796875	n/a	1.0	2	180316	n/a
352.197265625	n/a	0.0	1	180325	n/a
352.212890625	n/a	1.0	2	180333	n/a
352.23046875	n/a	0.0	1	180342	n/a
352.24609375	n/a	1.0	2	180350	n/a
352.263671875	n/a	0.0	1	180359	n/a
352.279296875	n/a	0.0	1	180367	n/a
352.296875	n/a	1.0	2	180376	n/a
352.314453125	n/a	0.0	1	180385	n/a
352.330078125	n/a	1.0	2	180393	n/a
352.34765625	n/a	1.0	2	180402	n/a
352.36328125	n/a	0.0	1	180410	n/a
352.380859375	n/a	1.0	2	180419	n/a
352.396484375	n/a	0.0	1	180427	n/a
352.4140625	n/a	0.0	1	180436	n/a
352.4296875	n/a	1.0	2	180444	n/a
352.447265625	n/a	0.0	1	180453	n/a
352.462890625	n/a	1.0	2	180461	n/a
352.48046875	n/a	1.0	2	180470	n/a
352.49609375	n/a	0.0	1	180478	n/a
352.513671875	n/a	1.0	2	180487	n/a
352.529296875	n/a	0.0	1	180495	n/a
352.546875	n/a	0.0	1	180504	n/a
352.564453125	n/a	1.0	2	180513	n/a
352.580078125	n/a	0.0	1	180521	n/a
352.59765625	n/a	1.0	2	180530	n/a
352.61328125	n/a	0.0	1	180538	n/a
352.630859375	n/a	1.0	2	180547	n/a
352.646484375	n/a	1.0	2	180555	n/a
352.6640625	n/a	0.0	1	180564	n/a
352.6796875	n/a	0.0	1	180572	n/a
352.697265625	n/a	1.0	2	180581	n/a
352.712890625	n/a	0.0	1	180589	n/a
352.73046875	n/a	1.0	2	180598	n/a
352.74609375	n/a	0.0	1	180606	n/a
352.763671875	n/a	1.0	2	180615	n/a
352.779296875	n/a	0.0	1	180623	n/a
352.796875	n/a	1.0	2	180632	n/a
352.814453125	n/a	1.0	2	180641	n/a
352.830078125	n/a	0.0	1	180649	n/a
352.84765625	n/a	0.0	1	180658	n/a
352.86328125	n/a	1.0	2	180666	n/a
352.880859375	n/a	0.0	1	180675	n/a
352.896484375	n/a	1.0	2	180683	n/a
352.9140625	n/a	1.0	2	180692	n/a
352.9296875	n/a	0.0	1	180700	n/a
352.947265625	n/a	0.0	1	180709	n/a
352.962890625	n/a	1.0	2	180717	n/a
352.98046875	n/a	1.0	2	180726	n/a
352.99609375	n/a	0.0	1	180734	n/a
353.013671875	n/a	1.0	2	180743	n/a
353.029296875	n/a	0.0	1	180751	n/a
353.046875	n/a	1.0	2	180760	n/a
353.064453125	n/a	0.0	1	180769	n/a
353.080078125	n/a	1.0	2	180777	n/a
353.09765625	n/a	0.0	1	180786	n/a
353.11328125	n/a	0.0	1	180794	n/a
353.130859375	n/a	1.0	2	180803	n/a
353.146484375	n/a	0.0	1	180811	n/a
353.1640625	n/a	1.0	2	180820	n/a
353.1796875	n/a	1.0	2	180828	n/a
353.197265625	n/a	0.0	1	180837	n/a
353.212890625	n/a	1.0	2	180845	n/a
353.23046875	n/a	0.0	1	180854	n/a
353.24609375	n/a	1.0	2	180862	n/a
353.263671875	n/a	0.0	1	180871	n/a
353.279296875	n/a	0.0	1	180879	n/a
353.296875	n/a	1.0	2	180888	n/a
353.314453125	n/a	1.0	2	180897	n/a
353.330078125	n/a	0.0	1	180905	n/a
353.34765625	n/a	0.0	1	180914	n/a
353.36328125	n/a	1.0	2	180922	n/a
353.380859375	n/a	0.0	1	180931	n/a
353.396484375	n/a	1.0	2	180939	n/a
353.4140625	n/a	1.0	2	180948	n/a
353.4296875	n/a	0.0	1	180956	n/a
353.447265625	n/a	0.0	1	180965	n/a
353.462890625	n/a	1.0	2	180973	n/a
353.48046875	n/a	1.0	2	180982	n/a
353.49609375	n/a	0.0	1	180990	n/a
353.513671875	n/a	1.0	2	180999	n/a
353.529296875	n/a	0.0	1	181007	n/a
353.546875	n/a	1.0	2	181016	n/a
353.564453125	n/a	0.0	1	181025	n/a
353.580078125	n/a	1.0	2	181033	n/a
353.59765625	n/a	0.0	1	181042	n/a
353.61328125	n/a	0.0	1	181050	n/a
353.630859375	n/a	1.0	2	181059	n/a
353.646484375	n/a	1.0	2	181067	n/a
353.6640625	n/a	0.0	1	181076	n/a
353.6796875	n/a	1.0	2	181084	n/a
353.697265625	n/a	0.0	1	181093	n/a
353.712890625	n/a	1.0	2	181101	n/a
353.73046875	n/a	0.0	1	181110	n/a
353.74609375	n/a	0.0	1	181118	n/a
353.763671875	n/a	1.0	2	181127	n/a
353.779296875	n/a	0.0	1	181135	n/a
353.796875	n/a	1.0	2	181144	n/a
353.814453125	n/a	0.0	1	181153	n/a
353.830078125	n/a	1.0	2	181161	n/a
353.84765625	n/a	0.0	1	181170	n/a
353.86328125	n/a	1.0	2	181178	n/a
353.880859375	n/a	0.0	1	181187	n/a
353.896484375	n/a	1.0	2	181195	n/a
353.9140625	n/a	0.0	1	181204	n/a
353.9296875	n/a	1.0	2	181212	n/a
353.947265625	n/a	1.0	2	181221	n/a
353.962890625	n/a	0.0	1	181229	n/a
353.98046875	n/a	0.0	1	181238	n/a
353.99609375	n/a	1.0	2	181246	n/a
354.013671875	n/a	1.0	2	181255	n/a
354.029296875	n/a	0.0	1	181263	n/a
354.046875	n/a	1.0	2	181272	n/a
354.064453125	n/a	0.0	1	181281	n/a
354.080078125	n/a	0.0	1	181289	n/a
354.09765625	n/a	1.0	2	181298	n/a
354.11328125	n/a	1.0	2	181306	n/a
354.130859375	n/a	0.0	1	181315	n/a
354.146484375	n/a	0.0	1	181323	n/a
354.1640625	n/a	1.0	2	181332	n/a
354.1796875	n/a	1.0	2	181340	n/a
354.197265625	n/a	0.0	1	181349	n/a
354.212890625	n/a	0.0	1	181357	n/a
354.23046875	n/a	1.0	2	181366	n/a
354.24609375	n/a	1.0	2	181374	n/a
354.263671875	n/a	0.0	1	181383	n/a
354.279296875	n/a	1.0	2	181391	n/a
354.296875	n/a	0.0	1	181400	n/a
354.314453125	n/a	1.0	2	181409	n/a
354.330078125	n/a	0.0	1	181417	n/a
354.34765625	n/a	1.0	2	181426	n/a
354.36328125	n/a	0.0	1	181434	n/a
354.380859375	n/a	0.0	1	181443	n/a
354.396484375	n/a	1.0	2	181451	n/a
354.4140625	n/a	0.0	1	181460	n/a
354.4296875	n/a	1.0	2	181468	n/a
354.447265625	n/a	1.0	2	181477	n/a
354.462890625	n/a	0.0	1	181485	n/a
354.48046875	n/a	1.0	2	181494	n/a
354.49609375	n/a	0.0	1	181502	n/a
354.513671875	n/a	0.0	1	181511	n/a
354.529296875	n/a	1.0	2	181519	n/a
354.546875	n/a	0.0	1	181528	n/a
354.564453125	n/a	1.0	2	181537	n/a
354.580078125	n/a	1.0	2	181545	n/a
354.59765625	n/a	0.0	1	181554	n/a
354.61328125	n/a	1.0	2	181562	n/a
354.630859375	n/a	0.0	1	181571	n/a
354.646484375	n/a	0.0	1	181579	n/a
354.6640625	n/a	1.0	2	181588	n/a
354.6796875	n/a	0.0	1	181596	n/a
354.697265625	n/a	1.0	2	181605	n/a
354.712890625	n/a	0.0	1	181613	n/a
354.73046875	n/a	1.0	2	181622	n/a
354.74609375	n/a	1.0	2	181630	n/a
354.763671875	n/a	0.0	1	181639	n/a
354.779296875	n/a	0.0	1	181647	n/a
354.796875	n/a	1.0	2	181656	n/a
354.814453125	n/a	0.0	1	181665	n/a
354.830078125	n/a	1.0	2	181673	n/a
354.84765625	n/a	0.0	1	181682	n/a
354.86328125	n/a	1.0	2	181690	n/a
354.880859375	n/a	0.0	1	181699	n/a
354.896484375	n/a	1.0	2	181707	n/a
354.9140625	n/a	1.0	2	181716	n/a
354.9296875	n/a	0.0	1	181724	n/a
354.947265625	n/a	0.0	1	181733	n/a
354.962890625	n/a	1.0	2	181741	n/a
354.98046875	n/a	0.0	1	181750	n/a
354.99609375	n/a	1.0	2	181758	n/a
355.013671875	n/a	1.0	2	181767	n/a
355.029296875	n/a	0.0	1	181775	n/a
355.046875	n/a	0.0	1	181784	n/a
355.064453125	n/a	1.0	2	181793	n/a
355.080078125	n/a	1.0	2	181801	n/a
355.09765625	n/a	0.0	1	181810	n/a
355.11328125	n/a	1.0	2	181818	n/a
355.130859375	n/a	0.0	1	181827	n/a
355.146484375	n/a	1.0	2	181835	n/a
355.1640625	n/a	0.0	1	181844	n/a
355.1796875	n/a	1.0	2	181852	n/a
355.197265625	n/a	0.0	1	181861	n/a
355.212890625	n/a	0.0	1	181869	n/a
355.23046875	n/a	1.0	2	181878	n/a
355.24609375	n/a	0.0	1	181886	n/a
355.263671875	n/a	1.0	2	181895	n/a
355.279296875	n/a	1.0	2	181903	n/a
355.296875	n/a	0.0	1	181912	n/a
355.314453125	n/a	1.0	2	181921	n/a
355.330078125	n/a	0.0	1	181929	n/a
355.34765625	n/a	1.0	2	181938	n/a
355.36328125	n/a	0.0	1	181946	n/a
355.380859375	n/a	0.0	1	181955	n/a
355.396484375	n/a	1.0	2	181963	n/a
355.4140625	n/a	1.0	2	181972	n/a
355.4296875	n/a	0.0	1	181980	n/a
355.447265625	n/a	0.0	1	181989	n/a
355.462890625	n/a	1.0	2	181997	n/a
355.48046875	n/a	0.0	1	182006	n/a
355.49609375	n/a	1.0	2	182014	n/a
355.513671875	n/a	1.0	2	182023	n/a
355.529296875	n/a	0.0	1	182031	n/a
355.546875	n/a	0.0	1	182040	n/a
355.564453125	n/a	1.0	2	182049	n/a
355.580078125	n/a	1.0	2	182057	n/a
355.59765625	n/a	0.0	1	182066	n/a
355.61328125	n/a	1.0	2	182074	n/a
355.630859375	n/a	0.0	1	182083	n/a
355.646484375	n/a	1.0	2	182091	n/a
355.6640625	n/a	0.0	1	182100	n/a
355.6796875	n/a	1.0	2	182108	n/a
355.697265625	n/a	0.0	1	182117	n/a
355.712890625	n/a	0.0	1	182125	n/a
355.73046875	n/a	1.0	2	182134	n/a
355.74609375	n/a	1.0	2	182142	n/a
355.763671875	n/a	0.0	1	182151	n/a
355.779296875	n/a	1.0	2	182159	n/a
355.796875	n/a	0.0	1	182168	n/a
355.814453125	n/a	1.0	2	182177	n/a
355.830078125	n/a	0.0	1	182185	n/a
355.84765625	n/a	0.0	1	182194	n/a
355.86328125	n/a	1.0	2	182202	n/a
355.880859375	n/a	0.0	1	182211	n/a
355.896484375	n/a	1.0	2	182219	n/a
355.9140625	n/a	0.0	1	182228	n/a
355.9296875	n/a	1.0	2	182236	n/a
355.947265625	n/a	0.0	1	182245	n/a
355.962890625	n/a	1.0	2	182253	n/a
355.98046875	n/a	0.0	1	182262	n/a
355.99609375	n/a	1.0	2	182270	n/a
356.013671875	n/a	0.0	1	182279	n/a
356.029296875	n/a	1.0	2	182287	n/a
356.046875	n/a	1.0	2	182296	n/a
356.064453125	n/a	0.0	1	182305	n/a
356.080078125	n/a	0.0	1	182313	n/a
356.09765625	n/a	1.0	2	182322	n/a
356.11328125	n/a	1.0	2	182330	n/a
356.130859375	n/a	0.0	1	182339	n/a
356.146484375	n/a	1.0	2	182347	n/a
356.1640625	n/a	0.0	1	182356	n/a
356.1796875	n/a	0.0	1	182364	n/a
356.197265625	n/a	1.0	2	182373	n/a
356.212890625	n/a	1.0	2	182381	n/a
356.23046875	n/a	0.0	1	182390	n/a
356.24609375	n/a	0.0	1	182398	n/a
356.263671875	n/a	1.0	2	182407	n/a
356.279296875	n/a	1.0	2	182415	n/a
356.296875	n/a	0.0	1	182424	n/a
356.314453125	n/a	0.0	1	182433	n/a
356.330078125	n/a	1.0	2	182441	n/a
356.34765625	n/a	1.0	2	182450	n/a
356.36328125	n/a	0.0	1	182458	n/a
356.380859375	n/a	1.0	2	182467	n/a
356.396484375	n/a	0.0	1	182475	n/a
356.4140625	n/a	1.0	2	182484	n/a
356.4296875	n/a	0.0	1	182492	n/a
356.447265625	n/a	1.0	2	182501	n/a
356.462890625	n/a	0.0	1	182509	n/a
356.48046875	n/a	0.0	1	182518	n/a
356.49609375	n/a	1.0	2	182526	n/a
356.513671875	n/a	0.0	1	182535	n/a
356.529296875	n/a	1.0	2	182543	n/a
356.546875	n/a	1.0	2	182552	n/a
356.564453125	n/a	0.0	1	182561	n/a
356.580078125	n/a	1.0	2	182569	n/a
356.59765625	n/a	0.0	1	182578	n/a
356.61328125	n/a	0.0	1	182586	n/a
356.630859375	n/a	1.0	2	182595	n/a
356.646484375	n/a	0.0	1	182603	n/a
356.6640625	n/a	1.0	2	182612	n/a
356.6796875	n/a	1.0	2	182620	n/a
356.697265625	n/a	0.0	1	182629	n/a
356.712890625	n/a	1.0	2	182637	n/a
356.73046875	n/a	0.0	1	182646	n/a
356.74609375	n/a	0.0	1	182654	n/a
356.763671875	n/a	1.0	2	182663	n/a
356.779296875	n/a	0.0	1	182671	n/a
356.796875	n/a	1.0	2	182680	n/a
356.814453125	n/a	0.0	1	182689	n/a
356.830078125	n/a	1.0	2	182697	n/a
356.84765625	n/a	1.0	2	182706	n/a
356.86328125	n/a	0.0	1	182714	n/a
356.880859375	n/a	0.0	1	182723	n/a
356.896484375	n/a	1.0	2	182731	n/a
356.9140625	n/a	0.0	1	182740	n/a
356.9296875	n/a	1.0	2	182748	n/a
356.947265625	n/a	0.0	1	182757	n/a
356.962890625	n/a	1.0	2	182765	n/a
356.98046875	n/a	0.0	1	182774	n/a
356.99609375	n/a	1.0	2	182782	n/a
357.013671875	n/a	1.0	2	182791	n/a
357.029296875	n/a	0.0	1	182799	n/a
357.046875	n/a	0.0	1	182808	n/a
357.064453125	n/a	1.0	2	182817	n/a
357.080078125	n/a	0.0	1	182825	n/a
357.09765625	n/a	1.0	2	182834	n/a
357.11328125	n/a	1.0	2	182842	n/a
357.130859375	n/a	0.0	1	182851	n/a
357.146484375	n/a	0.0	1	182859	n/a
357.1640625	n/a	1.0	2	182868	n/a
357.1796875	n/a	1.0	2	182876	n/a
357.197265625	n/a	0.0	1	182885	n/a
357.212890625	n/a	1.0	2	182893	n/a
357.23046875	n/a	0.0	1	182902	n/a
357.24609375	n/a	1.0	2	182910	n/a
357.263671875	n/a	0.0	1	182919	n/a
357.279296875	n/a	1.0	2	182927	n/a
357.296875	n/a	0.0	1	182936	n/a
357.314453125	n/a	0.0	1	182945	n/a
357.330078125	n/a	1.0	2	182953	n/a
357.34765625	n/a	0.0	1	182962	n/a
357.36328125	n/a	1.0	2	182970	n/a
357.380859375	n/a	1.0	2	182979	n/a
357.396484375	n/a	0.0	1	182987	n/a
357.4140625	n/a	1.0	2	182996	n/a
357.4296875	n/a	0.0	1	183004	n/a
357.447265625	n/a	1.0	2	183013	n/a
357.462890625	n/a	0.0	1	183021	n/a
357.48046875	n/a	0.0	1	183030	n/a
357.49609375	n/a	1.0	2	183038	n/a
357.513671875	n/a	1.0	2	183047	n/a
357.529296875	n/a	0.0	1	183055	n/a
357.546875	n/a	0.0	1	183064	n/a
357.564453125	n/a	1.0	2	183073	n/a
357.580078125	n/a	0.0	1	183081	n/a
357.59765625	n/a	1.0	2	183090	n/a
357.61328125	n/a	1.0	2	183098	n/a
357.630859375	n/a	0.0	1	183107	n/a
357.646484375	n/a	0.0	1	183115	n/a
357.6640625	n/a	1.0	2	183124	n/a
357.6796875	n/a	1.0	2	183132	n/a
357.697265625	n/a	0.0	1	183141	n/a
357.712890625	n/a	1.0	2	183149	n/a
357.73046875	n/a	0.0	1	183158	n/a
357.74609375	n/a	1.0	2	183166	n/a
357.763671875	n/a	0.0	1	183175	n/a
357.779296875	n/a	1.0	2	183183	n/a
357.796875	n/a	0.0	1	183192	n/a
357.814453125	n/a	0.0	1	183201	n/a
357.830078125	n/a	1.0	2	183209	n/a
357.84765625	n/a	1.0	2	183218	n/a
357.86328125	n/a	0.0	1	183226	n/a
357.880859375	n/a	1.0	2	183235	n/a
357.896484375	n/a	0.0	1	183243	n/a
357.9140625	n/a	1.0	2	183252	n/a
357.9296875	n/a	0.0	1	183260	n/a
357.947265625	n/a	0.0	1	183269	n/a
357.962890625	n/a	1.0	2	183277	n/a
357.98046875	n/a	0.0	1	183286	n/a
357.99609375	n/a	1.0	2	183294	n/a
358.013671875	n/a	0.0	1	183303	n/a
358.029296875	n/a	1.0	2	183311	n/a
358.046875	n/a	0.0	1	183320	n/a
358.064453125	n/a	1.0	2	183329	n/a
358.080078125	n/a	0.0	1	183337	n/a
358.09765625	n/a	1.0	2	183346	n/a
358.11328125	n/a	0.0	1	183354	n/a
358.130859375	n/a	1.0	2	183363	n/a
358.146484375	n/a	1.0	2	183371	n/a
358.1640625	n/a	0.0	1	183380	n/a
358.1796875	n/a	0.0	1	183388	n/a
358.197265625	n/a	1.0	2	183397	n/a
358.212890625	n/a	1.0	2	183405	n/a
358.23046875	n/a	0.0	1	183414	n/a
358.24609375	n/a	1.0	2	183422	n/a
358.263671875	n/a	0.0	1	183431	n/a
358.279296875	n/a	0.0	1	183439	n/a
358.296875	n/a	1.0	2	183448	n/a
358.314453125	n/a	1.0	2	183457	n/a
358.330078125	n/a	0.0	1	183465	n/a
358.34765625	n/a	0.0	1	183474	n/a
358.36328125	n/a	1.0	2	183482	n/a
358.380859375	n/a	1.0	2	183491	n/a
358.396484375	n/a	0.0	1	183499	n/a
358.4140625	n/a	0.0	1	183508	n/a
358.4296875	n/a	1.0	2	183516	n/a
358.447265625	n/a	1.0	2	183525	n/a
358.462890625	n/a	0.0	1	183533	n/a
358.48046875	n/a	1.0	2	183542	n/a
358.49609375	n/a	0.0	1	183550	n/a
358.513671875	n/a	1.0	2	183559	n/a
358.529296875	n/a	0.0	1	183567	n/a
358.546875	n/a	1.0	2	183576	n/a
358.564453125	n/a	0.0	1	183585	n/a
358.580078125	n/a	0.0	1	183593	n/a
358.59765625	n/a	1.0	2	183602	n/a
358.61328125	n/a	0.0	1	183610	n/a
358.630859375	n/a	1.0	2	183619	n/a
358.646484375	n/a	1.0	2	183627	n/a
358.6640625	n/a	0.0	1	183636	n/a
358.6796875	n/a	1.0	2	183644	n/a
358.697265625	n/a	0.0	1	183653	n/a
358.712890625	n/a	0.0	1	183661	n/a
358.73046875	n/a	1.0	2	183670	n/a
358.74609375	n/a	0.0	1	183678	n/a
358.763671875	n/a	1.0	2	183687	n/a
358.779296875	n/a	1.0	2	183695	n/a
358.796875	n/a	0.0	1	183704	n/a
358.814453125	n/a	1.0	2	183713	n/a
358.830078125	n/a	0.0	1	183721	n/a
358.84765625	n/a	0.0	1	183730	n/a
358.86328125	n/a	1.0	2	183738	n/a
358.880859375	n/a	0.0	1	183747	n/a
358.896484375	n/a	1.0	2	183755	n/a
358.9140625	n/a	0.0	1	183764	n/a
358.9296875	n/a	1.0	2	183772	n/a
358.947265625	n/a	1.0	2	183781	n/a
358.962890625	n/a	0.0	1	183789	n/a
358.98046875	n/a	0.0	1	183798	n/a
358.99609375	n/a	1.0	2	183806	n/a
359.013671875	n/a	0.0	1	183815	n/a
359.029296875	n/a	1.0	2	183823	n/a
359.046875	n/a	0.0	1	183832	n/a
359.064453125	n/a	1.0	2	183841	n/a
359.080078125	n/a	0.0	1	183849	n/a
359.09765625	n/a	1.0	2	183858	n/a
359.11328125	n/a	1.0	2	183866	n/a
359.130859375	n/a	0.0	1	183875	n/a
359.146484375	n/a	0.0	1	183883	n/a
359.1640625	n/a	1.0	2	183892	n/a
359.1796875	n/a	0.0	1	183900	n/a
359.197265625	n/a	1.0	2	183909	n/a
359.212890625	n/a	1.0	2	183917	n/a
359.23046875	n/a	0.0	1	183926	n/a
359.24609375	n/a	0.0	1	183934	n/a
359.263671875	n/a	1.0	2	183943	n/a
359.279296875	n/a	1.0	2	183951	n/a
359.296875	n/a	0.0	1	183960	n/a
359.314453125	n/a	1.0	2	183969	n/a
359.330078125	n/a	0.0	1	183977	n/a
359.34765625	n/a	1.0	2	183986	n/a
359.36328125	n/a	0.0	1	183994	n/a
359.380859375	n/a	1.0	2	184003	n/a
359.396484375	n/a	0.0	1	184011	n/a
359.4140625	n/a	0.0	1	184020	n/a
359.4296875	n/a	1.0	2	184028	n/a
359.447265625	n/a	0.0	1	184037	n/a
359.462890625	n/a	1.0	2	184045	n/a
359.48046875	n/a	1.0	2	184054	n/a
359.49609375	n/a	0.0	1	184062	n/a
359.513671875	n/a	1.0	2	184071	n/a
359.529296875	n/a	0.0	1	184079	n/a
359.546875	n/a	1.0	2	184088	n/a
359.564453125	n/a	0.0	1	184097	n/a
359.580078125	n/a	0.0	1	184105	n/a
359.59765625	n/a	1.0	2	184114	n/a
359.61328125	n/a	1.0	2	184122	n/a
359.630859375	n/a	0.0	1	184131	n/a
359.646484375	n/a	0.0	1	184139	n/a
359.6640625	n/a	1.0	2	184148	n/a
359.6796875	n/a	0.0	1	184156	n/a
359.697265625	n/a	1.0	2	184165	n/a
359.712890625	n/a	1.0	2	184173	n/a
359.73046875	n/a	0.0	1	184182	n/a
359.74609375	n/a	0.0	1	184190	n/a
359.763671875	n/a	1.0	2	184199	n/a
359.779296875	n/a	1.0	2	184207	n/a
359.796875	n/a	0.0	1	184216	n/a
359.814453125	n/a	1.0	2	184225	n/a
359.830078125	n/a	0.0	1	184233	n/a
359.84765625	n/a	1.0	2	184242	n/a
359.86328125	n/a	0.0	1	184250	n/a
359.880859375	n/a	1.0	2	184259	n/a
359.896484375	n/a	0.0	1	184267	n/a
359.9140625	n/a	0.0	1	184276	n/a
359.9296875	n/a	1.0	2	184284	n/a
359.947265625	n/a	1.0	2	184293	n/a
359.962890625	n/a	0.0	1	184301	n/a
359.98046875	n/a	1.0	2	184310	n/a
359.99609375	n/a	0.0	1	184318	n/a
360.013671875	n/a	1.0	2	184327	n/a
360.029296875	n/a	0.0	1	184335	n/a
360.046875	n/a	0.0	1	184344	n/a
360.064453125	n/a	1.0	2	184353	n/a
360.080078125	n/a	0.0	1	184361	n/a
360.09765625	n/a	1.0	2	184370	n/a
360.11328125	n/a	0.0	1	184378	n/a
360.130859375	n/a	1.0	2	184387	n/a
360.146484375	n/a	0.0	1	184395	n/a
360.1640625	n/a	1.0	2	184404	n/a
360.1796875	n/a	0.0	1	184412	n/a
360.197265625	n/a	1.0	2	184421	n/a
360.212890625	n/a	0.0	1	184429	n/a
360.23046875	n/a	1.0	2	184438	n/a
360.24609375	n/a	1.0	2	184446	n/a
360.263671875	n/a	0.0	1	184455	n/a
360.279296875	n/a	0.0	1	184463	n/a
360.296875	n/a	1.0	2	184472	n/a
360.314453125	n/a	1.0	2	184481	n/a
360.330078125	n/a	0.0	1	184489	n/a
360.34765625	n/a	1.0	2	184498	n/a
360.36328125	n/a	0.0	1	184506	n/a
360.380859375	n/a	0.0	1	184515	n/a
360.396484375	n/a	1.0	2	184523	n/a
360.4140625	n/a	1.0	2	184532	n/a
360.4296875	n/a	0.0	1	184540	n/a
360.447265625	n/a	0.0	1	184549	n/a
360.462890625	n/a	1.0	2	184557	n/a
360.48046875	n/a	1.0	2	184566	n/a
360.49609375	n/a	0.0	1	184574	n/a
360.513671875	n/a	0.0	1	184583	n/a
360.529296875	n/a	1.0	2	184591	n/a
360.546875	n/a	1.0	2	184600	n/a
360.564453125	n/a	0.0	1	184609	n/a
360.580078125	n/a	1.0	2	184617	n/a
360.59765625	n/a	0.0	1	184626	n/a
360.61328125	n/a	1.0	2	184634	n/a
360.630859375	n/a	0.0	1	184643	n/a
360.646484375	n/a	1.0	2	184651	n/a
360.6640625	n/a	0.0	1	184660	n/a
360.6796875	n/a	0.0	1	184668	n/a
360.697265625	n/a	1.0	2	184677	n/a
360.712890625	n/a	0.0	1	184685	n/a
360.73046875	n/a	1.0	2	184694	n/a
360.74609375	n/a	1.0	2	184702	n/a
360.763671875	n/a	0.0	1	184711	n/a
360.779296875	n/a	1.0	2	184719	n/a
360.796875	n/a	0.0	1	184728	n/a
360.814453125	n/a	0.0	1	184737	n/a
360.830078125	n/a	1.0	2	184745	n/a
360.84765625	n/a	0.0	1	184754	n/a
360.86328125	n/a	1.0	2	184762	n/a
360.880859375	n/a	1.0	2	184771	n/a
360.896484375	n/a	0.0	1	184779	n/a
360.9140625	n/a	1.0	2	184788	n/a
360.9296875	n/a	0.0	1	184796	n/a
360.947265625	n/a	0.0	1	184805	n/a
360.962890625	n/a	1.0	2	184813	n/a
360.98046875	n/a	0.0	1	184822	n/a
360.99609375	n/a	1.0	2	184830	n/a
361.013671875	n/a	0.0	1	184839	n/a
361.029296875	n/a	1.0	2	184847	n/a
361.046875	n/a	1.0	2	184856	n/a
361.064453125	n/a	0.0	1	184865	n/a
361.080078125	n/a	0.0	1	184873	n/a
361.09765625	n/a	1.0	2	184882	n/a
361.11328125	n/a	0.0	1	184890	n/a
361.130859375	n/a	1.0	2	184899	n/a
361.146484375	n/a	0.0	1	184907	n/a
361.1640625	n/a	1.0	2	184916	n/a
361.1796875	n/a	0.0	1	184924	n/a
361.197265625	n/a	1.0	2	184933	n/a
361.212890625	n/a	1.0	2	184941	n/a
361.23046875	n/a	0.0	1	184950	n/a
361.24609375	n/a	0.0	1	184958	n/a
361.263671875	n/a	1.0	2	184967	n/a
361.279296875	n/a	0.0	1	184975	n/a
361.296875	n/a	1.0	2	184984	n/a
361.314453125	n/a	1.0	2	184993	n/a
361.330078125	n/a	0.0	1	185001	n/a
361.34765625	n/a	0.0	1	185010	n/a
361.36328125	n/a	1.0	2	185018	n/a
361.380859375	n/a	1.0	2	185027	n/a
361.396484375	n/a	0.0	1	185035	n/a
361.4140625	n/a	1.0	2	185044	n/a
361.4296875	n/a	0.0	1	185052	n/a
361.447265625	n/a	1.0	2	185061	n/a
361.462890625	n/a	0.0	1	185069	n/a
361.48046875	n/a	1.0	2	185078	n/a
361.49609375	n/a	0.0	1	185086	n/a
361.513671875	n/a	0.0	1	185095	n/a
361.529296875	n/a	1.0	2	185103	n/a
361.546875	n/a	0.0	1	185112	n/a
361.564453125	n/a	1.0	2	185121	n/a
361.580078125	n/a	1.0	2	185129	n/a
361.59765625	n/a	0.0	1	185138	n/a
361.61328125	n/a	1.0	2	185146	n/a
361.630859375	n/a	0.0	1	185155	n/a
361.646484375	n/a	1.0	2	185163	n/a
361.6640625	n/a	0.0	1	185172	n/a
361.6796875	n/a	0.0	1	185180	n/a
361.697265625	n/a	1.0	2	185189	n/a
361.712890625	n/a	1.0	2	185197	n/a
361.73046875	n/a	0.0	1	185206	n/a
361.74609375	n/a	0.0	1	185214	n/a
361.763671875	n/a	1.0	2	185223	n/a
361.779296875	n/a	0.0	1	185231	n/a
361.796875	n/a	1.0	2	185240	n/a
361.814453125	n/a	1.0	2	185249	n/a
361.830078125	n/a	0.0	1	185257	n/a
361.84765625	n/a	0.0	1	185266	n/a
361.86328125	n/a	1.0	2	185274	n/a
361.880859375	n/a	1.0	2	185283	n/a
361.896484375	n/a	0.0	1	185291	n/a
361.9140625	n/a	1.0	2	185300	n/a
361.9296875	n/a	0.0	1	185308	n/a
361.947265625	n/a	1.0	2	185317	n/a
361.962890625	n/a	0.0	1	185325	n/a
361.98046875	n/a	1.0	2	185334	n/a
361.99609375	n/a	0.0	1	185342	n/a
362.013671875	n/a	0.0	1	185351	n/a
362.029296875	n/a	1.0	2	185359	n/a
362.046875	n/a	1.0	2	185368	n/a
362.064453125	n/a	0.0	1	185377	n/a
362.080078125	n/a	1.0	2	185385	n/a
362.09765625	n/a	0.0	1	185394	n/a
362.11328125	n/a	1.0	2	185402	n/a
362.130859375	n/a	0.0	1	185411	n/a
362.146484375	n/a	0.0	1	185419	n/a
362.1640625	n/a	1.0	2	185428	n/a
362.1796875	n/a	0.0	1	185436	n/a
362.197265625	n/a	1.0	2	185445	n/a
362.212890625	n/a	0.0	1	185453	n/a
362.23046875	n/a	1.0	2	185462	n/a
362.24609375	n/a	0.0	1	185470	n/a
362.263671875	n/a	1.0	2	185479	n/a
362.279296875	n/a	0.0	1	185487	n/a
362.296875	n/a	1.0	2	185496	n/a
362.314453125	n/a	0.0	1	185505	n/a
362.330078125	n/a	1.0	2	185513	n/a
362.34765625	n/a	1.0	2	185522	n/a
362.36328125	n/a	0.0	1	185530	n/a
362.380859375	n/a	0.0	1	185539	n/a
362.396484375	n/a	1.0	2	185547	n/a
362.4140625	n/a	1.0	2	185556	n/a
362.4296875	n/a	0.0	1	185564	n/a
362.447265625	n/a	1.0	2	185573	n/a
362.462890625	n/a	0.0	1	185581	n/a
362.48046875	n/a	0.0	1	185590	n/a
362.49609375	n/a	1.0	2	185598	n/a
362.513671875	n/a	1.0	2	185607	n/a
362.529296875	n/a	0.0	1	185615	n/a
362.546875	n/a	0.0	1	185624	n/a
362.564453125	n/a	1.0	2	185633	n/a
362.580078125	n/a	1.0	2	185641	n/a
362.59765625	n/a	0.0	1	185650	n/a
362.61328125	n/a	0.0	1	185658	n/a
362.630859375	n/a	1.0	2	185667	n/a
362.646484375	n/a	1.0	2	185675	n/a
362.6640625	n/a	0.0	1	185684	n/a
362.6796875	n/a	1.0	2	185692	n/a
362.697265625	n/a	0.0	1	185701	n/a
362.712890625	n/a	1.0	2	185709	n/a
362.73046875	n/a	0.0	1	185718	n/a
362.74609375	n/a	1.0	2	185726	n/a
362.763671875	n/a	0.0	1	185735	n/a
362.779296875	n/a	0.0	1	185743	n/a
362.796875	n/a	1.0	2	185752	n/a
362.814453125	n/a	0.0	1	185761	n/a
362.830078125	n/a	1.0	2	185769	n/a
362.84765625	n/a	1.0	2	185778	n/a
362.86328125	n/a	0.0	1	185786	n/a
362.880859375	n/a	1.0	2	185795	n/a
362.896484375	n/a	0.0	1	185803	n/a
362.9140625	n/a	0.0	1	185812	n/a
362.9296875	n/a	1.0	2	185820	n/a
362.947265625	n/a	0.0	1	185829	n/a
362.962890625	n/a	1.0	2	185837	n/a
362.98046875	n/a	1.0	2	185846	n/a
362.99609375	n/a	0.0	1	185854	n/a
363.013671875	n/a	1.0	2	185863	n/a
363.029296875	n/a	0.0	1	185871	n/a
363.046875	n/a	0.0	1	185880	n/a
363.064453125	n/a	1.0	2	185889	n/a
363.080078125	n/a	0.0	1	185897	n/a
363.09765625	n/a	1.0	2	185906	n/a
363.11328125	n/a	0.0	1	185914	n/a
363.130859375	n/a	1.0	2	185923	n/a
363.146484375	n/a	1.0	2	185931	n/a
363.1640625	n/a	0.0	1	185940	n/a
363.1796875	n/a	0.0	1	185948	n/a
363.197265625	n/a	1.0	2	185957	n/a
363.212890625	n/a	0.0	1	185965	n/a
363.23046875	n/a	1.0	2	185974	n/a
363.24609375	n/a	0.0	1	185982	n/a
363.263671875	n/a	1.0	2	185991	n/a
363.279296875	n/a	0.0	1	185999	n/a
363.296875	n/a	1.0	2	186008	n/a
363.314453125	n/a	1.0	2	186017	n/a
363.330078125	n/a	0.0	1	186025	n/a
363.34765625	n/a	0.0	1	186034	n/a
363.36328125	n/a	1.0	2	186042	n/a
363.380859375	n/a	0.0	1	186051	n/a
363.396484375	n/a	1.0	2	186059	n/a
363.4140625	n/a	1.0	2	186068	n/a
363.4296875	n/a	0.0	1	186076	n/a
363.447265625	n/a	0.0	1	186085	n/a
363.462890625	n/a	1.0	2	186093	n/a
363.48046875	n/a	1.0	2	186102	n/a
363.49609375	n/a	0.0	1	186110	n/a
363.513671875	n/a	1.0	2	186119	n/a
363.529296875	n/a	0.0	1	186127	n/a
363.546875	n/a	1.0	2	186136	n/a
363.564453125	n/a	0.0	1	186145	n/a
363.580078125	n/a	1.0	2	186153	n/a
363.59765625	n/a	0.0	1	186162	n/a
363.61328125	n/a	0.0	1	186170	n/a
363.630859375	n/a	1.0	2	186179	n/a
363.646484375	n/a	0.0	1	186187	n/a
363.6640625	n/a	1.0	2	186196	n/a
363.6796875	n/a	1.0	2	186204	n/a
363.697265625	n/a	0.0	1	186213	n/a
363.712890625	n/a	1.0	2	186221	n/a
363.73046875	n/a	0.0	1	186230	n/a
363.74609375	n/a	1.0	2	186238	n/a
363.763671875	n/a	0.0	1	186247	n/a
363.779296875	n/a	0.0	1	186255	n/a
363.796875	n/a	1.0	2	186264	n/a
363.814453125	n/a	1.0	2	186273	n/a
363.830078125	n/a	0.0	1	186281	n/a
363.84765625	n/a	0.0	1	186290	n/a
363.86328125	n/a	1.0	2	186298	n/a
363.880859375	n/a	0.0	1	186307	n/a
363.896484375	n/a	1.0	2	186315	n/a
363.9140625	n/a	1.0	2	186324	n/a
363.9296875	n/a	0.0	1	186332	n/a
363.947265625	n/a	0.0	1	186341	n/a
363.962890625	n/a	1.0	2	186349	n/a
363.98046875	n/a	1.0	2	186358	n/a
363.99609375	n/a	0.0	1	186366	n/a
364.013671875	n/a	1.0	2	186375	n/a
364.029296875	n/a	0.0	1	186383	n/a
364.046875	n/a	1.0	2	186392	n/a
364.064453125	n/a	0.0	1	186401	n/a
364.080078125	n/a	1.0	2	186409	n/a
364.09765625	n/a	0.0	1	186418	n/a
364.11328125	n/a	0.0	1	186426	n/a
364.130859375	n/a	1.0	2	186435	n/a
364.146484375	n/a	1.0	2	186443	n/a
364.1640625	n/a	0.0	1	186452	n/a
364.1796875	n/a	1.0	2	186460	n/a
364.197265625	n/a	0.0	1	186469	n/a
364.212890625	n/a	1.0	2	186477	n/a
364.23046875	n/a	0.0	1	186486	n/a
364.24609375	n/a	0.0	1	186494	n/a
364.263671875	n/a	1.0	2	186503	n/a
364.279296875	n/a	0.0	1	186511	n/a
364.296875	n/a	1.0	2	186520	n/a
364.314453125	n/a	0.0	1	186529	n/a
364.330078125	n/a	1.0	2	186537	n/a
364.34765625	n/a	0.0	1	186546	n/a
364.36328125	n/a	1.0	2	186554	n/a
364.380859375	n/a	0.0	1	186563	n/a
364.396484375	n/a	1.0	2	186571	n/a
364.4140625	n/a	0.0	1	186580	n/a
364.4296875	n/a	1.0	2	186588	n/a
364.447265625	n/a	1.0	2	186597	n/a
364.462890625	n/a	0.0	1	186605	n/a
364.48046875	n/a	0.0	1	186614	n/a
364.49609375	n/a	1.0	2	186622	n/a
364.513671875	n/a	1.0	2	186631	n/a
364.529296875	n/a	0.0	1	186639	n/a
364.546875	n/a	1.0	2	186648	n/a
364.564453125	n/a	0.0	1	186657	n/a
364.580078125	n/a	0.0	1	186665	n/a
364.59765625	n/a	1.0	2	186674	n/a
364.61328125	n/a	1.0	2	186682	n/a
364.630859375	n/a	0.0	1	186691	n/a
364.646484375	n/a	0.0	1	186699	n/a
364.6640625	n/a	1.0	2	186708	n/a
364.6796875	n/a	1.0	2	186716	n/a
364.697265625	n/a	0.0	1	186725	n/a
364.712890625	n/a	0.0	1	186733	n/a
364.73046875	n/a	1.0	2	186742	n/a
364.74609375	n/a	1.0	2	186750	n/a
364.763671875	n/a	0.0	1	186759	n/a
364.779296875	n/a	1.0	2	186767	n/a
364.796875	n/a	0.0	1	186776	n/a
364.814453125	n/a	1.0	2	186785	n/a
364.830078125	n/a	0.0	1	186793	n/a
364.84765625	n/a	1.0	2	186802	n/a
364.86328125	n/a	0.0	1	186810	n/a
364.880859375	n/a	0.0	1	186819	n/a
364.896484375	n/a	1.0	2	186827	n/a
364.9140625	n/a	0.0	1	186836	n/a
364.9296875	n/a	1.0	2	186844	n/a
364.947265625	n/a	1.0	2	186853	n/a
364.962890625	n/a	0.0	1	186861	n/a
364.98046875	n/a	1.0	2	186870	n/a
364.99609375	n/a	0.0	1	186878	n/a
365.013671875	n/a	0.0	1	186887	n/a
365.029296875	n/a	1.0	2	186895	n/a
365.046875	n/a	0.0	1	186904	n/a
365.064453125	n/a	1.0	2	186913	n/a
365.080078125	n/a	1.0	2	186921	n/a
365.09765625	n/a	0.0	1	186930	n/a
365.11328125	n/a	1.0	2	186938	n/a
365.130859375	n/a	0.0	1	186947	n/a
365.146484375	n/a	0.0	1	186955	n/a
365.1640625	n/a	1.0	2	186964	n/a
365.1796875	n/a	0.0	1	186972	n/a
365.197265625	n/a	1.0	2	186981	n/a
365.212890625	n/a	0.0	1	186989	n/a
365.23046875	n/a	1.0	2	186998	n/a
365.24609375	n/a	1.0	2	187006	n/a
365.263671875	n/a	0.0	1	187015	n/a
365.279296875	n/a	0.0	1	187023	n/a
365.296875	n/a	1.0	2	187032	n/a
365.314453125	n/a	0.0	1	187041	n/a
365.330078125	n/a	1.0	2	187049	n/a
365.34765625	n/a	0.0	1	187058	n/a
365.36328125	n/a	1.0	2	187066	n/a
365.380859375	n/a	0.0	1	187075	n/a
365.396484375	n/a	1.0	2	187083	n/a
365.4140625	n/a	1.0	2	187092	n/a
365.4296875	n/a	0.0	1	187100	n/a
365.447265625	n/a	0.0	1	187109	n/a
365.462890625	n/a	1.0	2	187117	n/a
365.48046875	n/a	0.0	1	187126	n/a
365.49609375	n/a	1.0	2	187134	n/a
365.513671875	n/a	1.0	2	187143	n/a
365.529296875	n/a	0.0	1	187151	n/a
365.546875	n/a	0.0	1	187160	n/a
365.564453125	n/a	1.0	2	187169	n/a
365.580078125	n/a	1.0	2	187177	n/a
365.59765625	n/a	0.0	1	187186	n/a
365.61328125	n/a	1.0	2	187194	n/a
365.630859375	n/a	0.0	1	187203	n/a
365.646484375	n/a	1.0	2	187211	n/a
365.6640625	n/a	0.0	1	187220	n/a
365.6796875	n/a	1.0	2	187228	n/a
365.697265625	n/a	0.0	1	187237	n/a
365.712890625	n/a	0.0	1	187245	n/a
365.73046875	n/a	1.0	2	187254	n/a
365.74609375	n/a	0.0	1	187262	n/a
365.763671875	n/a	1.0	2	187271	n/a
365.779296875	n/a	1.0	2	187279	n/a
365.796875	n/a	0.0	1	187288	n/a
365.814453125	n/a	1.0	2	187297	n/a
365.830078125	n/a	0.0	1	187305	n/a
365.84765625	n/a	1.0	2	187314	n/a
365.86328125	n/a	0.0	1	187322	n/a
365.880859375	n/a	0.0	1	187331	n/a
365.896484375	n/a	1.0	2	187339	n/a
365.9140625	n/a	1.0	2	187348	n/a
365.9296875	n/a	0.0	1	187356	n/a
365.947265625	n/a	0.0	1	187365	n/a
365.962890625	n/a	1.0	2	187373	n/a
365.98046875	n/a	0.0	1	187382	n/a
365.99609375	n/a	1.0	2	187390	n/a
366.013671875	n/a	1.0	2	187399	n/a
366.029296875	n/a	0.0	1	187407	n/a
366.046875	n/a	0.0	1	187416	n/a
366.064453125	n/a	1.0	2	187425	n/a
366.080078125	n/a	1.0	2	187433	n/a
366.09765625	n/a	0.0	1	187442	n/a
366.11328125	n/a	1.0	2	187450	n/a
366.130859375	n/a	0.0	1	187459	n/a
366.146484375	n/a	1.0	2	187467	n/a
366.1640625	n/a	0.0	1	187476	n/a
366.1796875	n/a	1.0	2	187484	n/a
366.197265625	n/a	0.0	1	187493	n/a
366.212890625	n/a	0.0	1	187501	n/a
366.23046875	n/a	1.0	2	187510	n/a
366.24609375	n/a	1.0	2	187518	n/a
366.263671875	n/a	0.0	1	187527	n/a
366.279296875	n/a	1.0	2	187535	n/a
366.296875	n/a	0.0	1	187544	n/a
366.314453125	n/a	1.0	2	187553	n/a
366.330078125	n/a	0.0	1	187561	n/a
366.34765625	n/a	0.0	1	187570	n/a
366.36328125	n/a	1.0	2	187578	n/a
366.380859375	n/a	0.0	1	187587	n/a
366.396484375	n/a	1.0	2	187595	n/a
366.4140625	n/a	0.0	1	187604	n/a
366.4296875	n/a	1.0	2	187612	n/a
366.447265625	n/a	0.0	1	187621	n/a
366.462890625	n/a	1.0	2	187629	n/a
366.48046875	n/a	0.0	1	187638	n/a
366.49609375	n/a	1.0	2	187646	n/a
366.513671875	n/a	0.0	1	187655	n/a
366.529296875	n/a	1.0	2	187663	n/a
366.546875	n/a	1.0	2	187672	n/a
366.564453125	n/a	0.0	1	187681	n/a
366.580078125	n/a	0.0	1	187689	n/a
366.59765625	n/a	1.0	2	187698	n/a
366.61328125	n/a	1.0	2	187706	n/a
366.630859375	n/a	0.0	1	187715	n/a
366.646484375	n/a	1.0	2	187723	n/a
366.6640625	n/a	0.0	1	187732	n/a
366.6796875	n/a	0.0	1	187740	n/a
366.697265625	n/a	1.0	2	187749	n/a
366.712890625	n/a	1.0	2	187757	n/a
366.73046875	n/a	0.0	1	187766	n/a
366.74609375	n/a	0.0	1	187774	n/a
366.763671875	n/a	1.0	2	187783	n/a
366.779296875	n/a	1.0	2	187791	n/a
366.796875	n/a	0.0	1	187800	n/a
366.814453125	n/a	0.0	1	187809	n/a
366.830078125	n/a	1.0	2	187817	n/a
366.84765625	n/a	1.0	2	187826	n/a
366.86328125	n/a	0.0	1	187834	n/a
366.880859375	n/a	1.0	2	187843	n/a
366.896484375	n/a	0.0	1	187851	n/a
366.9140625	n/a	1.0	2	187860	n/a
366.9296875	n/a	0.0	1	187868	n/a
366.947265625	n/a	1.0	2	187877	n/a
366.962890625	n/a	0.0	1	187885	n/a
366.98046875	n/a	0.0	1	187894	n/a
366.99609375	n/a	1.0	2	187902	n/a
367.013671875	n/a	0.0	1	187911	n/a
367.029296875	n/a	1.0	2	187919	n/a
367.046875	n/a	1.0	2	187928	n/a
367.064453125	n/a	0.0	1	187937	n/a
367.080078125	n/a	1.0	2	187945	n/a
367.09765625	n/a	0.0	1	187954	n/a
367.11328125	n/a	0.0	1	187962	n/a
367.130859375	n/a	1.0	2	187971	n/a
367.146484375	n/a	0.0	1	187979	n/a
367.1640625	n/a	1.0	2	187988	n/a
367.1796875	n/a	1.0	2	187996	n/a
367.197265625	n/a	0.0	1	188005	n/a
367.212890625	n/a	1.0	2	188013	n/a
367.23046875	n/a	0.0	1	188022	n/a
367.24609375	n/a	0.0	1	188030	n/a
367.263671875	n/a	1.0	2	188039	n/a
367.279296875	n/a	0.0	1	188047	n/a
367.296875	n/a	1.0	2	188056	n/a
367.314453125	n/a	0.0	1	188065	n/a
367.330078125	n/a	1.0	2	188073	n/a
367.34765625	n/a	1.0	2	188082	n/a
367.36328125	n/a	0.0	1	188090	n/a
367.380859375	n/a	0.0	1	188099	n/a
367.396484375	n/a	1.0	2	188107	n/a
367.4140625	n/a	0.0	1	188116	n/a
367.4296875	n/a	1.0	2	188124	n/a
367.447265625	n/a	0.0	1	188133	n/a
367.462890625	n/a	1.0	2	188141	n/a
367.48046875	n/a	0.0	1	188150	n/a
367.49609375	n/a	1.0	2	188158	n/a
367.513671875	n/a	1.0	2	188167	n/a
367.529296875	n/a	0.0	1	188175	n/a
367.546875	n/a	0.0	1	188184	n/a
367.564453125	n/a	1.0	2	188193	n/a
367.580078125	n/a	0.0	1	188201	n/a
367.59765625	n/a	1.0	2	188210	n/a
367.61328125	n/a	1.0	2	188218	n/a
367.630859375	n/a	0.0	1	188227	n/a
367.646484375	n/a	0.0	1	188235	n/a
367.6640625	n/a	1.0	2	188244	n/a
367.6796875	n/a	1.0	2	188252	n/a
367.697265625	n/a	0.0	1	188261	n/a
367.712890625	n/a	1.0	2	188269	n/a
367.73046875	n/a	0.0	1	188278	n/a
367.74609375	n/a	1.0	2	188286	n/a
367.763671875	n/a	0.0	1	188295	n/a
367.779296875	n/a	1.0	2	188303	n/a
367.796875	n/a	0.0	1	188312	n/a
367.814453125	n/a	0.0	1	188321	n/a
367.830078125	n/a	1.0	2	188329	n/a
367.84765625	n/a	0.0	1	188338	n/a
367.86328125	n/a	1.0	2	188346	n/a
367.880859375	n/a	1.0	2	188355	n/a
367.896484375	n/a	0.0	1	188363	n/a
367.9140625	n/a	1.0	2	188372	n/a
367.9296875	n/a	0.0	1	188380	n/a
367.947265625	n/a	1.0	2	188389	n/a
367.962890625	n/a	0.0	1	188397	n/a
367.98046875	n/a	0.0	1	188406	n/a
367.99609375	n/a	1.0	2	188414	n/a
368.013671875	n/a	1.0	2	188423	n/a
368.029296875	n/a	0.0	1	188431	n/a
368.046875	n/a	0.0	1	188440	n/a
368.064453125	n/a	1.0	2	188449	n/a
368.080078125	n/a	0.0	1	188457	n/a
368.09765625	n/a	1.0	2	188466	n/a
368.11328125	n/a	1.0	2	188474	n/a
368.130859375	n/a	0.0	1	188483	n/a
368.146484375	n/a	0.0	1	188491	n/a
368.1640625	n/a	1.0	2	188500	n/a
368.1796875	n/a	1.0	2	188508	n/a
368.197265625	n/a	0.0	1	188517	n/a
368.212890625	n/a	1.0	2	188525	n/a
368.23046875	n/a	0.0	1	188534	n/a
368.24609375	n/a	1.0	2	188542	n/a
368.263671875	n/a	0.0	1	188551	n/a
368.279296875	n/a	1.0	2	188559	n/a
368.296875	n/a	0.0	1	188568	n/a
368.314453125	n/a	0.0	1	188577	n/a
368.330078125	n/a	1.0	2	188585	n/a
368.34765625	n/a	1.0	2	188594	n/a
368.36328125	n/a	0.0	1	188602	n/a
368.380859375	n/a	1.0	2	188611	n/a
368.396484375	n/a	0.0	1	188619	n/a
368.4140625	n/a	1.0	2	188628	n/a
368.4296875	n/a	0.0	1	188636	n/a
368.447265625	n/a	0.0	1	188645	n/a
368.462890625	n/a	1.0	2	188653	n/a
368.48046875	n/a	0.0	1	188662	n/a
368.49609375	n/a	1.0	2	188670	n/a
368.513671875	n/a	0.0	1	188679	n/a
368.529296875	n/a	1.0	2	188687	n/a
368.546875	n/a	0.0	1	188696	n/a
368.564453125	n/a	1.0	2	188705	n/a
368.580078125	n/a	0.0	1	188713	n/a
368.59765625	n/a	1.0	2	188722	n/a
368.61328125	n/a	0.0	1	188730	n/a
368.630859375	n/a	1.0	2	188739	n/a
368.646484375	n/a	1.0	2	188747	n/a
368.6640625	n/a	0.0	1	188756	n/a
368.6796875	n/a	0.0	1	188764	n/a
368.697265625	n/a	1.0	2	188773	n/a
368.712890625	n/a	1.0	2	188781	n/a
368.73046875	n/a	0.0	1	188790	n/a
368.74609375	n/a	1.0	2	188798	n/a
368.763671875	n/a	0.0	1	188807	n/a
368.779296875	n/a	0.0	1	188815	n/a
368.796875	n/a	1.0	2	188824	n/a
368.814453125	n/a	1.0	2	188833	n/a
368.830078125	n/a	0.0	1	188841	n/a
368.84765625	n/a	0.0	1	188850	n/a
368.86328125	n/a	1.0	2	188858	n/a
368.880859375	n/a	1.0	2	188867	n/a
368.896484375	n/a	0.0	1	188875	n/a
368.9140625	n/a	0.0	1	188884	n/a
368.9296875	n/a	1.0	2	188892	n/a
368.947265625	n/a	1.0	2	188901	n/a
368.962890625	n/a	0.0	1	188909	n/a
368.98046875	n/a	1.0	2	188918	n/a
368.99609375	n/a	0.0	1	188926	n/a
369.013671875	n/a	1.0	2	188935	n/a
369.029296875	n/a	0.0	1	188943	n/a
369.046875	n/a	1.0	2	188952	n/a
369.064453125	n/a	0.0	1	188961	n/a
369.080078125	n/a	0.0	1	188969	n/a
369.09765625	n/a	1.0	2	188978	n/a
369.11328125	n/a	0.0	1	188986	n/a
369.130859375	n/a	1.0	2	188995	n/a
369.146484375	n/a	1.0	2	189003	n/a
369.1640625	n/a	0.0	1	189012	n/a
369.1796875	n/a	1.0	2	189020	n/a
369.197265625	n/a	0.0	1	189029	n/a
369.212890625	n/a	0.0	1	189037	n/a
369.23046875	n/a	1.0	2	189046	n/a
369.24609375	n/a	0.0	1	189054	n/a
369.263671875	n/a	1.0	2	189063	n/a
369.279296875	n/a	1.0	2	189071	n/a
369.296875	n/a	0.0	1	189080	n/a
369.314453125	n/a	1.0	2	189089	n/a
369.330078125	n/a	0.0	1	189097	n/a
369.34765625	n/a	0.0	1	189106	n/a
369.36328125	n/a	1.0	2	189114	n/a
369.380859375	n/a	0.0	1	189123	n/a
369.396484375	n/a	1.0	2	189131	n/a
369.4140625	n/a	0.0	1	189140	n/a
369.4296875	n/a	1.0	2	189148	n/a
369.447265625	n/a	1.0	2	189157	n/a
369.462890625	n/a	0.0	1	189165	n/a
369.48046875	n/a	0.0	1	189174	n/a
369.49609375	n/a	1.0	2	189182	n/a
369.513671875	n/a	0.0	1	189191	n/a
369.529296875	n/a	1.0	2	189199	n/a
369.546875	n/a	0.0	1	189208	n/a
369.564453125	n/a	1.0	2	189217	n/a
369.580078125	n/a	0.0	1	189225	n/a
369.59765625	n/a	1.0	2	189234	n/a
369.61328125	n/a	1.0	2	189242	n/a
369.630859375	n/a	0.0	1	189251	n/a
369.646484375	n/a	0.0	1	189259	n/a
369.6640625	n/a	1.0	2	189268	n/a
369.6796875	n/a	0.0	1	189276	n/a
369.697265625	n/a	1.0	2	189285	n/a
369.712890625	n/a	1.0	2	189293	n/a
369.73046875	n/a	0.0	1	189302	n/a
369.74609375	n/a	0.0	1	189310	n/a
369.763671875	n/a	1.0	2	189319	n/a
369.779296875	n/a	1.0	2	189327	n/a
369.796875	n/a	0.0	1	189336	n/a
369.814453125	n/a	1.0	2	189345	n/a
369.830078125	n/a	0.0	1	189353	n/a
369.84765625	n/a	1.0	2	189362	n/a
369.86328125	n/a	0.0	1	189370	n/a
369.880859375	n/a	1.0	2	189379	n/a
369.896484375	n/a	0.0	1	189387	n/a
369.9140625	n/a	0.0	1	189396	n/a
369.9296875	n/a	1.0	2	189404	n/a
369.947265625	n/a	0.0	1	189413	n/a
369.962890625	n/a	1.0	2	189421	n/a
369.98046875	n/a	1.0	2	189430	n/a
369.99609375	n/a	0.0	1	189438	n/a
370.013671875	n/a	1.0	2	189447	n/a
370.029296875	n/a	0.0	1	189455	n/a
370.046875	n/a	1.0	2	189464	n/a
370.064453125	n/a	0.0	1	189473	n/a
370.080078125	n/a	0.0	1	189481	n/a
370.09765625	n/a	1.0	2	189490	n/a
370.11328125	n/a	1.0	2	189498	n/a
370.130859375	n/a	0.0	1	189507	n/a
370.146484375	n/a	0.0	1	189515	n/a
370.1640625	n/a	1.0	2	189524	n/a
370.1796875	n/a	0.0	1	189532	n/a
370.197265625	n/a	1.0	2	189541	n/a
370.212890625	n/a	1.0	2	189549	n/a
370.23046875	n/a	0.0	1	189558	n/a
370.24609375	n/a	0.0	1	189566	n/a
370.263671875	n/a	1.0	2	189575	n/a
370.279296875	n/a	1.0	2	189583	n/a
370.296875	n/a	0.0	1	189592	n/a
370.314453125	n/a	1.0	2	189601	n/a
370.330078125	n/a	0.0	1	189609	n/a
370.34765625	n/a	1.0	2	189618	n/a
370.36328125	n/a	0.0	1	189626	n/a
370.380859375	n/a	1.0	2	189635	n/a
370.396484375	n/a	0.0	1	189643	n/a
370.4140625	n/a	0.0	1	189652	n/a
370.4296875	n/a	1.0	2	189660	n/a
370.447265625	n/a	1.0	2	189669	n/a
370.462890625	n/a	0.0	1	189677	n/a
370.48046875	n/a	1.0	2	189686	n/a
370.49609375	n/a	0.0	1	189694	n/a
370.513671875	n/a	1.0	2	189703	n/a
370.529296875	n/a	0.0	1	189711	n/a
370.546875	n/a	0.0	1	189720	n/a
370.564453125	n/a	1.0	2	189729	n/a
370.580078125	n/a	0.0	1	189737	n/a
370.59765625	n/a	1.0	2	189746	n/a
370.61328125	n/a	0.0	1	189754	n/a
370.630859375	n/a	1.0	2	189763	n/a
370.646484375	n/a	0.0	1	189771	n/a
370.6640625	n/a	1.0	2	189780	n/a
370.6796875	n/a	0.0	1	189788	n/a
370.697265625	n/a	1.0	2	189797	n/a
370.712890625	n/a	0.0	1	189805	n/a
370.73046875	n/a	1.0	2	189814	n/a
370.74609375	n/a	1.0	2	189822	n/a
370.763671875	n/a	0.0	1	189831	n/a
370.779296875	n/a	0.0	1	189839	n/a
370.796875	n/a	1.0	2	189848	n/a
370.814453125	n/a	1.0	2	189857	n/a
370.830078125	n/a	0.0	1	189865	n/a
370.84765625	n/a	1.0	2	189874	n/a
370.86328125	n/a	0.0	1	189882	n/a
370.880859375	n/a	0.0	1	189891	n/a
370.896484375	n/a	1.0	2	189899	n/a
370.9140625	n/a	1.0	2	189908	n/a
370.9296875	n/a	0.0	1	189916	n/a
370.947265625	n/a	0.0	1	189925	n/a
370.962890625	n/a	1.0	2	189933	n/a
370.98046875	n/a	1.0	2	189942	n/a
370.99609375	n/a	0.0	1	189950	n/a
371.013671875	n/a	0.0	1	189959	n/a
371.029296875	n/a	1.0	2	189967	n/a
372.31640625	n/a	1.0	2	190626	1.0
372.333984375	n/a	0.0	1	190635	n/a
372.349609375	n/a	0.0	1	190643	n/a
372.3671875	n/a	1.0	2	190652	n/a
372.3828125	n/a	0.0	1	190660	n/a
372.400390625	n/a	1.0	2	190669	n/a
372.416015625	n/a	1.0	2	190677	n/a
372.43359375	n/a	0.0	1	190686	n/a
372.44921875	n/a	1.0	2	190694	n/a
372.466796875	n/a	0.0	1	190703	n/a
372.482421875	n/a	1.0	2	190711	n/a
372.5	n/a	0.0	1	190720	n/a
372.515625	n/a	0.0	1	190728	n/a
372.533203125	n/a	1.0	2	190737	n/a
372.548828125	n/a	1.0	2	190745	n/a
372.56640625	n/a	0.0	1	190754	n/a
372.583984375	n/a	1.0	2	190763	n/a
372.599609375	n/a	0.0	1	190771	n/a
372.6171875	n/a	1.0	2	190780	n/a
372.6328125	n/a	0.0	1	190788	n/a
372.650390625	n/a	1.0	2	190797	n/a
372.666015625	n/a	0.0	1	190805	n/a
372.68359375	n/a	0.0	1	190814	n/a
372.69921875	n/a	1.0	2	190822	n/a
372.716796875	n/a	0.0	1	190831	n/a
372.732421875	n/a	1.0	2	190839	n/a
372.75	n/a	0.0	1	190848	n/a
372.765625	n/a	1.0	2	190856	n/a
372.783203125	n/a	1.0	2	190865	n/a
372.798828125	n/a	0.0	1	190873	n/a
372.81640625	n/a	1.0	2	190882	n/a
372.833984375	n/a	0.0	1	190891	n/a
372.849609375	n/a	0.0	1	190899	n/a
372.8671875	n/a	1.0	2	190908	n/a
372.8828125	n/a	1.0	2	190916	n/a
372.900390625	n/a	0.0	1	190925	n/a
372.916015625	n/a	1.0	2	190933	n/a
372.93359375	n/a	0.0	1	190942	n/a
372.94921875	n/a	1.0	2	190950	n/a
372.966796875	n/a	0.0	1	190959	n/a
372.982421875	n/a	1.0	2	190967	n/a
373.0	n/a	0.0	1	190976	n/a
373.015625	n/a	0.0	1	190984	n/a
373.033203125	n/a	1.0	2	190993	n/a
373.048828125	n/a	0.0	1	191001	n/a
373.06640625	n/a	1.0	2	191010	n/a
373.083984375	n/a	0.0	1	191019	n/a
373.099609375	n/a	1.0	2	191027	n/a
373.1171875	n/a	0.0	1	191036	n/a
373.1328125	n/a	1.0	2	191044	n/a
373.150390625	n/a	0.0	1	191053	n/a
373.166015625	n/a	1.0	2	191061	n/a
373.18359375	n/a	0.0	1	191070	n/a
373.19921875	n/a	1.0	2	191078	n/a
373.216796875	n/a	0.0	1	191087	n/a
373.232421875	n/a	1.0	2	191095	n/a
373.25	n/a	0.0	1	191104	n/a
373.265625	n/a	1.0	2	191112	n/a
373.283203125	n/a	0.0	1	191121	n/a
373.298828125	n/a	1.0	2	191129	n/a
373.31640625	n/a	0.0	1	191138	n/a
373.333984375	n/a	1.0	2	191147	n/a
373.349609375	n/a	0.0	1	191155	n/a
373.3671875	n/a	1.0	2	191164	n/a
373.3828125	n/a	1.0	2	191172	n/a
373.400390625	n/a	0.0	1	191181	n/a
373.416015625	n/a	0.0	1	191189	n/a
373.43359375	n/a	1.0	2	191198	n/a
373.44921875	n/a	0.0	1	191206	n/a
373.466796875	n/a	1.0	2	191215	n/a
373.482421875	n/a	1.0	2	191223	n/a
373.5	n/a	0.0	1	191232	n/a
373.515625	n/a	0.0	1	191240	n/a
373.533203125	n/a	1.0	2	191249	n/a
373.548828125	n/a	1.0	2	191257	n/a
373.56640625	n/a	0.0	1	191266	n/a
373.583984375	n/a	0.0	1	191275	n/a
373.599609375	n/a	1.0	2	191283	n/a
373.6171875	n/a	0.0	1	191292	n/a
373.6328125	n/a	1.0	2	191300	n/a
373.650390625	n/a	1.0	2	191309	n/a
373.666015625	n/a	0.0	1	191317	n/a
373.68359375	n/a	1.0	2	191326	n/a
373.69921875	n/a	0.0	1	191334	n/a
373.716796875	n/a	1.0	2	191343	n/a
373.732421875	n/a	0.0	1	191351	n/a
373.75	n/a	0.0	1	191360	n/a
373.765625	n/a	1.0	2	191368	n/a
373.783203125	n/a	0.0	1	191377	n/a
373.798828125	n/a	1.0	2	191385	n/a
373.81640625	n/a	1.0	2	191394	n/a
373.833984375	n/a	0.0	1	191403	n/a
373.849609375	n/a	1.0	2	191411	n/a
373.8671875	n/a	0.0	1	191420	n/a
373.8828125	n/a	1.0	2	191428	n/a
373.900390625	n/a	0.0	1	191437	n/a
373.916015625	n/a	0.0	1	191445	n/a
373.93359375	n/a	1.0	2	191454	n/a
373.94921875	n/a	1.0	2	191462	n/a
373.966796875	n/a	0.0	1	191471	n/a
373.982421875	n/a	1.0	2	191479	n/a
374.0	n/a	0.0	1	191488	n/a
374.015625	n/a	1.0	2	191496	n/a
374.033203125	n/a	0.0	1	191505	n/a
374.048828125	n/a	1.0	2	191513	n/a
374.06640625	n/a	0.0	1	191522	n/a
374.083984375	n/a	1.0	2	191531	n/a
374.099609375	n/a	0.0	1	191539	n/a
374.1171875	n/a	0.0	1	191548	n/a
374.1328125	n/a	1.0	2	191556	n/a
374.150390625	n/a	0.0	1	191565	n/a
374.166015625	n/a	1.0	2	191573	n/a
374.18359375	n/a	0.0	1	191582	n/a
374.19921875	n/a	1.0	2	191590	n/a
374.216796875	n/a	1.0	2	191599	n/a
374.232421875	n/a	0.0	1	191607	n/a
374.25	n/a	1.0	2	191616	n/a
374.265625	n/a	0.0	1	191624	n/a
374.283203125	n/a	1.0	2	191633	n/a
374.298828125	n/a	0.0	1	191641	n/a
374.31640625	n/a	1.0	2	191650	n/a
374.333984375	n/a	0.0	1	191659	n/a
374.349609375	n/a	0.0	1	191667	n/a
374.3671875	n/a	1.0	2	191676	n/a
374.3828125	n/a	0.0	1	191684	n/a
374.400390625	n/a	1.0	2	191693	n/a
374.416015625	n/a	1.0	2	191701	n/a
374.43359375	n/a	0.0	1	191710	n/a
374.44921875	n/a	0.0	1	191718	n/a
374.466796875	n/a	1.0	2	191727	n/a
374.482421875	n/a	0.0	1	191735	n/a
374.5	n/a	1.0	2	191744	n/a
374.515625	n/a	1.0	2	191752	n/a
374.533203125	n/a	0.0	1	191761	n/a
374.548828125	n/a	1.0	2	191769	n/a
374.56640625	n/a	0.0	1	191778	n/a
374.583984375	n/a	1.0	2	191787	n/a
374.599609375	n/a	0.0	1	191795	n/a
374.6171875	n/a	0.0	1	191804	n/a
374.6328125	n/a	1.0	2	191812	n/a
374.650390625	n/a	1.0	2	191821	n/a
374.666015625	n/a	0.0	1	191829	n/a
374.68359375	n/a	1.0	2	191838	n/a
374.69921875	n/a	0.0	1	191846	n/a
374.716796875	n/a	1.0	2	191855	n/a
374.732421875	n/a	0.0	1	191863	n/a
374.75	n/a	1.0	2	191872	n/a
374.765625	n/a	0.0	1	191880	n/a
374.783203125	n/a	0.0	1	191889	n/a
374.798828125	n/a	1.0	2	191897	n/a
374.81640625	n/a	0.0	1	191906	n/a
374.833984375	n/a	1.0	2	191915	n/a
374.849609375	n/a	0.0	1	191923	n/a
374.8671875	n/a	1.0	2	191932	n/a
374.8828125	n/a	1.0	2	191940	n/a
374.900390625	n/a	0.0	1	191949	n/a
374.916015625	n/a	1.0	2	191957	n/a
374.93359375	n/a	0.0	1	191966	n/a
374.94921875	n/a	0.0	1	191974	n/a
374.966796875	n/a	1.0	2	191983	n/a
374.982421875	n/a	1.0	2	191991	n/a
375.0	n/a	0.0	1	192000	n/a
375.015625	n/a	1.0	2	192008	n/a
375.033203125	n/a	0.0	1	192017	n/a
375.048828125	n/a	1.0	2	192025	n/a
375.06640625	n/a	0.0	1	192034	n/a
375.083984375	n/a	1.0	2	192043	n/a
375.099609375	n/a	0.0	1	192051	n/a
375.1171875	n/a	0.0	1	192060	n/a
375.1328125	n/a	1.0	2	192068	n/a
375.150390625	n/a	0.0	1	192077	n/a
375.166015625	n/a	1.0	2	192085	n/a
375.18359375	n/a	0.0	1	192094	n/a
375.19921875	n/a	1.0	2	192102	n/a
375.216796875	n/a	0.0	1	192111	n/a
375.232421875	n/a	1.0	2	192119	n/a
375.25	n/a	0.0	1	192128	n/a
375.265625	n/a	1.0	2	192136	n/a
375.283203125	n/a	0.0	1	192145	n/a
375.298828125	n/a	1.0	2	192153	n/a
375.31640625	n/a	0.0	1	192162	n/a
375.333984375	n/a	1.0	2	192171	n/a
375.349609375	n/a	0.0	1	192179	n/a
375.3671875	n/a	1.0	2	192188	n/a
375.3828125	n/a	0.0	1	192196	n/a
375.400390625	n/a	1.0	2	192205	n/a
375.416015625	n/a	0.0	1	192213	n/a
375.43359375	n/a	1.0	2	192222	n/a
375.44921875	n/a	0.0	1	192230	n/a
375.466796875	n/a	1.0	2	192239	n/a
375.482421875	n/a	1.0	2	192247	n/a
375.5	n/a	0.0	1	192256	n/a
375.515625	n/a	0.0	1	192264	n/a
375.533203125	n/a	1.0	2	192273	n/a
375.548828125	n/a	0.0	1	192281	n/a
375.56640625	n/a	1.0	2	192290	n/a
375.583984375	n/a	1.0	2	192299	n/a
375.599609375	n/a	0.0	1	192307	n/a
375.6171875	n/a	0.0	1	192316	n/a
375.6328125	n/a	1.0	2	192324	n/a
375.650390625	n/a	1.0	2	192333	n/a
375.666015625	n/a	0.0	1	192341	n/a
375.68359375	n/a	0.0	1	192350	n/a
375.69921875	n/a	1.0	2	192358	n/a
375.716796875	n/a	0.0	1	192367	n/a
375.732421875	n/a	1.0	2	192375	n/a
375.75	n/a	1.0	2	192384	n/a
375.765625	n/a	0.0	1	192392	n/a
375.783203125	n/a	1.0	2	192401	n/a
375.798828125	n/a	0.0	1	192409	n/a
375.81640625	n/a	1.0	2	192418	n/a
375.833984375	n/a	0.0	1	192427	n/a
375.849609375	n/a	0.0	1	192435	n/a
375.8671875	n/a	1.0	2	192444	n/a
375.8828125	n/a	0.0	1	192452	n/a
375.900390625	n/a	1.0	2	192461	n/a
375.916015625	n/a	1.0	2	192469	n/a
375.93359375	n/a	0.0	1	192478	n/a
375.94921875	n/a	1.0	2	192486	n/a
375.966796875	n/a	0.0	1	192495	n/a
375.982421875	n/a	1.0	2	192503	n/a
376.0	n/a	0.0	1	192512	n/a
376.015625	n/a	0.0	1	192520	n/a
376.033203125	n/a	1.0	2	192529	n/a
376.048828125	n/a	1.0	2	192537	n/a
376.06640625	n/a	0.0	1	192546	n/a
376.083984375	n/a	1.0	2	192555	n/a
376.099609375	n/a	0.0	1	192563	n/a
376.1171875	n/a	1.0	2	192572	n/a
376.1328125	n/a	0.0	1	192580	n/a
376.150390625	n/a	1.0	2	192589	n/a
376.166015625	n/a	0.0	1	192597	n/a
376.18359375	n/a	1.0	2	192606	n/a
376.19921875	n/a	0.0	1	192614	n/a
376.216796875	n/a	0.0	1	192623	n/a
376.232421875	n/a	1.0	2	192631	n/a
376.25	n/a	0.0	1	192640	n/a
376.265625	n/a	1.0	2	192648	n/a
376.283203125	n/a	0.0	1	192657	n/a
376.298828125	n/a	1.0	2	192665	n/a
376.31640625	n/a	1.0	2	192674	n/a
376.333984375	n/a	0.0	1	192683	n/a
376.349609375	n/a	1.0	2	192691	n/a
376.3671875	n/a	0.0	1	192700	n/a
376.3828125	n/a	1.0	2	192708	n/a
376.400390625	n/a	0.0	1	192717	n/a
376.416015625	n/a	1.0	2	192725	n/a
376.43359375	n/a	0.0	1	192734	n/a
376.44921875	n/a	0.0	1	192742	n/a
376.466796875	n/a	1.0	2	192751	n/a
376.482421875	n/a	0.0	1	192759	n/a
376.5	n/a	1.0	2	192768	n/a
376.515625	n/a	1.0	2	192776	n/a
376.533203125	n/a	0.0	1	192785	n/a
376.548828125	n/a	0.0	1	192793	n/a
376.56640625	n/a	1.0	2	192802	n/a
376.583984375	n/a	0.0	1	192811	n/a
376.599609375	n/a	1.0	2	192819	n/a
376.6171875	n/a	1.0	2	192828	n/a
376.6328125	n/a	0.0	1	192836	n/a
376.650390625	n/a	1.0	2	192845	n/a
376.666015625	n/a	0.0	1	192853	n/a
376.68359375	n/a	1.0	2	192862	n/a
376.69921875	n/a	0.0	1	192870	n/a
376.716796875	n/a	0.0	1	192879	n/a
376.732421875	n/a	1.0	2	192887	n/a
376.75	n/a	1.0	2	192896	n/a
376.765625	n/a	0.0	1	192904	n/a
376.783203125	n/a	1.0	2	192913	n/a
376.798828125	n/a	0.0	1	192921	n/a
376.81640625	n/a	1.0	2	192930	n/a
376.833984375	n/a	0.0	1	192939	n/a
376.849609375	n/a	1.0	2	192947	n/a
376.8671875	n/a	0.0	1	192956	n/a
376.8828125	n/a	0.0	1	192964	n/a
376.900390625	n/a	1.0	2	192973	n/a
376.916015625	n/a	0.0	1	192981	n/a
376.93359375	n/a	1.0	2	192990	n/a
376.94921875	n/a	0.0	1	192998	n/a
376.966796875	n/a	1.0	2	193007	n/a
376.982421875	n/a	1.0	2	193015	n/a
377.0	n/a	0.0	1	193024	n/a
377.015625	n/a	1.0	2	193032	n/a
377.033203125	n/a	0.0	1	193041	n/a
377.048828125	n/a	0.0	1	193049	n/a
377.06640625	n/a	1.0	2	193058	n/a
377.083984375	n/a	1.0	2	193067	n/a
377.099609375	n/a	0.0	1	193075	n/a
377.1171875	n/a	1.0	2	193084	n/a
377.1328125	n/a	0.0	1	193092	n/a
377.150390625	n/a	1.0	2	193101	n/a
377.166015625	n/a	0.0	1	193109	n/a
377.18359375	n/a	1.0	2	193118	n/a
377.19921875	n/a	0.0	1	193126	n/a
377.216796875	n/a	0.0	1	193135	n/a
377.232421875	n/a	1.0	2	193143	n/a
377.25	n/a	0.0	1	193152	n/a
377.265625	n/a	1.0	2	193160	n/a
377.283203125	n/a	0.0	1	193169	n/a
377.298828125	n/a	1.0	2	193177	n/a
377.31640625	n/a	0.0	1	193186	n/a
377.333984375	n/a	1.0	2	193195	n/a
377.349609375	n/a	0.0	1	193203	n/a
377.3671875	n/a	1.0	2	193212	n/a
377.3828125	n/a	0.0	1	193220	n/a
377.400390625	n/a	1.0	2	193229	n/a
377.416015625	n/a	0.0	1	193237	n/a
377.43359375	n/a	1.0	2	193246	n/a
377.44921875	n/a	0.0	1	193254	n/a
377.466796875	n/a	1.0	2	193263	n/a
377.482421875	n/a	0.0	1	193271	n/a
377.5	n/a	1.0	2	193280	n/a
377.515625	n/a	0.0	1	193288	n/a
377.533203125	n/a	1.0	2	193297	n/a
377.548828125	n/a	0.0	1	193305	n/a
377.56640625	n/a	1.0	2	193314	n/a
377.583984375	n/a	1.0	2	193323	n/a
377.599609375	n/a	0.0	1	193331	n/a
377.6171875	n/a	0.0	1	193340	n/a
377.6328125	n/a	1.0	2	193348	n/a
377.650390625	n/a	0.0	1	193357	n/a
377.666015625	n/a	1.0	2	193365	n/a
377.68359375	n/a	1.0	2	193374	n/a
377.69921875	n/a	0.0	1	193382	n/a
377.716796875	n/a	0.0	1	193391	n/a
377.732421875	n/a	1.0	2	193399	n/a
377.75	n/a	1.0	2	193408	n/a
377.765625	n/a	0.0	1	193416	n/a
377.783203125	n/a	0.0	1	193425	n/a
377.798828125	n/a	1.0	2	193433	n/a
377.81640625	n/a	0.0	1	193442	n/a
377.833984375	n/a	1.0	2	193451	n/a
377.849609375	n/a	1.0	2	193459	n/a
377.8671875	n/a	0.0	1	193468	n/a
377.8828125	n/a	1.0	2	193476	n/a
377.900390625	n/a	0.0	1	193485	n/a
377.916015625	n/a	1.0	2	193493	n/a
377.93359375	n/a	0.0	1	193502	n/a
377.94921875	n/a	0.0	1	193510	n/a
377.966796875	n/a	1.0	2	193519	n/a
377.982421875	n/a	0.0	1	193527	n/a
378.0	n/a	1.0	2	193536	n/a
378.015625	n/a	1.0	2	193544	n/a
378.033203125	n/a	0.0	1	193553	n/a
378.048828125	n/a	1.0	2	193561	n/a
378.06640625	n/a	0.0	1	193570	n/a
378.083984375	n/a	1.0	2	193579	n/a
378.099609375	n/a	0.0	1	193587	n/a
378.1171875	n/a	0.0	1	193596	n/a
378.1328125	n/a	1.0	2	193604	n/a
378.150390625	n/a	1.0	2	193613	n/a
378.166015625	n/a	0.0	1	193621	n/a
378.18359375	n/a	1.0	2	193630	n/a
378.19921875	n/a	0.0	1	193638	n/a
378.216796875	n/a	1.0	2	193647	n/a
378.232421875	n/a	0.0	1	193655	n/a
378.25	n/a	1.0	2	193664	n/a
378.265625	n/a	0.0	1	193672	n/a
378.283203125	n/a	1.0	2	193681	n/a
378.298828125	n/a	0.0	1	193689	n/a
378.31640625	n/a	0.0	1	193698	n/a
378.333984375	n/a	1.0	2	193707	n/a
378.349609375	n/a	0.0	1	193715	n/a
378.3671875	n/a	1.0	2	193724	n/a
378.3828125	n/a	0.0	1	193732	n/a
378.400390625	n/a	1.0	2	193741	n/a
378.416015625	n/a	1.0	2	193749	n/a
378.43359375	n/a	0.0	1	193758	n/a
378.44921875	n/a	1.0	2	193766	n/a
378.466796875	n/a	0.0	1	193775	n/a
378.482421875	n/a	1.0	2	193783	n/a
378.5	n/a	0.0	1	193792	n/a
378.515625	n/a	1.0	2	193800	n/a
378.533203125	n/a	0.0	1	193809	n/a
378.548828125	n/a	0.0	1	193817	n/a
378.56640625	n/a	1.0	2	193826	n/a
378.583984375	n/a	0.0	1	193835	n/a
378.599609375	n/a	1.0	2	193843	n/a
378.6171875	n/a	1.0	2	193852	n/a
378.6328125	n/a	0.0	1	193860	n/a
378.650390625	n/a	0.0	1	193869	n/a
378.666015625	n/a	1.0	2	193877	n/a
378.68359375	n/a	0.0	1	193886	n/a
378.69921875	n/a	1.0	2	193894	n/a
378.716796875	n/a	1.0	2	193903	n/a
378.732421875	n/a	0.0	1	193911	n/a
378.75	n/a	1.0	2	193920	n/a
378.765625	n/a	0.0	1	193928	n/a
378.783203125	n/a	1.0	2	193937	n/a
378.798828125	n/a	0.0	1	193945	n/a
378.81640625	n/a	0.0	1	193954	n/a
378.833984375	n/a	1.0	2	193963	n/a
378.849609375	n/a	1.0	2	193971	n/a
378.8671875	n/a	0.0	1	193980	n/a
378.8828125	n/a	1.0	2	193988	n/a
378.900390625	n/a	0.0	1	193997	n/a
378.916015625	n/a	1.0	2	194005	n/a
378.93359375	n/a	0.0	1	194014	n/a
378.94921875	n/a	1.0	2	194022	n/a
378.966796875	n/a	0.0	1	194031	n/a
378.982421875	n/a	0.0	1	194039	n/a
379.0	n/a	1.0	2	194048	n/a
379.015625	n/a	0.0	1	194056	n/a
379.033203125	n/a	1.0	2	194065	n/a
379.048828125	n/a	0.0	1	194073	n/a
379.06640625	n/a	1.0	2	194082	n/a
379.083984375	n/a	1.0	2	194091	n/a
379.099609375	n/a	0.0	1	194099	n/a
379.1171875	n/a	1.0	2	194108	n/a
379.1328125	n/a	0.0	1	194116	n/a
379.150390625	n/a	0.0	1	194125	n/a
379.166015625	n/a	1.0	2	194133	n/a
379.18359375	n/a	1.0	2	194142	n/a
379.19921875	n/a	0.0	1	194150	n/a
379.216796875	n/a	1.0	2	194159	n/a
379.232421875	n/a	0.0	1	194167	n/a
379.25	n/a	1.0	2	194176	n/a
379.265625	n/a	0.0	1	194184	n/a
379.283203125	n/a	1.0	2	194193	n/a
379.298828125	n/a	0.0	1	194201	n/a
379.31640625	n/a	0.0	1	194210	n/a
379.333984375	n/a	1.0	2	194219	n/a
379.349609375	n/a	0.0	1	194227	n/a
379.3671875	n/a	1.0	2	194236	n/a
379.3828125	n/a	0.0	1	194244	n/a
379.400390625	n/a	1.0	2	194253	n/a
379.416015625	n/a	0.0	1	194261	n/a
379.43359375	n/a	1.0	2	194270	n/a
379.44921875	n/a	0.0	1	194278	n/a
379.466796875	n/a	1.0	2	194287	n/a
379.482421875	n/a	0.0	1	194295	n/a
379.5	n/a	1.0	2	194304	n/a
379.515625	n/a	0.0	1	194312	n/a
379.533203125	n/a	1.0	2	194321	n/a
379.548828125	n/a	0.0	1	194329	n/a
379.56640625	n/a	1.0	2	194338	n/a
379.583984375	n/a	0.0	1	194347	n/a
379.599609375	n/a	1.0	2	194355	n/a
379.6171875	n/a	0.0	1	194364	n/a
379.6328125	n/a	1.0	2	194372	n/a
379.650390625	n/a	0.0	1	194381	n/a
379.666015625	n/a	1.0	2	194389	n/a
379.68359375	n/a	1.0	2	194398	n/a
379.69921875	n/a	0.0	1	194406	n/a
379.716796875	n/a	0.0	1	194415	n/a
379.732421875	n/a	1.0	2	194423	n/a
379.75	n/a	0.0	1	194432	n/a
379.765625	n/a	1.0	2	194440	n/a
379.783203125	n/a	1.0	2	194449	n/a
379.798828125	n/a	0.0	1	194457	n/a
379.81640625	n/a	0.0	1	194466	n/a
379.833984375	n/a	1.0	2	194475	n/a
379.849609375	n/a	1.0	2	194483	n/a
379.8671875	n/a	0.0	1	194492	n/a
379.8828125	n/a	0.0	1	194500	n/a
379.900390625	n/a	1.0	2	194509	n/a
379.916015625	n/a	0.0	1	194517	n/a
379.93359375	n/a	1.0	2	194526	n/a
379.94921875	n/a	1.0	2	194534	n/a
379.966796875	n/a	0.0	1	194543	n/a
379.982421875	n/a	1.0	2	194551	n/a
380.0	n/a	0.0	1	194560	n/a
380.015625	n/a	1.0	2	194568	n/a
380.033203125	n/a	0.0	1	194577	n/a
380.048828125	n/a	0.0	1	194585	n/a
380.06640625	n/a	1.0	2	194594	n/a
380.083984375	n/a	0.0	1	194603	n/a
380.099609375	n/a	1.0	2	194611	n/a
380.1171875	n/a	1.0	2	194620	n/a
380.1328125	n/a	0.0	1	194628	n/a
380.150390625	n/a	1.0	2	194637	n/a
380.166015625	n/a	0.0	1	194645	n/a
380.18359375	n/a	1.0	2	194654	n/a
380.19921875	n/a	0.0	1	194662	n/a
380.216796875	n/a	0.0	1	194671	n/a
380.232421875	n/a	1.0	2	194679	n/a
380.25	n/a	1.0	2	194688	n/a
380.265625	n/a	0.0	1	194696	n/a
380.283203125	n/a	1.0	2	194705	n/a
380.298828125	n/a	0.0	1	194713	n/a
380.31640625	n/a	1.0	2	194722	n/a
380.333984375	n/a	0.0	1	194731	n/a
380.349609375	n/a	1.0	2	194739	n/a
380.3671875	n/a	0.0	1	194748	n/a
380.3828125	n/a	1.0	2	194756	n/a
380.400390625	n/a	0.0	1	194765	n/a
380.416015625	n/a	0.0	1	194773	n/a
380.43359375	n/a	1.0	2	194782	n/a
380.44921875	n/a	0.0	1	194790	n/a
380.466796875	n/a	1.0	2	194799	n/a
380.482421875	n/a	0.0	1	194807	n/a
380.5	n/a	1.0	2	194816	n/a
380.515625	n/a	1.0	2	194824	n/a
380.533203125	n/a	0.0	1	194833	n/a
380.548828125	n/a	1.0	2	194841	n/a
380.56640625	n/a	0.0	1	194850	n/a
380.583984375	n/a	1.0	2	194859	n/a
380.599609375	n/a	0.0	1	194867	n/a
380.6171875	n/a	1.0	2	194876	n/a
380.6328125	n/a	0.0	1	194884	n/a
380.650390625	n/a	0.0	1	194893	n/a
380.666015625	n/a	1.0	2	194901	n/a
380.68359375	n/a	0.0	1	194910	n/a
380.69921875	n/a	1.0	2	194918	n/a
380.716796875	n/a	1.0	2	194927	n/a
380.732421875	n/a	0.0	1	194935	n/a
380.75	n/a	0.0	1	194944	n/a
380.765625	n/a	1.0	2	194952	n/a
380.783203125	n/a	0.0	1	194961	n/a
380.798828125	n/a	1.0	2	194969	n/a
380.81640625	n/a	1.0	2	194978	n/a
380.833984375	n/a	0.0	1	194987	n/a
380.849609375	n/a	1.0	2	194995	n/a
380.8671875	n/a	0.0	1	195004	n/a
380.8828125	n/a	1.0	2	195012	n/a
380.900390625	n/a	0.0	1	195021	n/a
380.916015625	n/a	0.0	1	195029	n/a
380.93359375	n/a	1.0	2	195038	n/a
380.94921875	n/a	1.0	2	195046	n/a
380.966796875	n/a	0.0	1	195055	n/a
380.982421875	n/a	1.0	2	195063	n/a
381.0	n/a	0.0	1	195072	n/a
381.015625	n/a	1.0	2	195080	n/a
381.033203125	n/a	0.0	1	195089	n/a
381.048828125	n/a	1.0	2	195097	n/a
381.06640625	n/a	0.0	1	195106	n/a
381.083984375	n/a	0.0	1	195115	n/a
381.099609375	n/a	1.0	2	195123	n/a
381.1171875	n/a	0.0	1	195132	n/a
381.1328125	n/a	1.0	2	195140	n/a
381.150390625	n/a	0.0	1	195149	n/a
381.166015625	n/a	1.0	2	195157	n/a
381.18359375	n/a	1.0	2	195166	n/a
381.19921875	n/a	0.0	1	195174	n/a
381.216796875	n/a	1.0	2	195183	n/a
381.232421875	n/a	0.0	1	195191	n/a
381.25	n/a	0.0	1	195200	n/a
381.265625	n/a	1.0	2	195208	n/a
381.283203125	n/a	1.0	2	195217	n/a
381.298828125	n/a	0.0	1	195225	n/a
381.31640625	n/a	1.0	2	195234	n/a
381.333984375	n/a	0.0	1	195243	n/a
381.349609375	n/a	1.0	2	195251	n/a
381.3671875	n/a	0.0	1	195260	n/a
381.3828125	n/a	1.0	2	195268	n/a
381.400390625	n/a	0.0	1	195277	n/a
381.416015625	n/a	0.0	1	195285	n/a
381.43359375	n/a	1.0	2	195294	n/a
381.44921875	n/a	0.0	1	195302	n/a
381.466796875	n/a	1.0	2	195311	n/a
381.482421875	n/a	0.0	1	195319	n/a
381.5	n/a	1.0	2	195328	n/a
381.515625	n/a	0.0	1	195336	n/a
381.533203125	n/a	1.0	2	195345	n/a
381.548828125	n/a	0.0	1	195353	n/a
381.56640625	n/a	1.0	2	195362	n/a
381.583984375	n/a	0.0	1	195371	n/a
381.599609375	n/a	1.0	2	195379	n/a
381.6171875	n/a	0.0	1	195388	n/a
381.6328125	n/a	1.0	2	195396	n/a
381.650390625	n/a	0.0	1	195405	n/a
381.666015625	n/a	1.0	2	195413	n/a
381.68359375	n/a	0.0	1	195422	n/a
381.69921875	n/a	1.0	2	195430	n/a
381.716796875	n/a	0.0	1	195439	n/a
381.732421875	n/a	1.0	2	195447	n/a
381.75	n/a	0.0	1	195456	n/a
381.765625	n/a	1.0	2	195464	n/a
381.783203125	n/a	1.0	2	195473	n/a
381.798828125	n/a	0.0	1	195481	n/a
381.81640625	n/a	0.0	1	195490	n/a
381.833984375	n/a	1.0	2	195499	n/a
381.849609375	n/a	0.0	1	195507	n/a
381.8671875	n/a	1.0	2	195516	n/a
381.8828125	n/a	1.0	2	195524	n/a
381.900390625	n/a	0.0	1	195533	n/a
381.916015625	n/a	0.0	1	195541	n/a
381.93359375	n/a	1.0	2	195550	n/a
381.94921875	n/a	1.0	2	195558	n/a
381.966796875	n/a	0.0	1	195567	n/a
381.982421875	n/a	0.0	1	195575	n/a
382.0	n/a	1.0	2	195584	n/a
382.015625	n/a	0.0	1	195592	n/a
382.033203125	n/a	1.0	2	195601	n/a
382.048828125	n/a	1.0	2	195609	n/a
382.06640625	n/a	0.0	1	195618	n/a
382.083984375	n/a	1.0	2	195627	n/a
382.099609375	n/a	0.0	1	195635	n/a
382.1171875	n/a	1.0	2	195644	n/a
382.1328125	n/a	0.0	1	195652	n/a
382.150390625	n/a	0.0	1	195661	n/a
382.166015625	n/a	1.0	2	195669	n/a
382.18359375	n/a	0.0	1	195678	n/a
382.19921875	n/a	1.0	2	195686	n/a
382.216796875	n/a	1.0	2	195695	n/a
382.232421875	n/a	0.0	1	195703	n/a
382.25	n/a	1.0	2	195712	n/a
382.265625	n/a	0.0	1	195720	n/a
382.283203125	n/a	1.0	2	195729	n/a
382.298828125	n/a	0.0	1	195737	n/a
382.31640625	n/a	0.0	1	195746	n/a
382.333984375	n/a	1.0	2	195755	n/a
382.349609375	n/a	1.0	2	195763	n/a
382.3671875	n/a	0.0	1	195772	n/a
382.3828125	n/a	1.0	2	195780	n/a
382.400390625	n/a	0.0	1	195789	n/a
382.416015625	n/a	1.0	2	195797	n/a
382.43359375	n/a	0.0	1	195806	n/a
382.44921875	n/a	1.0	2	195814	n/a
382.466796875	n/a	0.0	1	195823	n/a
382.482421875	n/a	1.0	2	195831	n/a
382.5	n/a	0.0	1	195840	n/a
382.515625	n/a	0.0	1	195848	n/a
382.533203125	n/a	1.0	2	195857	n/a
382.548828125	n/a	0.0	1	195865	n/a
382.56640625	n/a	1.0	2	195874	n/a
382.583984375	n/a	0.0	1	195883	n/a
382.599609375	n/a	1.0	2	195891	n/a
382.6171875	n/a	1.0	2	195900	n/a
382.6328125	n/a	0.0	1	195908	n/a
382.650390625	n/a	1.0	2	195917	n/a
382.666015625	n/a	0.0	1	195925	n/a
382.68359375	n/a	1.0	2	195934	n/a
382.69921875	n/a	0.0	1	195942	n/a
382.716796875	n/a	1.0	2	195951	n/a
382.732421875	n/a	0.0	1	195959	n/a
382.75	n/a	0.0	1	195968	n/a
382.765625	n/a	1.0	2	195976	n/a
382.783203125	n/a	0.0	1	195985	n/a
382.798828125	n/a	1.0	2	195993	n/a
382.81640625	n/a	1.0	2	196002	n/a
382.833984375	n/a	0.0	1	196011	n/a
382.849609375	n/a	0.0	1	196019	n/a
382.8671875	n/a	1.0	2	196028	n/a
382.8828125	n/a	0.0	1	196036	n/a
382.900390625	n/a	1.0	2	196045	n/a
382.916015625	n/a	1.0	2	196053	n/a
382.93359375	n/a	0.0	1	196062	n/a
382.94921875	n/a	1.0	2	196070	n/a
382.966796875	n/a	0.0	1	196079	n/a
382.982421875	n/a	1.0	2	196087	n/a
383.0	n/a	0.0	1	196096	n/a
383.015625	n/a	0.0	1	196104	n/a
383.033203125	n/a	1.0	2	196113	n/a
383.048828125	n/a	1.0	2	196121	n/a
383.06640625	n/a	0.0	1	196130	n/a
383.083984375	n/a	1.0	2	196139	n/a
383.099609375	n/a	0.0	1	196147	n/a
383.1171875	n/a	1.0	2	196156	n/a
383.1328125	n/a	0.0	1	196164	n/a
383.150390625	n/a	1.0	2	196173	n/a
383.166015625	n/a	0.0	1	196181	n/a
383.18359375	n/a	0.0	1	196190	n/a
383.19921875	n/a	1.0	2	196198	n/a
383.216796875	n/a	0.0	1	196207	n/a
383.232421875	n/a	1.0	2	196215	n/a
383.25	n/a	0.0	1	196224	n/a
383.265625	n/a	1.0	2	196232	n/a
383.283203125	n/a	1.0	2	196241	n/a
383.298828125	n/a	0.0	1	196249	n/a
383.31640625	n/a	1.0	2	196258	n/a
383.333984375	n/a	0.0	1	196267	n/a
383.349609375	n/a	0.0	1	196275	n/a
383.3671875	n/a	1.0	2	196284	n/a
383.3828125	n/a	1.0	2	196292	n/a
383.400390625	n/a	0.0	1	196301	n/a
383.416015625	n/a	1.0	2	196309	n/a
383.43359375	n/a	0.0	1	196318	n/a
383.44921875	n/a	1.0	2	196326	n/a
383.466796875	n/a	0.0	1	196335	n/a
383.482421875	n/a	1.0	2	196343	n/a
383.5	n/a	0.0	1	196352	n/a
383.515625	n/a	0.0	1	196360	n/a
383.533203125	n/a	1.0	2	196369	n/a
383.548828125	n/a	0.0	1	196377	n/a
383.56640625	n/a	1.0	2	196386	n/a
383.583984375	n/a	0.0	1	196395	n/a
383.599609375	n/a	1.0	2	196403	n/a
383.6171875	n/a	0.0	1	196412	n/a
383.6328125	n/a	1.0	2	196420	n/a
383.650390625	n/a	0.0	1	196429	n/a
383.666015625	n/a	1.0	2	196437	n/a
383.68359375	n/a	0.0	1	196446	n/a
383.69921875	n/a	1.0	2	196454	n/a
383.716796875	n/a	0.0	1	196463	n/a
383.732421875	n/a	1.0	2	196471	n/a
383.75	n/a	0.0	1	196480	n/a
383.765625	n/a	1.0	2	196488	n/a
383.783203125	n/a	0.0	1	196497	n/a
383.798828125	n/a	1.0	2	196505	n/a
383.81640625	n/a	0.0	1	196514	n/a
383.833984375	n/a	1.0	2	196523	n/a
383.849609375	n/a	0.0	1	196531	n/a
383.8671875	n/a	1.0	2	196540	n/a
383.8828125	n/a	1.0	2	196548	n/a
383.900390625	n/a	0.0	1	196557	n/a
383.916015625	n/a	0.0	1	196565	n/a
383.93359375	n/a	1.0	2	196574	n/a
383.94921875	n/a	0.0	1	196582	n/a
383.966796875	n/a	1.0	2	196591	n/a
383.982421875	n/a	1.0	2	196599	n/a
384.0	n/a	0.0	1	196608	n/a
384.015625	n/a	0.0	1	196616	n/a
384.033203125	n/a	1.0	2	196625	n/a
384.048828125	n/a	1.0	2	196633	n/a
384.06640625	n/a	0.0	1	196642	n/a
384.083984375	n/a	0.0	1	196651	n/a
384.099609375	n/a	1.0	2	196659	n/a
384.1171875	n/a	0.0	1	196668	n/a
384.1328125	n/a	1.0	2	196676	n/a
384.150390625	n/a	1.0	2	196685	n/a
384.166015625	n/a	0.0	1	196693	n/a
384.18359375	n/a	1.0	2	196702	n/a
384.19921875	n/a	0.0	1	196710	n/a
384.216796875	n/a	1.0	2	196719	n/a
384.232421875	n/a	0.0	1	196727	n/a
384.25	n/a	0.0	1	196736	n/a
384.265625	n/a	1.0	2	196744	n/a
384.283203125	n/a	0.0	1	196753	n/a
384.298828125	n/a	1.0	2	196761	n/a
384.31640625	n/a	1.0	2	196770	n/a
384.333984375	n/a	0.0	1	196779	n/a
384.349609375	n/a	1.0	2	196787	n/a
384.3671875	n/a	0.0	1	196796	n/a
384.3828125	n/a	1.0	2	196804	n/a
384.400390625	n/a	0.0	1	196813	n/a
384.416015625	n/a	0.0	1	196821	n/a
384.43359375	n/a	1.0	2	196830	n/a
384.44921875	n/a	1.0	2	196838	n/a
384.466796875	n/a	0.0	1	196847	n/a
384.482421875	n/a	1.0	2	196855	n/a
384.5	n/a	0.0	1	196864	n/a
384.515625	n/a	1.0	2	196872	n/a
384.533203125	n/a	0.0	1	196881	n/a
384.548828125	n/a	1.0	2	196889	n/a
384.56640625	n/a	0.0	1	196898	n/a
384.583984375	n/a	1.0	2	196907	n/a
384.599609375	n/a	0.0	1	196915	n/a
384.6171875	n/a	0.0	1	196924	n/a
384.6328125	n/a	1.0	2	196932	n/a
384.650390625	n/a	0.0	1	196941	n/a
384.666015625	n/a	1.0	2	196949	n/a
384.68359375	n/a	0.0	1	196958	n/a
384.69921875	n/a	1.0	2	196966	n/a
384.716796875	n/a	1.0	2	196975	n/a
384.732421875	n/a	0.0	1	196983	n/a
384.75	n/a	1.0	2	196992	n/a
384.765625	n/a	0.0	1	197000	n/a
384.783203125	n/a	1.0	2	197009	n/a
384.798828125	n/a	0.0	1	197017	n/a
384.81640625	n/a	1.0	2	197026	n/a
384.833984375	n/a	0.0	1	197035	n/a
384.849609375	n/a	0.0	1	197043	n/a
384.8671875	n/a	1.0	2	197052	n/a
384.8828125	n/a	0.0	1	197060	n/a
384.900390625	n/a	1.0	2	197069	n/a
384.916015625	n/a	1.0	2	197077	n/a
384.93359375	n/a	0.0	1	197086	n/a
384.94921875	n/a	0.0	1	197094	n/a
384.966796875	n/a	1.0	2	197103	n/a
384.982421875	n/a	0.0	1	197111	n/a
385.0	n/a	1.0	2	197120	n/a
385.015625	n/a	1.0	2	197128	n/a
385.033203125	n/a	0.0	1	197137	n/a
385.048828125	n/a	1.0	2	197145	n/a
385.06640625	n/a	0.0	1	197154	n/a
385.083984375	n/a	1.0	2	197163	n/a
385.099609375	n/a	0.0	1	197171	n/a
385.1171875	n/a	0.0	1	197180	n/a
385.1328125	n/a	1.0	2	197188	n/a
385.150390625	n/a	1.0	2	197197	n/a
385.166015625	n/a	0.0	1	197205	n/a
385.18359375	n/a	1.0	2	197214	n/a
385.19921875	n/a	0.0	1	197222	n/a
385.216796875	n/a	1.0	2	197231	n/a
385.232421875	n/a	0.0	1	197239	n/a
385.25	n/a	1.0	2	197248	n/a
385.265625	n/a	0.0	1	197256	n/a
385.283203125	n/a	0.0	1	197265	n/a
385.298828125	n/a	1.0	2	197273	n/a
385.31640625	n/a	0.0	1	197282	n/a
385.333984375	n/a	1.0	2	197291	n/a
385.349609375	n/a	0.0	1	197299	n/a
385.3671875	n/a	1.0	2	197308	n/a
385.3828125	n/a	1.0	2	197316	n/a
385.400390625	n/a	0.0	1	197325	n/a
385.416015625	n/a	1.0	2	197333	n/a
385.43359375	n/a	0.0	1	197342	n/a
385.44921875	n/a	0.0	1	197350	n/a
385.466796875	n/a	1.0	2	197359	n/a
385.482421875	n/a	1.0	2	197367	n/a
385.5	n/a	0.0	1	197376	n/a
385.515625	n/a	1.0	2	197384	n/a
385.533203125	n/a	0.0	1	197393	n/a
385.548828125	n/a	1.0	2	197401	n/a
385.56640625	n/a	0.0	1	197410	n/a
385.583984375	n/a	1.0	2	197419	n/a
385.599609375	n/a	0.0	1	197427	n/a
385.6171875	n/a	0.0	1	197436	n/a
385.6328125	n/a	1.0	2	197444	n/a
385.650390625	n/a	0.0	1	197453	n/a
385.666015625	n/a	1.0	2	197461	n/a
385.68359375	n/a	0.0	1	197470	n/a
385.69921875	n/a	1.0	2	197478	n/a
385.716796875	n/a	0.0	1	197487	n/a
385.732421875	n/a	1.0	2	197495	n/a
385.75	n/a	0.0	1	197504	n/a
385.765625	n/a	1.0	2	197512	n/a
385.783203125	n/a	0.0	1	197521	n/a
385.798828125	n/a	1.0	2	197529	n/a
385.81640625	n/a	0.0	1	197538	n/a
385.833984375	n/a	1.0	2	197547	n/a
385.849609375	n/a	0.0	1	197555	n/a
385.8671875	n/a	1.0	2	197564	n/a
385.8828125	n/a	0.0	1	197572	n/a
385.900390625	n/a	1.0	2	197581	n/a
385.916015625	n/a	0.0	1	197589	n/a
385.93359375	n/a	1.0	2	197598	n/a
385.94921875	n/a	0.0	1	197606	n/a
385.966796875	n/a	1.0	2	197615	n/a
385.982421875	n/a	1.0	2	197623	n/a
386.0	n/a	0.0	1	197632	n/a
386.015625	n/a	0.0	1	197640	n/a
386.033203125	n/a	1.0	2	197649	n/a
386.048828125	n/a	0.0	1	197657	n/a
386.06640625	n/a	1.0	2	197666	n/a
386.083984375	n/a	1.0	2	197675	n/a
386.099609375	n/a	0.0	1	197683	n/a
386.1171875	n/a	0.0	1	197692	n/a
386.1328125	n/a	1.0	2	197700	n/a
386.150390625	n/a	1.0	2	197709	n/a
386.166015625	n/a	0.0	1	197717	n/a
386.18359375	n/a	0.0	1	197726	n/a
386.19921875	n/a	1.0	2	197734	n/a
386.216796875	n/a	0.0	1	197743	n/a
386.232421875	n/a	1.0	2	197751	n/a
386.25	n/a	1.0	2	197760	n/a
386.265625	n/a	0.0	1	197768	n/a
386.283203125	n/a	1.0	2	197777	n/a
386.298828125	n/a	0.0	1	197785	n/a
386.31640625	n/a	1.0	2	197794	n/a
386.333984375	n/a	0.0	1	197803	n/a
386.349609375	n/a	0.0	1	197811	n/a
386.3671875	n/a	1.0	2	197820	n/a
386.3828125	n/a	0.0	1	197828	n/a
386.400390625	n/a	1.0	2	197837	n/a
386.416015625	n/a	1.0	2	197845	n/a
386.43359375	n/a	0.0	1	197854	n/a
386.44921875	n/a	1.0	2	197862	n/a
386.466796875	n/a	0.0	1	197871	n/a
386.482421875	n/a	1.0	2	197879	n/a
386.5	n/a	0.0	1	197888	n/a
386.515625	n/a	0.0	1	197896	n/a
386.533203125	n/a	1.0	2	197905	n/a
386.548828125	n/a	1.0	2	197913	n/a
386.56640625	n/a	0.0	1	197922	n/a
386.583984375	n/a	1.0	2	197931	n/a
386.599609375	n/a	0.0	1	197939	n/a
386.6171875	n/a	1.0	2	197948	n/a
386.6328125	n/a	0.0	1	197956	n/a
386.650390625	n/a	1.0	2	197965	n/a
386.666015625	n/a	0.0	1	197973	n/a
386.68359375	n/a	1.0	2	197982	n/a
386.69921875	n/a	0.0	1	197990	n/a
386.716796875	n/a	0.0	1	197999	n/a
386.732421875	n/a	1.0	2	198007	n/a
386.75	n/a	0.0	1	198016	n/a
386.765625	n/a	1.0	2	198024	n/a
386.783203125	n/a	0.0	1	198033	n/a
386.798828125	n/a	1.0	2	198041	n/a
386.81640625	n/a	1.0	2	198050	n/a
386.833984375	n/a	0.0	1	198059	n/a
386.849609375	n/a	1.0	2	198067	n/a
386.8671875	n/a	0.0	1	198076	n/a
386.8828125	n/a	1.0	2	198084	n/a
386.900390625	n/a	0.0	1	198093	n/a
386.916015625	n/a	1.0	2	198101	n/a
386.93359375	n/a	0.0	1	198110	n/a
386.94921875	n/a	0.0	1	198118	n/a
386.966796875	n/a	1.0	2	198127	n/a
386.982421875	n/a	0.0	1	198135	n/a
387.0	n/a	1.0	2	198144	n/a
387.015625	n/a	1.0	2	198152	n/a
387.033203125	n/a	0.0	1	198161	n/a
387.048828125	n/a	0.0	1	198169	n/a
387.06640625	n/a	1.0	2	198178	n/a
387.083984375	n/a	0.0	1	198187	n/a
387.099609375	n/a	1.0	2	198195	n/a
387.1171875	n/a	1.0	2	198204	n/a
387.1328125	n/a	0.0	1	198212	n/a
387.150390625	n/a	1.0	2	198221	n/a
387.166015625	n/a	0.0	1	198229	n/a
387.18359375	n/a	1.0	2	198238	n/a
387.19921875	n/a	0.0	1	198246	n/a
387.216796875	n/a	0.0	1	198255	n/a
387.232421875	n/a	1.0	2	198263	n/a
387.25	n/a	1.0	2	198272	n/a
387.265625	n/a	0.0	1	198280	n/a
387.283203125	n/a	1.0	2	198289	n/a
387.298828125	n/a	0.0	1	198297	n/a
387.31640625	n/a	1.0	2	198306	n/a
387.333984375	n/a	0.0	1	198315	n/a
387.349609375	n/a	1.0	2	198323	n/a
387.3671875	n/a	0.0	1	198332	n/a
387.3828125	n/a	0.0	1	198340	n/a
387.400390625	n/a	1.0	2	198349	n/a
387.416015625	n/a	0.0	1	198357	n/a
387.43359375	n/a	1.0	2	198366	n/a
387.44921875	n/a	0.0	1	198374	n/a
387.466796875	n/a	1.0	2	198383	n/a
387.482421875	n/a	1.0	2	198391	n/a
387.5	n/a	0.0	1	198400	n/a
387.515625	n/a	1.0	2	198408	n/a
387.533203125	n/a	0.0	1	198417	n/a
387.548828125	n/a	0.0	1	198425	n/a
387.56640625	n/a	1.0	2	198434	n/a
387.583984375	n/a	1.0	2	198443	n/a
387.599609375	n/a	0.0	1	198451	n/a
387.6171875	n/a	1.0	2	198460	n/a
387.6328125	n/a	0.0	1	198468	n/a
387.650390625	n/a	1.0	2	198477	n/a
387.666015625	n/a	0.0	1	198485	n/a
387.68359375	n/a	1.0	2	198494	n/a
387.69921875	n/a	0.0	1	198502	n/a
387.716796875	n/a	0.0	1	198511	n/a
387.732421875	n/a	1.0	2	198519	n/a
387.75	n/a	0.0	1	198528	n/a
387.765625	n/a	1.0	2	198536	n/a
387.783203125	n/a	0.0	1	198545	n/a
387.798828125	n/a	1.0	2	198553	n/a
387.81640625	n/a	0.0	1	198562	n/a
387.833984375	n/a	1.0	2	198571	n/a
387.849609375	n/a	0.0	1	198579	n/a
387.8671875	n/a	1.0	2	198588	n/a
387.8828125	n/a	0.0	1	198596	n/a
387.900390625	n/a	1.0	2	198605	n/a
387.916015625	n/a	0.0	1	198613	n/a
387.93359375	n/a	1.0	2	198622	n/a
387.94921875	n/a	0.0	1	198630	n/a
387.966796875	n/a	1.0	2	198639	n/a
387.982421875	n/a	0.0	1	198647	n/a
388.0	n/a	1.0	2	198656	n/a
388.015625	n/a	0.0	1	198664	n/a
388.033203125	n/a	1.0	2	198673	n/a
388.048828125	n/a	0.0	1	198681	n/a
388.06640625	n/a	1.0	2	198690	n/a
388.083984375	n/a	1.0	2	198699	n/a
388.099609375	n/a	0.0	1	198707	n/a
388.1171875	n/a	0.0	1	198716	n/a
388.1328125	n/a	1.0	2	198724	n/a
388.150390625	n/a	0.0	1	198733	n/a
388.166015625	n/a	1.0	2	198741	n/a
388.18359375	n/a	1.0	2	198750	n/a
388.19921875	n/a	0.0	1	198758	n/a
388.216796875	n/a	0.0	1	198767	n/a
388.232421875	n/a	1.0	2	198775	n/a
388.25	n/a	1.0	2	198784	n/a
388.265625	n/a	0.0	1	198792	n/a
388.283203125	n/a	0.0	1	198801	n/a
388.298828125	n/a	1.0	2	198809	n/a
388.31640625	n/a	0.0	1	198818	n/a
388.333984375	n/a	1.0	2	198827	n/a
388.349609375	n/a	1.0	2	198835	n/a
388.3671875	n/a	0.0	1	198844	n/a
388.3828125	n/a	1.0	2	198852	n/a
388.400390625	n/a	0.0	1	198861	n/a
388.416015625	n/a	1.0	2	198869	n/a
388.43359375	n/a	0.0	1	198878	n/a
388.44921875	n/a	0.0	1	198886	n/a
388.466796875	n/a	1.0	2	198895	n/a
388.482421875	n/a	0.0	1	198903	n/a
388.5	n/a	1.0	2	198912	n/a
388.515625	n/a	1.0	2	198920	n/a
388.533203125	n/a	0.0	1	198929	n/a
388.548828125	n/a	1.0	2	198937	n/a
388.56640625	n/a	0.0	1	198946	n/a
388.583984375	n/a	1.0	2	198955	n/a
388.599609375	n/a	0.0	1	198963	n/a
388.6171875	n/a	0.0	1	198972	n/a
388.6328125	n/a	1.0	2	198980	n/a
388.650390625	n/a	1.0	2	198989	n/a
388.666015625	n/a	0.0	1	198997	n/a
388.68359375	n/a	1.0	2	199006	n/a
388.69921875	n/a	0.0	1	199014	n/a
388.716796875	n/a	1.0	2	199023	n/a
388.732421875	n/a	0.0	1	199031	n/a
388.75	n/a	1.0	2	199040	n/a
388.765625	n/a	0.0	1	199048	n/a
388.783203125	n/a	1.0	2	199057	n/a
388.798828125	n/a	0.0	1	199065	n/a
388.81640625	n/a	0.0	1	199074	n/a
388.833984375	n/a	1.0	2	199083	n/a
388.849609375	n/a	0.0	1	199091	n/a
388.8671875	n/a	1.0	2	199100	n/a
388.8828125	n/a	0.0	1	199108	n/a
388.900390625	n/a	1.0	2	199117	n/a
388.916015625	n/a	1.0	2	199125	n/a
388.93359375	n/a	0.0	1	199134	n/a
388.94921875	n/a	1.0	2	199142	n/a
388.966796875	n/a	0.0	1	199151	n/a
388.982421875	n/a	1.0	2	199159	n/a
389.0	n/a	0.0	1	199168	n/a
389.015625	n/a	1.0	2	199176	n/a
389.033203125	n/a	0.0	1	199185	n/a
389.048828125	n/a	0.0	1	199193	n/a
389.06640625	n/a	1.0	2	199202	n/a
389.083984375	n/a	0.0	1	199211	n/a
389.099609375	n/a	1.0	2	199219	n/a
389.1171875	n/a	1.0	2	199228	n/a
389.1328125	n/a	0.0	1	199236	n/a
389.150390625	n/a	0.0	1	199245	n/a
389.166015625	n/a	1.0	2	199253	n/a
389.18359375	n/a	0.0	1	199262	n/a
389.19921875	n/a	1.0	2	199270	n/a
389.216796875	n/a	1.0	2	199279	n/a
389.232421875	n/a	0.0	1	199287	n/a
389.25	n/a	1.0	2	199296	n/a
389.265625	n/a	0.0	1	199304	n/a
389.283203125	n/a	1.0	2	199313	n/a
389.298828125	n/a	0.0	1	199321	n/a
389.31640625	n/a	0.0	1	199330	n/a
389.333984375	n/a	1.0	2	199339	n/a
389.349609375	n/a	1.0	2	199347	n/a
389.3671875	n/a	0.0	1	199356	n/a
389.3828125	n/a	1.0	2	199364	n/a
389.400390625	n/a	0.0	1	199373	n/a
389.416015625	n/a	1.0	2	199381	n/a
389.43359375	n/a	0.0	1	199390	n/a
389.44921875	n/a	1.0	2	199398	n/a
389.466796875	n/a	0.0	1	199407	n/a
389.482421875	n/a	0.0	1	199415	n/a
389.5	n/a	1.0	2	199424	n/a
389.515625	n/a	0.0	1	199432	n/a
389.533203125	n/a	1.0	2	199441	n/a
389.548828125	n/a	0.0	1	199449	n/a
389.56640625	n/a	1.0	2	199458	n/a
389.583984375	n/a	1.0	2	199467	n/a
389.599609375	n/a	0.0	1	199475	n/a
389.6171875	n/a	1.0	2	199484	n/a
389.6328125	n/a	0.0	1	199492	n/a
389.650390625	n/a	0.0	1	199501	n/a
389.666015625	n/a	1.0	2	199509	n/a
389.68359375	n/a	1.0	2	199518	n/a
389.69921875	n/a	0.0	1	199526	n/a
389.716796875	n/a	1.0	2	199535	n/a
389.732421875	n/a	0.0	1	199543	n/a
389.75	n/a	1.0	2	199552	n/a
389.765625	n/a	0.0	1	199560	n/a
389.783203125	n/a	1.0	2	199569	n/a
389.798828125	n/a	0.0	1	199577	n/a
389.81640625	n/a	0.0	1	199586	n/a
389.833984375	n/a	1.0	2	199595	n/a
389.849609375	n/a	0.0	1	199603	n/a
389.8671875	n/a	1.0	2	199612	n/a
389.8828125	n/a	0.0	1	199620	n/a
389.900390625	n/a	1.0	2	199629	n/a
389.916015625	n/a	0.0	1	199637	n/a
389.93359375	n/a	1.0	2	199646	n/a
389.94921875	n/a	0.0	1	199654	n/a
389.966796875	n/a	1.0	2	199663	n/a
389.982421875	n/a	0.0	1	199671	n/a
390.0	n/a	1.0	2	199680	n/a
390.015625	n/a	0.0	1	199688	n/a
390.033203125	n/a	1.0	2	199697	n/a
390.048828125	n/a	0.0	1	199705	n/a
390.06640625	n/a	1.0	2	199714	n/a
390.083984375	n/a	0.0	1	199723	n/a
390.099609375	n/a	1.0	2	199731	n/a
390.1171875	n/a	0.0	1	199740	n/a
390.1328125	n/a	1.0	2	199748	n/a
390.150390625	n/a	0.0	1	199757	n/a
390.166015625	n/a	1.0	2	199765	n/a
390.18359375	n/a	1.0	2	199774	n/a
390.19921875	n/a	0.0	1	199782	n/a
390.216796875	n/a	0.0	1	199791	n/a
390.232421875	n/a	1.0	2	199799	n/a
390.25	n/a	0.0	1	199808	n/a
390.265625	n/a	1.0	2	199816	n/a
390.283203125	n/a	1.0	2	199825	n/a
390.298828125	n/a	0.0	1	199833	n/a
390.31640625	n/a	0.0	1	199842	n/a
390.333984375	n/a	1.0	2	199851	n/a
390.349609375	n/a	1.0	2	199859	n/a
390.3671875	n/a	0.0	1	199868	n/a
390.3828125	n/a	0.0	1	199876	n/a
390.400390625	n/a	1.0	2	199885	n/a
390.416015625	n/a	0.0	1	199893	n/a
390.43359375	n/a	1.0	2	199902	n/a
390.44921875	n/a	1.0	2	199910	n/a
390.466796875	n/a	0.0	1	199919	n/a
390.482421875	n/a	1.0	2	199927	n/a
390.5	n/a	0.0	1	199936	n/a
390.515625	n/a	1.0	2	199944	n/a
390.533203125	n/a	0.0	1	199953	n/a
390.548828125	n/a	0.0	1	199961	n/a
390.56640625	n/a	1.0	2	199970	n/a
390.583984375	n/a	0.0	1	199979	n/a
390.599609375	n/a	1.0	2	199987	n/a
390.6171875	n/a	1.0	2	199996	n/a
390.6328125	n/a	0.0	1	200004	n/a
390.650390625	n/a	1.0	2	200013	n/a
390.666015625	n/a	0.0	1	200021	n/a
390.68359375	n/a	1.0	2	200030	n/a
390.69921875	n/a	0.0	1	200038	n/a
390.716796875	n/a	0.0	1	200047	n/a
390.732421875	n/a	1.0	2	200055	n/a
390.75	n/a	1.0	2	200064	n/a
390.765625	n/a	0.0	1	200072	n/a
390.783203125	n/a	1.0	2	200081	n/a
390.798828125	n/a	0.0	1	200089	n/a
390.81640625	n/a	1.0	2	200098	n/a
390.833984375	n/a	0.0	1	200107	n/a
390.849609375	n/a	1.0	2	200115	n/a
390.8671875	n/a	0.0	1	200124	n/a
390.8828125	n/a	1.0	2	200132	n/a
390.900390625	n/a	0.0	1	200141	n/a
390.916015625	n/a	0.0	1	200149	n/a
390.93359375	n/a	1.0	2	200158	n/a
390.94921875	n/a	0.0	1	200166	n/a
390.966796875	n/a	1.0	2	200175	n/a
390.982421875	n/a	0.0	1	200183	n/a
391.0	n/a	1.0	2	200192	n/a
391.015625	n/a	1.0	2	200200	n/a
391.033203125	n/a	0.0	1	200209	n/a
391.048828125	n/a	1.0	2	200217	n/a
391.06640625	n/a	0.0	1	200226	n/a
391.083984375	n/a	1.0	2	200235	n/a
391.099609375	n/a	0.0	1	200243	n/a
391.1171875	n/a	1.0	2	200252	n/a
391.1328125	n/a	0.0	1	200260	n/a
391.150390625	n/a	0.0	1	200269	n/a
391.166015625	n/a	1.0	2	200277	n/a
391.18359375	n/a	0.0	1	200286	n/a
391.19921875	n/a	1.0	2	200294	n/a
391.216796875	n/a	1.0	2	200303	n/a
391.232421875	n/a	0.0	1	200311	n/a
391.25	n/a	0.0	1	200320	n/a
391.265625	n/a	1.0	2	200328	n/a
391.283203125	n/a	0.0	1	200337	n/a
391.298828125	n/a	1.0	2	200345	n/a
391.31640625	n/a	1.0	2	200354	n/a
391.333984375	n/a	0.0	1	200363	n/a
391.349609375	n/a	1.0	2	200371	n/a
391.3671875	n/a	0.0	1	200380	n/a
391.3828125	n/a	1.0	2	200388	n/a
391.400390625	n/a	0.0	1	200397	n/a
391.416015625	n/a	0.0	1	200405	n/a
391.43359375	n/a	1.0	2	200414	n/a
391.44921875	n/a	1.0	2	200422	n/a
391.466796875	n/a	0.0	1	200431	n/a
391.482421875	n/a	1.0	2	200439	n/a
391.5	n/a	0.0	1	200448	n/a
391.515625	n/a	1.0	2	200456	n/a
391.533203125	n/a	0.0	1	200465	n/a
391.548828125	n/a	1.0	2	200473	n/a
391.56640625	n/a	0.0	1	200482	n/a
391.583984375	n/a	0.0	1	200491	n/a
391.599609375	n/a	1.0	2	200499	n/a
391.6171875	n/a	0.0	1	200508	n/a
391.6328125	n/a	1.0	2	200516	n/a
391.650390625	n/a	0.0	1	200525	n/a
391.666015625	n/a	1.0	2	200533	n/a
391.68359375	n/a	1.0	2	200542	n/a
391.69921875	n/a	0.0	1	200550	n/a
391.716796875	n/a	1.0	2	200559	n/a
391.732421875	n/a	0.0	1	200567	n/a
391.75	n/a	0.0	1	200576	n/a
391.765625	n/a	1.0	2	200584	n/a
391.783203125	n/a	1.0	2	200593	n/a
391.798828125	n/a	0.0	1	200601	n/a
391.81640625	n/a	1.0	2	200610	n/a
391.833984375	n/a	0.0	1	200619	n/a
391.849609375	n/a	1.0	2	200627	n/a
391.8671875	n/a	0.0	1	200636	n/a
391.8828125	n/a	1.0	2	200644	n/a
391.900390625	n/a	0.0	1	200653	n/a
391.916015625	n/a	0.0	1	200661	n/a
391.93359375	n/a	1.0	2	200670	n/a
391.94921875	n/a	0.0	1	200678	n/a
391.966796875	n/a	1.0	2	200687	n/a
391.982421875	n/a	0.0	1	200695	n/a
392.0	n/a	1.0	2	200704	n/a
392.015625	n/a	0.0	1	200712	n/a
392.033203125	n/a	1.0	2	200721	n/a
392.048828125	n/a	0.0	1	200729	n/a
392.06640625	n/a	1.0	2	200738	n/a
392.083984375	n/a	0.0	1	200747	n/a
392.099609375	n/a	1.0	2	200755	n/a
392.1171875	n/a	0.0	1	200764	n/a
392.1328125	n/a	1.0	2	200772	n/a
392.150390625	n/a	0.0	1	200781	n/a
392.166015625	n/a	1.0	2	200789	n/a
392.18359375	n/a	0.0	1	200798	n/a
392.19921875	n/a	1.0	2	200806	n/a
392.216796875	n/a	0.0	1	200815	n/a
392.232421875	n/a	1.0	2	200823	n/a
392.25	n/a	0.0	1	200832	n/a
392.265625	n/a	1.0	2	200840	n/a
392.283203125	n/a	1.0	2	200849	n/a
392.298828125	n/a	0.0	1	200857	n/a
392.31640625	n/a	0.0	1	200866	n/a
392.333984375	n/a	1.0	2	200875	n/a
392.349609375	n/a	0.0	1	200883	n/a
392.3671875	n/a	1.0	2	200892	n/a
392.3828125	n/a	1.0	2	200900	n/a
392.400390625	n/a	0.0	1	200909	n/a
392.416015625	n/a	0.0	1	200917	n/a
392.43359375	n/a	1.0	2	200926	n/a
392.44921875	n/a	1.0	2	200934	n/a
392.466796875	n/a	0.0	1	200943	n/a
392.482421875	n/a	0.0	1	200951	n/a
392.5	n/a	1.0	2	200960	n/a
392.515625	n/a	0.0	1	200968	n/a
392.533203125	n/a	1.0	2	200977	n/a
392.548828125	n/a	1.0	2	200985	n/a
392.56640625	n/a	0.0	1	200994	n/a
392.583984375	n/a	1.0	2	201003	n/a
392.599609375	n/a	0.0	1	201011	n/a
392.6171875	n/a	1.0	2	201020	n/a
392.6328125	n/a	0.0	1	201028	n/a
392.650390625	n/a	0.0	1	201037	n/a
392.666015625	n/a	1.0	2	201045	n/a
392.68359375	n/a	0.0	1	201054	n/a
392.69921875	n/a	1.0	2	201062	n/a
392.716796875	n/a	1.0	2	201071	n/a
392.732421875	n/a	0.0	1	201079	n/a
392.75	n/a	1.0	2	201088	n/a
392.765625	n/a	0.0	1	201096	n/a
392.783203125	n/a	1.0	2	201105	n/a
392.798828125	n/a	0.0	1	201113	n/a
392.81640625	n/a	0.0	1	201122	n/a
392.833984375	n/a	1.0	2	201131	n/a
392.849609375	n/a	1.0	2	201139	n/a
392.8671875	n/a	0.0	1	201148	n/a
392.8828125	n/a	1.0	2	201156	n/a
392.900390625	n/a	0.0	1	201165	n/a
392.916015625	n/a	1.0	2	201173	n/a
392.93359375	n/a	0.0	1	201182	n/a
392.94921875	n/a	1.0	2	201190	n/a
392.966796875	n/a	0.0	1	201199	n/a
392.982421875	n/a	1.0	2	201207	n/a
393.0	n/a	0.0	1	201216	n/a
393.015625	n/a	0.0	1	201224	n/a
393.033203125	n/a	1.0	2	201233	n/a
393.048828125	n/a	0.0	1	201241	n/a
393.06640625	n/a	1.0	2	201250	n/a
393.083984375	n/a	0.0	1	201259	n/a
393.099609375	n/a	1.0	2	201267	n/a
393.1171875	n/a	1.0	2	201276	n/a
393.1328125	n/a	0.0	1	201284	n/a
393.150390625	n/a	1.0	2	201293	n/a
393.166015625	n/a	0.0	1	201301	n/a
393.18359375	n/a	1.0	2	201310	n/a
393.19921875	n/a	0.0	1	201318	n/a
393.216796875	n/a	1.0	2	201327	n/a
393.232421875	n/a	0.0	1	201335	n/a
393.25	n/a	0.0	1	201344	n/a
393.265625	n/a	1.0	2	201352	n/a
393.283203125	n/a	0.0	1	201361	n/a
393.298828125	n/a	1.0	2	201369	n/a
393.31640625	n/a	1.0	2	201378	n/a
393.333984375	n/a	0.0	1	201387	n/a
393.349609375	n/a	0.0	1	201395	n/a
393.3671875	n/a	1.0	2	201404	n/a
393.3828125	n/a	0.0	1	201412	n/a
393.400390625	n/a	1.0	2	201421	n/a
393.416015625	n/a	1.0	2	201429	n/a
393.43359375	n/a	0.0	1	201438	n/a
393.44921875	n/a	1.0	2	201446	n/a
393.466796875	n/a	0.0	1	201455	n/a
393.482421875	n/a	1.0	2	201463	n/a
393.5	n/a	0.0	1	201472	n/a
393.515625	n/a	0.0	1	201480	n/a
393.533203125	n/a	1.0	2	201489	n/a
393.548828125	n/a	1.0	2	201497	n/a
393.56640625	n/a	0.0	1	201506	n/a
393.583984375	n/a	1.0	2	201515	n/a
393.599609375	n/a	0.0	1	201523	n/a
393.6171875	n/a	1.0	2	201532	n/a
393.6328125	n/a	0.0	1	201540	n/a
393.650390625	n/a	1.0	2	201549	n/a
393.666015625	n/a	0.0	1	201557	n/a
393.68359375	n/a	0.0	1	201566	n/a
393.69921875	n/a	1.0	2	201574	n/a
393.716796875	n/a	0.0	1	201583	n/a
393.732421875	n/a	1.0	2	201591	n/a
393.75	n/a	0.0	1	201600	n/a
393.765625	n/a	1.0	2	201608	n/a
393.783203125	n/a	1.0	2	201617	n/a
393.798828125	n/a	0.0	1	201625	n/a
393.81640625	n/a	1.0	2	201634	n/a
393.833984375	n/a	0.0	1	201643	n/a
393.849609375	n/a	0.0	1	201651	n/a
393.8671875	n/a	1.0	2	201660	n/a
393.8828125	n/a	1.0	2	201668	n/a
393.900390625	n/a	0.0	1	201677	n/a
393.916015625	n/a	1.0	2	201685	n/a
393.93359375	n/a	0.0	1	201694	n/a
393.94921875	n/a	1.0	2	201702	n/a
393.966796875	n/a	0.0	1	201711	n/a
393.982421875	n/a	1.0	2	201719	n/a
394.0	n/a	0.0	1	201728	n/a
394.015625	n/a	0.0	1	201736	n/a
394.033203125	n/a	1.0	2	201745	n/a
394.048828125	n/a	0.0	1	201753	n/a
394.06640625	n/a	1.0	2	201762	n/a
394.083984375	n/a	0.0	1	201771	n/a
394.099609375	n/a	1.0	2	201779	n/a
394.1171875	n/a	0.0	1	201788	n/a
394.1328125	n/a	1.0	2	201796	n/a
394.150390625	n/a	0.0	1	201805	n/a
394.166015625	n/a	1.0	2	201813	n/a
394.18359375	n/a	0.0	1	201822	n/a
394.19921875	n/a	1.0	2	201830	n/a
394.216796875	n/a	0.0	1	201839	n/a
394.232421875	n/a	1.0	2	201847	n/a
394.25	n/a	0.0	1	201856	n/a
394.265625	n/a	1.0	2	201864	n/a
394.283203125	n/a	0.0	1	201873	n/a
394.298828125	n/a	1.0	2	201881	n/a
394.31640625	n/a	0.0	1	201890	n/a
394.333984375	n/a	1.0	2	201899	n/a
394.349609375	n/a	0.0	1	201907	n/a
394.3671875	n/a	1.0	2	201916	n/a
394.3828125	n/a	1.0	2	201924	n/a
394.400390625	n/a	0.0	1	201933	n/a
394.416015625	n/a	0.0	1	201941	n/a
394.43359375	n/a	1.0	2	201950	n/a
394.44921875	n/a	0.0	1	201958	n/a
394.466796875	n/a	1.0	2	201967	n/a
394.482421875	n/a	1.0	2	201975	n/a
394.5	n/a	0.0	1	201984	n/a
394.515625	n/a	0.0	1	201992	n/a
394.533203125	n/a	1.0	2	202001	n/a
394.548828125	n/a	1.0	2	202009	n/a
394.56640625	n/a	0.0	1	202018	n/a
394.583984375	n/a	0.0	1	202027	n/a
394.599609375	n/a	1.0	2	202035	n/a
394.6171875	n/a	0.0	1	202044	n/a
394.6328125	n/a	1.0	2	202052	n/a
394.650390625	n/a	1.0	2	202061	n/a
394.666015625	n/a	0.0	1	202069	n/a
394.68359375	n/a	1.0	2	202078	n/a
394.69921875	n/a	0.0	1	202086	n/a
394.716796875	n/a	1.0	2	202095	n/a
394.732421875	n/a	0.0	1	202103	n/a
394.75	n/a	0.0	1	202112	n/a
394.765625	n/a	1.0	2	202120	n/a
394.783203125	n/a	0.0	1	202129	n/a
394.798828125	n/a	1.0	2	202137	n/a
394.81640625	n/a	1.0	2	202146	n/a
394.833984375	n/a	0.0	1	202155	n/a
394.849609375	n/a	1.0	2	202163	n/a
394.8671875	n/a	0.0	1	202172	n/a
394.8828125	n/a	1.0	2	202180	n/a
394.900390625	n/a	0.0	1	202189	n/a
394.916015625	n/a	0.0	1	202197	n/a
394.93359375	n/a	1.0	2	202206	n/a
394.94921875	n/a	1.0	2	202214	n/a
394.966796875	n/a	0.0	1	202223	n/a
394.982421875	n/a	1.0	2	202231	n/a
395.0	n/a	0.0	1	202240	n/a
395.015625	n/a	1.0	2	202248	n/a
395.033203125	n/a	0.0	1	202257	n/a
395.048828125	n/a	1.0	2	202265	n/a
395.06640625	n/a	0.0	1	202274	n/a
395.083984375	n/a	1.0	2	202283	n/a
395.099609375	n/a	0.0	1	202291	n/a
395.1171875	n/a	0.0	1	202300	n/a
395.1328125	n/a	1.0	2	202308	n/a
395.150390625	n/a	0.0	1	202317	n/a
395.166015625	n/a	1.0	2	202325	n/a
395.18359375	n/a	0.0	1	202334	n/a
395.19921875	n/a	1.0	2	202342	n/a
395.216796875	n/a	1.0	2	202351	n/a
395.232421875	n/a	0.0	1	202359	n/a
395.25	n/a	1.0	2	202368	n/a
395.265625	n/a	0.0	1	202376	n/a
395.283203125	n/a	1.0	2	202385	n/a
395.298828125	n/a	0.0	1	202393	n/a
395.31640625	n/a	1.0	2	202402	n/a
395.333984375	n/a	0.0	1	202411	n/a
395.349609375	n/a	0.0	1	202419	n/a
395.3671875	n/a	1.0	2	202428	n/a
395.3828125	n/a	0.0	1	202436	n/a
395.400390625	n/a	1.0	2	202445	n/a
395.416015625	n/a	1.0	2	202453	n/a
395.43359375	n/a	0.0	1	202462	n/a
395.44921875	n/a	0.0	1	202470	n/a
395.466796875	n/a	1.0	2	202479	n/a
395.482421875	n/a	0.0	1	202487	n/a
395.5	n/a	1.0	2	202496	n/a
395.515625	n/a	1.0	2	202504	n/a
395.533203125	n/a	0.0	1	202513	n/a
395.548828125	n/a	1.0	2	202521	n/a
395.56640625	n/a	0.0	1	202530	n/a
395.583984375	n/a	1.0	2	202539	n/a
395.599609375	n/a	0.0	1	202547	n/a
395.6171875	n/a	0.0	1	202556	n/a
395.6328125	n/a	1.0	2	202564	n/a
395.650390625	n/a	1.0	2	202573	n/a
395.666015625	n/a	0.0	1	202581	n/a
395.68359375	n/a	1.0	2	202590	n/a
395.69921875	n/a	0.0	1	202598	n/a
395.716796875	n/a	1.0	2	202607	n/a
395.732421875	n/a	0.0	1	202615	n/a
395.75	n/a	1.0	2	202624	n/a
395.765625	n/a	0.0	1	202632	n/a
395.783203125	n/a	0.0	1	202641	n/a
395.798828125	n/a	1.0	2	202649	n/a
395.81640625	n/a	0.0	1	202658	n/a
395.833984375	n/a	1.0	2	202667	n/a
395.849609375	n/a	0.0	1	202675	n/a
395.8671875	n/a	1.0	2	202684	n/a
395.8828125	n/a	1.0	2	202692	n/a
395.900390625	n/a	0.0	1	202701	n/a
395.916015625	n/a	1.0	2	202709	n/a
395.93359375	n/a	0.0	1	202718	n/a
395.94921875	n/a	0.0	1	202726	n/a
395.966796875	n/a	1.0	2	202735	n/a
395.982421875	n/a	1.0	2	202743	n/a
396.0	n/a	0.0	1	202752	n/a
396.015625	n/a	1.0	2	202760	n/a
396.033203125	n/a	0.0	1	202769	n/a
396.048828125	n/a	1.0	2	202777	n/a
396.06640625	n/a	0.0	1	202786	n/a
396.083984375	n/a	1.0	2	202795	n/a
396.099609375	n/a	0.0	1	202803	n/a
396.1171875	n/a	0.0	1	202812	n/a
396.1328125	n/a	1.0	2	202820	n/a
396.150390625	n/a	0.0	1	202829	n/a
396.166015625	n/a	1.0	2	202837	n/a
396.18359375	n/a	0.0	1	202846	n/a
396.19921875	n/a	1.0	2	202854	n/a
396.216796875	n/a	0.0	1	202863	n/a
396.232421875	n/a	1.0	2	202871	n/a
396.25	n/a	0.0	1	202880	n/a
396.265625	n/a	1.0	2	202888	n/a
396.283203125	n/a	0.0	1	202897	n/a
396.298828125	n/a	1.0	2	202905	n/a
396.31640625	n/a	0.0	1	202914	n/a
396.333984375	n/a	1.0	2	202923	n/a
396.349609375	n/a	0.0	1	202931	n/a
396.3671875	n/a	1.0	2	202940	n/a
396.3828125	n/a	0.0	1	202948	n/a
396.400390625	n/a	1.0	2	202957	n/a
396.416015625	n/a	0.0	1	202965	n/a
396.43359375	n/a	1.0	2	202974	n/a
396.44921875	n/a	0.0	1	202982	n/a
396.466796875	n/a	1.0	2	202991	n/a
396.482421875	n/a	1.0	2	202999	n/a
396.5	n/a	0.0	1	203008	n/a
396.515625	n/a	0.0	1	203016	n/a
396.533203125	n/a	1.0	2	203025	n/a
396.548828125	n/a	0.0	1	203033	n/a
396.56640625	n/a	1.0	2	203042	n/a
396.583984375	n/a	1.0	2	203051	n/a
396.599609375	n/a	0.0	1	203059	n/a
396.6171875	n/a	0.0	1	203068	n/a
396.6328125	n/a	1.0	2	203076	n/a
396.650390625	n/a	1.0	2	203085	n/a
396.666015625	n/a	0.0	1	203093	n/a
396.68359375	n/a	0.0	1	203102	n/a
396.69921875	n/a	1.0	2	203110	n/a
396.716796875	n/a	0.0	1	203119	n/a
396.732421875	n/a	1.0	2	203127	n/a
396.75	n/a	1.0	2	203136	n/a
396.765625	n/a	0.0	1	203144	n/a
396.783203125	n/a	1.0	2	203153	n/a
396.798828125	n/a	0.0	1	203161	n/a
396.81640625	n/a	1.0	2	203170	n/a
396.833984375	n/a	0.0	1	203179	n/a
396.849609375	n/a	0.0	1	203187	n/a
396.8671875	n/a	1.0	2	203196	n/a
396.8828125	n/a	0.0	1	203204	n/a
396.900390625	n/a	1.0	2	203213	n/a
396.916015625	n/a	1.0	2	203221	n/a
396.93359375	n/a	0.0	1	203230	n/a
396.94921875	n/a	1.0	2	203238	n/a
396.966796875	n/a	0.0	1	203247	n/a
396.982421875	n/a	1.0	2	203255	n/a
397.0	n/a	0.0	1	203264	n/a
397.015625	n/a	0.0	1	203272	n/a
397.033203125	n/a	1.0	2	203281	n/a
397.048828125	n/a	1.0	2	203289	n/a
397.06640625	n/a	0.0	1	203298	n/a
397.083984375	n/a	1.0	2	203307	n/a
397.099609375	n/a	0.0	1	203315	n/a
397.1171875	n/a	1.0	2	203324	n/a
397.1328125	n/a	0.0	1	203332	n/a
397.150390625	n/a	1.0	2	203341	n/a
397.166015625	n/a	0.0	1	203349	n/a
397.18359375	n/a	1.0	2	203358	n/a
397.19921875	n/a	0.0	1	203366	n/a
397.216796875	n/a	0.0	1	203375	n/a
397.232421875	n/a	1.0	2	203383	n/a
397.25	n/a	0.0	1	203392	n/a
397.265625	n/a	1.0	2	203400	n/a
397.283203125	n/a	0.0	1	203409	n/a
397.298828125	n/a	1.0	2	203417	n/a
397.31640625	n/a	1.0	2	203426	n/a
397.333984375	n/a	0.0	1	203435	n/a
397.349609375	n/a	1.0	2	203443	n/a
397.3671875	n/a	0.0	1	203452	n/a
397.3828125	n/a	1.0	2	203460	n/a
397.400390625	n/a	0.0	1	203469	n/a
397.416015625	n/a	1.0	2	203477	n/a
397.43359375	n/a	0.0	1	203486	n/a
397.44921875	n/a	0.0	1	203494	n/a
397.466796875	n/a	1.0	2	203503	n/a
397.482421875	n/a	0.0	1	203511	n/a
397.5	n/a	1.0	2	203520	n/a
397.515625	n/a	1.0	2	203528	n/a
397.533203125	n/a	0.0	1	203537	n/a
397.548828125	n/a	0.0	1	203545	n/a
397.56640625	n/a	1.0	2	203554	n/a
397.583984375	n/a	0.0	1	203563	n/a
397.599609375	n/a	1.0	2	203571	n/a
397.6171875	n/a	1.0	2	203580	n/a
397.6328125	n/a	0.0	1	203588	n/a
397.650390625	n/a	1.0	2	203597	n/a
397.666015625	n/a	0.0	1	203605	n/a
397.68359375	n/a	1.0	2	203614	n/a
397.69921875	n/a	0.0	1	203622	n/a
397.716796875	n/a	0.0	1	203631	n/a
397.732421875	n/a	1.0	2	203639	n/a
397.75	n/a	1.0	2	203648	n/a
397.765625	n/a	0.0	1	203656	n/a
397.783203125	n/a	1.0	2	203665	n/a
397.798828125	n/a	0.0	1	203673	n/a
397.81640625	n/a	1.0	2	203682	n/a
397.833984375	n/a	0.0	1	203691	n/a
397.849609375	n/a	1.0	2	203699	n/a
397.8671875	n/a	0.0	1	203708	n/a
397.8828125	n/a	0.0	1	203716	n/a
397.900390625	n/a	1.0	2	203725	n/a
397.916015625	n/a	0.0	1	203733	n/a
397.93359375	n/a	1.0	2	203742	n/a
397.94921875	n/a	0.0	1	203750	n/a
397.966796875	n/a	1.0	2	203759	n/a
397.982421875	n/a	1.0	2	203767	n/a
398.0	n/a	0.0	1	203776	n/a
398.015625	n/a	1.0	2	203784	n/a
398.033203125	n/a	0.0	1	203793	n/a
398.048828125	n/a	0.0	1	203801	n/a
398.06640625	n/a	1.0	2	203810	n/a
398.083984375	n/a	1.0	2	203819	n/a
398.099609375	n/a	0.0	1	203827	n/a
398.1171875	n/a	1.0	2	203836	n/a
398.1328125	n/a	0.0	1	203844	n/a
398.150390625	n/a	1.0	2	203853	n/a
398.166015625	n/a	0.0	1	203861	n/a
398.18359375	n/a	1.0	2	203870	n/a
398.19921875	n/a	0.0	1	203878	n/a
398.216796875	n/a	0.0	1	203887	n/a
398.232421875	n/a	1.0	2	203895	n/a
398.25	n/a	0.0	1	203904	n/a
398.265625	n/a	1.0	2	203912	n/a
398.283203125	n/a	0.0	1	203921	n/a
398.298828125	n/a	1.0	2	203929	n/a
398.31640625	n/a	0.0	1	203938	n/a
398.333984375	n/a	1.0	2	203947	n/a
398.349609375	n/a	0.0	1	203955	n/a
398.3671875	n/a	1.0	2	203964	n/a
398.3828125	n/a	0.0	1	203972	n/a
398.400390625	n/a	1.0	2	203981	n/a
398.416015625	n/a	0.0	1	203989	n/a
398.43359375	n/a	1.0	2	203998	n/a
398.44921875	n/a	0.0	1	204006	n/a
398.466796875	n/a	1.0	2	204015	n/a
398.482421875	n/a	0.0	1	204023	n/a
398.5	n/a	1.0	2	204032	n/a
398.515625	n/a	0.0	1	204040	n/a
398.533203125	n/a	1.0	2	204049	n/a
398.548828125	n/a	0.0	1	204057	n/a
398.56640625	n/a	1.0	2	204066	n/a
398.583984375	n/a	1.0	2	204075	n/a
398.599609375	n/a	0.0	1	204083	n/a
398.6171875	n/a	0.0	1	204092	n/a
398.6328125	n/a	1.0	2	204100	n/a
398.650390625	n/a	0.0	1	204109	n/a
398.666015625	n/a	1.0	2	204117	n/a
398.68359375	n/a	1.0	2	204126	n/a
398.69921875	n/a	0.0	1	204134	n/a
398.716796875	n/a	0.0	1	204143	n/a
398.732421875	n/a	1.0	2	204151	n/a
398.75	n/a	1.0	2	204160	n/a
398.765625	n/a	0.0	1	204168	n/a
398.783203125	n/a	0.0	1	204177	n/a
398.798828125	n/a	1.0	2	204185	n/a
398.81640625	n/a	0.0	1	204194	n/a
398.833984375	n/a	1.0	2	204203	n/a
398.849609375	n/a	1.0	2	204211	n/a
398.8671875	n/a	0.0	1	204220	n/a
398.8828125	n/a	1.0	2	204228	n/a
398.900390625	n/a	0.0	1	204237	n/a
398.916015625	n/a	1.0	2	204245	n/a
398.93359375	n/a	0.0	1	204254	n/a
398.94921875	n/a	0.0	1	204262	n/a
398.966796875	n/a	1.0	2	204271	n/a
398.982421875	n/a	0.0	1	204279	n/a
399.0	n/a	1.0	2	204288	n/a
399.015625	n/a	1.0	2	204296	n/a
399.033203125	n/a	0.0	1	204305	n/a
399.048828125	n/a	1.0	2	204313	n/a
399.06640625	n/a	0.0	1	204322	n/a
399.083984375	n/a	1.0	2	204331	n/a
399.099609375	n/a	0.0	1	204339	n/a
399.1171875	n/a	0.0	1	204348	n/a
399.1328125	n/a	1.0	2	204356	n/a
399.150390625	n/a	1.0	2	204365	n/a
399.166015625	n/a	0.0	1	204373	n/a
399.18359375	n/a	1.0	2	204382	n/a
399.19921875	n/a	0.0	1	204390	n/a
399.216796875	n/a	1.0	2	204399	n/a
399.232421875	n/a	0.0	1	204407	n/a
399.25	n/a	1.0	2	204416	n/a
399.265625	n/a	0.0	1	204424	n/a
399.283203125	n/a	1.0	2	204433	n/a
399.298828125	n/a	0.0	1	204441	n/a
399.31640625	n/a	0.0	1	204450	n/a
399.333984375	n/a	1.0	2	204459	n/a
399.349609375	n/a	0.0	1	204467	n/a
399.3671875	n/a	1.0	2	204476	n/a
399.3828125	n/a	0.0	1	204484	n/a
399.400390625	n/a	1.0	2	204493	n/a
399.416015625	n/a	1.0	2	204501	n/a
399.43359375	n/a	0.0	1	204510	n/a
399.44921875	n/a	1.0	2	204518	n/a
399.466796875	n/a	0.0	1	204527	n/a
399.482421875	n/a	1.0	2	204535	n/a
399.5	n/a	0.0	1	204544	n/a
399.515625	n/a	1.0	2	204552	n/a
399.533203125	n/a	0.0	1	204561	n/a
399.548828125	n/a	0.0	1	204569	n/a
399.56640625	n/a	1.0	2	204578	n/a
399.583984375	n/a	0.0	1	204587	n/a
399.599609375	n/a	1.0	2	204595	n/a
399.6171875	n/a	1.0	2	204604	n/a
399.6328125	n/a	0.0	1	204612	n/a
399.650390625	n/a	0.0	1	204621	n/a
399.666015625	n/a	1.0	2	204629	n/a
399.68359375	n/a	0.0	1	204638	n/a
399.69921875	n/a	1.0	2	204646	n/a
399.716796875	n/a	1.0	2	204655	n/a
399.732421875	n/a	0.0	1	204663	n/a
399.75	n/a	1.0	2	204672	n/a
399.765625	n/a	0.0	1	204680	n/a
399.783203125	n/a	1.0	2	204689	n/a
399.798828125	n/a	0.0	1	204697	n/a
399.81640625	n/a	0.0	1	204706	n/a
399.833984375	n/a	1.0	2	204715	n/a
399.849609375	n/a	1.0	2	204723	n/a
399.8671875	n/a	0.0	1	204732	n/a
399.8828125	n/a	1.0	2	204740	n/a
399.900390625	n/a	0.0	1	204749	n/a
399.916015625	n/a	1.0	2	204757	n/a
399.93359375	n/a	0.0	1	204766	n/a
399.94921875	n/a	1.0	2	204774	n/a
399.966796875	n/a	0.0	1	204783	n/a
399.982421875	n/a	0.0	1	204791	n/a
400.0	n/a	1.0	2	204800	n/a
400.015625	n/a	0.0	1	204808	n/a
400.033203125	n/a	1.0	2	204817	n/a
400.048828125	n/a	0.0	1	204825	n/a
400.06640625	n/a	1.0	2	204834	n/a
400.083984375	n/a	1.0	2	204843	n/a
400.099609375	n/a	0.0	1	204851	n/a
400.1171875	n/a	1.0	2	204860	n/a
400.1328125	n/a	0.0	1	204868	n/a
400.150390625	n/a	0.0	1	204877	n/a
400.166015625	n/a	1.0	2	204885	n/a
400.18359375	n/a	1.0	2	204894	n/a
400.19921875	n/a	0.0	1	204902	n/a
400.216796875	n/a	1.0	2	204911	n/a
400.232421875	n/a	0.0	1	204919	n/a
400.25	n/a	1.0	2	204928	n/a
400.265625	n/a	0.0	1	204936	n/a
400.283203125	n/a	1.0	2	204945	n/a
400.298828125	n/a	0.0	1	204953	n/a
400.31640625	n/a	0.0	1	204962	n/a
400.333984375	n/a	1.0	2	204971	n/a
400.349609375	n/a	0.0	1	204979	n/a
400.3671875	n/a	1.0	2	204988	n/a
400.3828125	n/a	0.0	1	204996	n/a
400.400390625	n/a	1.0	2	205005	n/a
400.416015625	n/a	0.0	1	205013	n/a
400.43359375	n/a	1.0	2	205022	n/a
400.44921875	n/a	0.0	1	205030	n/a
400.466796875	n/a	1.0	2	205039	n/a
400.482421875	n/a	0.0	1	205047	n/a
400.5	n/a	1.0	2	205056	n/a
400.515625	n/a	0.0	1	205064	n/a
400.533203125	n/a	1.0	2	205073	n/a
400.548828125	n/a	0.0	1	205081	n/a
400.56640625	n/a	1.0	2	205090	n/a
400.583984375	n/a	0.0	1	205099	n/a
400.599609375	n/a	1.0	2	205107	n/a
400.6171875	n/a	0.0	1	205116	n/a
400.6328125	n/a	1.0	2	205124	n/a
400.650390625	n/a	0.0	1	205133	n/a
400.666015625	n/a	1.0	2	205141	n/a
400.68359375	n/a	1.0	2	205150	n/a
400.69921875	n/a	0.0	1	205158	n/a
400.716796875	n/a	0.0	1	205167	n/a
400.732421875	n/a	1.0	2	205175	n/a
400.75	n/a	0.0	1	205184	n/a
400.765625	n/a	1.0	2	205192	n/a
400.783203125	n/a	1.0	2	205201	n/a
400.798828125	n/a	0.0	1	205209	n/a
400.81640625	n/a	0.0	1	205218	n/a
400.833984375	n/a	1.0	2	205227	n/a
400.849609375	n/a	1.0	2	205235	n/a
400.8671875	n/a	0.0	1	205244	n/a
400.8828125	n/a	0.0	1	205252	n/a
400.900390625	n/a	1.0	2	205261	n/a
400.916015625	n/a	0.0	1	205269	n/a
400.93359375	n/a	1.0	2	205278	n/a
400.94921875	n/a	1.0	2	205286	n/a
400.966796875	n/a	0.0	1	205295	n/a
400.982421875	n/a	1.0	2	205303	n/a
401.0	n/a	0.0	1	205312	n/a
401.015625	n/a	1.0	2	205320	n/a
401.033203125	n/a	0.0	1	205329	n/a
401.048828125	n/a	0.0	1	205337	n/a
401.06640625	n/a	1.0	2	205346	n/a
401.083984375	n/a	0.0	1	205355	n/a
401.099609375	n/a	1.0	2	205363	n/a
401.1171875	n/a	1.0	2	205372	n/a
401.1328125	n/a	0.0	1	205380	n/a
401.150390625	n/a	1.0	2	205389	n/a
401.166015625	n/a	0.0	1	205397	n/a
401.18359375	n/a	1.0	2	205406	n/a
401.19921875	n/a	0.0	1	205414	n/a
401.216796875	n/a	0.0	1	205423	n/a
401.232421875	n/a	1.0	2	205431	n/a
401.25	n/a	1.0	2	205440	n/a
401.265625	n/a	0.0	1	205448	n/a
401.283203125	n/a	1.0	2	205457	n/a
401.298828125	n/a	0.0	1	205465	n/a
401.31640625	n/a	1.0	2	205474	n/a
401.333984375	n/a	0.0	1	205483	n/a
401.349609375	n/a	1.0	2	205491	n/a
401.3671875	n/a	0.0	1	205500	n/a
401.3828125	n/a	1.0	2	205508	n/a
401.400390625	n/a	0.0	1	205517	n/a
401.416015625	n/a	0.0	1	205525	n/a
401.43359375	n/a	1.0	2	205534	n/a
401.44921875	n/a	0.0	1	205542	n/a
401.466796875	n/a	1.0	2	205551	n/a
401.482421875	n/a	0.0	1	205559	n/a
401.5	n/a	1.0	2	205568	n/a
401.515625	n/a	1.0	2	205576	n/a
401.533203125	n/a	0.0	1	205585	n/a
401.548828125	n/a	1.0	2	205593	n/a
401.56640625	n/a	0.0	1	205602	n/a
401.583984375	n/a	1.0	2	205611	n/a
401.599609375	n/a	0.0	1	205619	n/a
401.6171875	n/a	1.0	2	205628	n/a
401.6328125	n/a	0.0	1	205636	n/a
401.650390625	n/a	0.0	1	205645	n/a
401.666015625	n/a	1.0	2	205653	n/a
401.68359375	n/a	0.0	1	205662	n/a
401.69921875	n/a	1.0	2	205670	n/a
401.716796875	n/a	1.0	2	205679	n/a
401.732421875	n/a	0.0	1	205687	n/a
401.75	n/a	0.0	1	205696	n/a
401.765625	n/a	1.0	2	205704	n/a
401.783203125	n/a	0.0	1	205713	n/a
401.798828125	n/a	1.0	2	205721	n/a
401.81640625	n/a	1.0	2	205730	n/a
401.833984375	n/a	0.0	1	205739	n/a
401.849609375	n/a	1.0	2	205747	n/a
401.8671875	n/a	0.0	1	205756	n/a
401.8828125	n/a	1.0	2	205764	n/a
401.900390625	n/a	0.0	1	205773	n/a
401.916015625	n/a	0.0	1	205781	n/a
401.93359375	n/a	1.0	2	205790	n/a
401.94921875	n/a	1.0	2	205798	n/a
401.966796875	n/a	0.0	1	205807	n/a
401.982421875	n/a	1.0	2	205815	n/a
402.0	n/a	0.0	1	205824	n/a
402.015625	n/a	1.0	2	205832	n/a
402.033203125	n/a	0.0	1	205841	n/a
402.048828125	n/a	1.0	2	205849	n/a
402.06640625	n/a	0.0	1	205858	n/a
402.083984375	n/a	0.0	1	205867	n/a
402.099609375	n/a	1.0	2	205875	n/a
402.1171875	n/a	0.0	1	205884	n/a
402.1328125	n/a	1.0	2	205892	n/a
402.150390625	n/a	0.0	1	205901	n/a
402.166015625	n/a	1.0	2	205909	n/a
402.18359375	n/a	1.0	2	205918	n/a
402.19921875	n/a	0.0	1	205926	n/a
402.216796875	n/a	1.0	2	205935	n/a
402.232421875	n/a	0.0	1	205943	n/a
402.25	n/a	0.0	1	205952	n/a
402.265625	n/a	1.0	2	205960	n/a
402.283203125	n/a	1.0	2	205969	n/a
402.298828125	n/a	0.0	1	205977	n/a
402.31640625	n/a	1.0	2	205986	n/a
402.333984375	n/a	0.0	1	205995	n/a
402.349609375	n/a	1.0	2	206003	n/a
402.3671875	n/a	0.0	1	206012	n/a
402.3828125	n/a	1.0	2	206020	n/a
402.400390625	n/a	0.0	1	206029	n/a
402.416015625	n/a	0.0	1	206037	n/a
402.43359375	n/a	1.0	2	206046	n/a
402.44921875	n/a	0.0	1	206054	n/a
402.466796875	n/a	1.0	2	206063	n/a
402.482421875	n/a	0.0	1	206071	n/a
402.5	n/a	1.0	2	206080	n/a
402.515625	n/a	0.0	1	206088	n/a
402.533203125	n/a	1.0	2	206097	n/a
402.548828125	n/a	0.0	1	206105	n/a
402.56640625	n/a	1.0	2	206114	n/a
402.583984375	n/a	0.0	1	206123	n/a
402.599609375	n/a	1.0	2	206131	n/a
402.6171875	n/a	0.0	1	206140	n/a
402.6328125	n/a	1.0	2	206148	n/a
402.650390625	n/a	0.0	1	206157	n/a
402.666015625	n/a	1.0	2	206165	n/a
402.68359375	n/a	0.0	1	206174	n/a
402.69921875	n/a	1.0	2	206182	n/a
402.716796875	n/a	0.0	1	206191	n/a
402.732421875	n/a	1.0	2	206199	n/a
402.75	n/a	0.0	1	206208	n/a
402.765625	n/a	1.0	2	206216	n/a
402.783203125	n/a	1.0	2	206225	n/a
402.798828125	n/a	0.0	1	206233	n/a
402.81640625	n/a	0.0	1	206242	n/a
402.833984375	n/a	1.0	2	206251	n/a
402.849609375	n/a	0.0	1	206259	n/a
402.8671875	n/a	1.0	2	206268	n/a
402.8828125	n/a	1.0	2	206276	n/a
402.900390625	n/a	0.0	1	206285	n/a
402.916015625	n/a	0.0	1	206293	n/a
402.93359375	n/a	1.0	2	206302	n/a
402.94921875	n/a	1.0	2	206310	n/a
402.966796875	n/a	0.0	1	206319	n/a
402.982421875	n/a	0.0	1	206327	n/a
403.0	n/a	1.0	2	206336	n/a
403.015625	n/a	0.0	1	206344	n/a
403.033203125	n/a	1.0	2	206353	n/a
403.048828125	n/a	1.0	2	206361	n/a
403.06640625	n/a	0.0	1	206370	n/a
403.083984375	n/a	1.0	2	206379	n/a
403.099609375	n/a	0.0	1	206387	n/a
403.1171875	n/a	1.0	2	206396	n/a
403.1328125	n/a	0.0	1	206404	n/a
403.150390625	n/a	0.0	1	206413	n/a
403.166015625	n/a	1.0	2	206421	n/a
403.18359375	n/a	0.0	1	206430	n/a
403.19921875	n/a	1.0	2	206438	n/a
403.216796875	n/a	1.0	2	206447	n/a
403.232421875	n/a	0.0	1	206455	n/a
403.25	n/a	1.0	2	206464	n/a
403.265625	n/a	0.0	1	206472	n/a
403.283203125	n/a	1.0	2	206481	n/a
403.298828125	n/a	0.0	1	206489	n/a
403.31640625	n/a	0.0	1	206498	n/a
403.333984375	n/a	1.0	2	206507	n/a
403.349609375	n/a	1.0	2	206515	n/a
403.3671875	n/a	0.0	1	206524	n/a
403.3828125	n/a	1.0	2	206532	n/a
403.400390625	n/a	0.0	1	206541	n/a
403.416015625	n/a	1.0	2	206549	n/a
403.43359375	n/a	0.0	1	206558	n/a
403.44921875	n/a	1.0	2	206566	n/a
403.466796875	n/a	0.0	1	206575	n/a
403.482421875	n/a	1.0	2	206583	n/a
403.5	n/a	0.0	1	206592	n/a
403.515625	n/a	0.0	1	206600	n/a
403.533203125	n/a	1.0	2	206609	n/a
403.548828125	n/a	0.0	1	206617	n/a
403.56640625	n/a	1.0	2	206626	n/a
403.583984375	n/a	0.0	1	206635	n/a
403.599609375	n/a	1.0	2	206643	n/a
403.6171875	n/a	1.0	2	206652	n/a
403.6328125	n/a	0.0	1	206660	n/a
403.650390625	n/a	1.0	2	206669	n/a
403.666015625	n/a	0.0	1	206677	n/a
403.68359375	n/a	1.0	2	206686	n/a
403.69921875	n/a	0.0	1	206694	n/a
403.716796875	n/a	1.0	2	206703	n/a
403.732421875	n/a	0.0	1	206711	n/a
403.75	n/a	0.0	1	206720	n/a
403.765625	n/a	1.0	2	206728	n/a
403.783203125	n/a	0.0	1	206737	n/a
403.798828125	n/a	1.0	2	206745	n/a
405.0859375	n/a	0.0	1	207404	5.0
405.103515625	n/a	1.0	2	207413	n/a
405.119140625	n/a	1.0	2	207421	n/a
405.13671875	n/a	0.0	1	207430	n/a
405.15234375	n/a	1.0	2	207438	n/a
405.169921875	n/a	0.0	1	207447	n/a
405.185546875	n/a	1.0	2	207455	n/a
405.203125	n/a	0.0	1	207464	n/a
405.21875	n/a	0.0	1	207472	n/a
405.236328125	n/a	1.0	2	207481	n/a
405.251953125	n/a	0.0	1	207489	n/a
405.26953125	n/a	1.0	2	207498	n/a
405.28515625	n/a	0.0	1	207506	n/a
405.302734375	n/a	1.0	2	207515	n/a
405.318359375	n/a	0.0	1	207523	n/a
405.3359375	n/a	1.0	2	207532	n/a
405.353515625	n/a	1.0	2	207541	n/a
405.369140625	n/a	0.0	1	207549	n/a
405.38671875	n/a	1.0	2	207558	n/a
405.40234375	n/a	0.0	1	207566	n/a
405.419921875	n/a	0.0	1	207575	n/a
405.435546875	n/a	1.0	2	207583	n/a
405.453125	n/a	0.0	1	207592	n/a
405.46875	n/a	1.0	2	207600	n/a
405.486328125	n/a	0.0	1	207609	n/a
405.501953125	n/a	1.0	2	207617	n/a
405.51953125	n/a	1.0	2	207626	n/a
405.53515625	n/a	0.0	1	207634	n/a
405.552734375	n/a	0.0	1	207643	n/a
405.568359375	n/a	1.0	2	207651	n/a
405.5859375	n/a	0.0	1	207660	n/a
405.603515625	n/a	1.0	2	207669	n/a
405.619140625	n/a	0.0	1	207677	n/a
405.63671875	n/a	1.0	2	207686	n/a
405.65234375	n/a	1.0	2	207694	n/a
405.669921875	n/a	0.0	1	207703	n/a
405.685546875	n/a	1.0	2	207711	n/a
405.703125	n/a	0.0	1	207720	n/a
405.71875	n/a	0.0	1	207728	n/a
405.736328125	n/a	1.0	2	207737	n/a
405.751953125	n/a	1.0	2	207745	n/a
405.76953125	n/a	0.0	1	207754	n/a
405.78515625	n/a	1.0	2	207762	n/a
405.802734375	n/a	0.0	1	207771	n/a
405.818359375	n/a	1.0	2	207779	n/a
405.8359375	n/a	0.0	1	207788	n/a
405.853515625	n/a	1.0	2	207797	n/a
405.869140625	n/a	0.0	1	207805	n/a
405.88671875	n/a	1.0	2	207814	n/a
405.90234375	n/a	0.0	1	207822	n/a
405.919921875	n/a	0.0	1	207831	n/a
405.935546875	n/a	1.0	2	207839	n/a
405.953125	n/a	0.0	1	207848	n/a
405.96875	n/a	1.0	2	207856	n/a
405.986328125	n/a	1.0	2	207865	n/a
406.001953125	n/a	0.0	1	207873	n/a
406.01953125	n/a	0.0	1	207882	n/a
406.03515625	n/a	1.0	2	207890	n/a
406.052734375	n/a	1.0	2	207899	n/a
406.068359375	n/a	0.0	1	207907	n/a
406.0859375	n/a	0.0	1	207916	n/a
406.103515625	n/a	1.0	2	207925	n/a
406.119140625	n/a	0.0	1	207933	n/a
406.13671875	n/a	1.0	2	207942	n/a
406.15234375	n/a	1.0	2	207950	n/a
406.169921875	n/a	0.0	1	207959	n/a
406.185546875	n/a	1.0	2	207967	n/a
406.203125	n/a	0.0	1	207976	n/a
406.21875	n/a	1.0	2	207984	n/a
406.236328125	n/a	0.0	1	207993	n/a
406.251953125	n/a	1.0	2	208001	n/a
406.26953125	n/a	0.0	1	208010	n/a
406.28515625	n/a	0.0	1	208018	n/a
406.302734375	n/a	1.0	2	208027	n/a
406.318359375	n/a	1.0	2	208035	n/a
406.3359375	n/a	0.0	1	208044	n/a
406.353515625	n/a	0.0	1	208053	n/a
406.369140625	n/a	1.0	2	208061	n/a
406.38671875	n/a	1.0	2	208070	n/a
406.40234375	n/a	0.0	1	208078	n/a
406.419921875	n/a	1.0	2	208087	n/a
406.435546875	n/a	0.0	1	208095	n/a
406.453125	n/a	1.0	2	208104	n/a
406.46875	n/a	0.0	1	208112	n/a
406.486328125	n/a	1.0	2	208121	n/a
406.501953125	n/a	0.0	1	208129	n/a
406.51953125	n/a	0.0	1	208138	n/a
406.53515625	n/a	1.0	2	208146	n/a
406.552734375	n/a	0.0	1	208155	n/a
406.568359375	n/a	1.0	2	208163	n/a
406.5859375	n/a	0.0	1	208172	n/a
406.603515625	n/a	1.0	2	208181	n/a
406.619140625	n/a	0.0	1	208189	n/a
406.63671875	n/a	1.0	2	208198	n/a
406.65234375	n/a	0.0	1	208206	n/a
406.669921875	n/a	1.0	2	208215	n/a
406.685546875	n/a	1.0	2	208223	n/a
406.703125	n/a	0.0	1	208232	n/a
406.71875	n/a	0.0	1	208240	n/a
406.736328125	n/a	1.0	2	208249	n/a
406.751953125	n/a	0.0	1	208257	n/a
406.76953125	n/a	1.0	2	208266	n/a
406.78515625	n/a	1.0	2	208274	n/a
406.802734375	n/a	0.0	1	208283	n/a
406.818359375	n/a	0.0	1	208291	n/a
406.8359375	n/a	1.0	2	208300	n/a
406.853515625	n/a	1.0	2	208309	n/a
406.869140625	n/a	0.0	1	208317	n/a
406.88671875	n/a	1.0	2	208326	n/a
406.90234375	n/a	0.0	1	208334	n/a
406.919921875	n/a	0.0	1	208343	n/a
406.935546875	n/a	1.0	2	208351	n/a
406.953125	n/a	1.0	2	208360	n/a
406.96875	n/a	0.0	1	208368	n/a
406.986328125	n/a	0.0	1	208377	n/a
407.001953125	n/a	1.0	2	208385	n/a
407.01953125	n/a	1.0	2	208394	n/a
407.03515625	n/a	0.0	1	208402	n/a
407.052734375	n/a	1.0	2	208411	n/a
407.068359375	n/a	0.0	1	208419	n/a
407.0859375	n/a	0.0	1	208428	n/a
407.103515625	n/a	1.0	2	208437	n/a
407.119140625	n/a	1.0	2	208445	n/a
407.13671875	n/a	0.0	1	208454	n/a
407.15234375	n/a	0.0	1	208462	n/a
407.169921875	n/a	1.0	2	208471	n/a
407.185546875	n/a	0.0	1	208479	n/a
407.203125	n/a	1.0	2	208488	n/a
407.21875	n/a	1.0	2	208496	n/a
407.236328125	n/a	0.0	1	208505	n/a
407.251953125	n/a	1.0	2	208513	n/a
407.26953125	n/a	0.0	1	208522	n/a
407.28515625	n/a	1.0	2	208530	n/a
407.302734375	n/a	0.0	1	208539	n/a
407.318359375	n/a	0.0	1	208547	n/a
407.3359375	n/a	1.0	2	208556	n/a
407.353515625	n/a	0.0	1	208565	n/a
407.369140625	n/a	1.0	2	208573	n/a
407.38671875	n/a	0.0	1	208582	n/a
407.40234375	n/a	1.0	2	208590	n/a
407.419921875	n/a	0.0	1	208599	n/a
407.435546875	n/a	1.0	2	208607	n/a
407.453125	n/a	1.0	2	208616	n/a
407.46875	n/a	0.0	1	208624	n/a
407.486328125	n/a	1.0	2	208633	n/a
407.501953125	n/a	0.0	1	208641	n/a
407.51953125	n/a	0.0	1	208650	n/a
407.53515625	n/a	1.0	2	208658	n/a
407.552734375	n/a	0.0	1	208667	n/a
407.568359375	n/a	1.0	2	208675	n/a
407.5859375	n/a	0.0	1	208684	n/a
407.603515625	n/a	1.0	2	208693	n/a
407.619140625	n/a	1.0	2	208701	n/a
407.63671875	n/a	0.0	1	208710	n/a
407.65234375	n/a	0.0	1	208718	n/a
407.669921875	n/a	1.0	2	208727	n/a
407.685546875	n/a	0.0	1	208735	n/a
407.703125	n/a	1.0	2	208744	n/a
407.71875	n/a	0.0	1	208752	n/a
407.736328125	n/a	1.0	2	208761	n/a
407.751953125	n/a	1.0	2	208769	n/a
407.76953125	n/a	0.0	1	208778	n/a
407.78515625	n/a	1.0	2	208786	n/a
407.802734375	n/a	0.0	1	208795	n/a
407.818359375	n/a	0.0	1	208803	n/a
407.8359375	n/a	1.0	2	208812	n/a
407.853515625	n/a	1.0	2	208821	n/a
407.869140625	n/a	0.0	1	208829	n/a
407.88671875	n/a	1.0	2	208838	n/a
407.90234375	n/a	0.0	1	208846	n/a
407.919921875	n/a	1.0	2	208855	n/a
407.935546875	n/a	0.0	1	208863	n/a
407.953125	n/a	1.0	2	208872	n/a
407.96875	n/a	0.0	1	208880	n/a
407.986328125	n/a	1.0	2	208889	n/a
408.001953125	n/a	0.0	1	208897	n/a
408.01953125	n/a	0.0	1	208906	n/a
408.03515625	n/a	1.0	2	208914	n/a
408.052734375	n/a	0.0	1	208923	n/a
408.068359375	n/a	1.0	2	208931	n/a
408.0859375	n/a	1.0	2	208940	n/a
408.103515625	n/a	0.0	1	208949	n/a
408.119140625	n/a	0.0	1	208957	n/a
408.13671875	n/a	1.0	2	208966	n/a
408.15234375	n/a	1.0	2	208974	n/a
408.169921875	n/a	0.0	1	208983	n/a
408.185546875	n/a	0.0	1	208991	n/a
408.203125	n/a	1.0	2	209000	n/a
408.21875	n/a	0.0	1	209008	n/a
408.236328125	n/a	1.0	2	209017	n/a
408.251953125	n/a	1.0	2	209025	n/a
408.26953125	n/a	0.0	1	209034	n/a
408.28515625	n/a	1.0	2	209042	n/a
408.302734375	n/a	0.0	1	209051	n/a
408.318359375	n/a	1.0	2	209059	n/a
408.3359375	n/a	0.0	1	209068	n/a
408.353515625	n/a	1.0	2	209077	n/a
408.369140625	n/a	0.0	1	209085	n/a
408.38671875	n/a	0.0	1	209094	n/a
408.40234375	n/a	1.0	2	209102	n/a
408.419921875	n/a	1.0	2	209111	n/a
408.435546875	n/a	0.0	1	209119	n/a
408.453125	n/a	0.0	1	209128	n/a
408.46875	n/a	1.0	2	209136	n/a
408.486328125	n/a	1.0	2	209145	n/a
408.501953125	n/a	0.0	1	209153	n/a
408.51953125	n/a	1.0	2	209162	n/a
408.53515625	n/a	0.0	1	209170	n/a
408.552734375	n/a	1.0	2	209179	n/a
408.568359375	n/a	0.0	1	209187	n/a
408.5859375	n/a	1.0	2	209196	n/a
408.603515625	n/a	0.0	1	209205	n/a
408.619140625	n/a	0.0	1	209213	n/a
408.63671875	n/a	1.0	2	209222	n/a
408.65234375	n/a	0.0	1	209230	n/a
408.669921875	n/a	1.0	2	209239	n/a
408.685546875	n/a	0.0	1	209247	n/a
408.703125	n/a	1.0	2	209256	n/a
408.71875	n/a	0.0	1	209264	n/a
408.736328125	n/a	1.0	2	209273	n/a
408.751953125	n/a	0.0	1	209281	n/a
408.76953125	n/a	1.0	2	209290	n/a
408.78515625	n/a	1.0	2	209298	n/a
408.802734375	n/a	0.0	1	209307	n/a
408.818359375	n/a	0.0	1	209315	n/a
408.8359375	n/a	1.0	2	209324	n/a
408.853515625	n/a	0.0	1	209333	n/a
408.869140625	n/a	1.0	2	209341	n/a
408.88671875	n/a	1.0	2	209350	n/a
408.90234375	n/a	0.0	1	209358	n/a
408.919921875	n/a	0.0	1	209367	n/a
408.935546875	n/a	1.0	2	209375	n/a
408.953125	n/a	1.0	2	209384	n/a
408.96875	n/a	0.0	1	209392	n/a
408.986328125	n/a	1.0	2	209401	n/a
409.001953125	n/a	0.0	1	209409	n/a
409.01953125	n/a	0.0	1	209418	n/a
409.03515625	n/a	1.0	2	209426	n/a
409.052734375	n/a	1.0	2	209435	n/a
409.068359375	n/a	0.0	1	209443	n/a
409.0859375	n/a	0.0	1	209452	n/a
409.103515625	n/a	1.0	2	209461	n/a
409.119140625	n/a	1.0	2	209469	n/a
409.13671875	n/a	0.0	1	209478	n/a
409.15234375	n/a	1.0	2	209486	n/a
409.169921875	n/a	0.0	1	209495	n/a
409.185546875	n/a	0.0	1	209503	n/a
409.203125	n/a	1.0	2	209512	n/a
409.21875	n/a	1.0	2	209520	n/a
409.236328125	n/a	0.0	1	209529	n/a
409.251953125	n/a	0.0	1	209537	n/a
409.26953125	n/a	1.0	2	209546	n/a
409.28515625	n/a	0.0	1	209554	n/a
409.302734375	n/a	1.0	2	209563	n/a
409.318359375	n/a	1.0	2	209571	n/a
409.3359375	n/a	0.0	1	209580	n/a
409.353515625	n/a	1.0	2	209589	n/a
409.369140625	n/a	0.0	1	209597	n/a
409.38671875	n/a	1.0	2	209606	n/a
409.40234375	n/a	0.0	1	209614	n/a
409.419921875	n/a	0.0	1	209623	n/a
409.435546875	n/a	1.0	2	209631	n/a
409.453125	n/a	0.0	1	209640	n/a
409.46875	n/a	1.0	2	209648	n/a
409.486328125	n/a	0.0	1	209657	n/a
409.501953125	n/a	1.0	2	209665	n/a
409.51953125	n/a	0.0	1	209674	n/a
409.53515625	n/a	1.0	2	209682	n/a
409.552734375	n/a	1.0	2	209691	n/a
409.568359375	n/a	0.0	1	209699	n/a
409.5859375	n/a	1.0	2	209708	n/a
409.603515625	n/a	0.0	1	209717	n/a
409.619140625	n/a	0.0	1	209725	n/a
409.63671875	n/a	1.0	2	209734	n/a
409.65234375	n/a	0.0	1	209742	n/a
409.669921875	n/a	1.0	2	209751	n/a
409.685546875	n/a	0.0	1	209759	n/a
409.703125	n/a	1.0	2	209768	n/a
409.71875	n/a	1.0	2	209776	n/a
409.736328125	n/a	0.0	1	209785	n/a
409.751953125	n/a	0.0	1	209793	n/a
409.76953125	n/a	1.0	2	209802	n/a
409.78515625	n/a	0.0	1	209810	n/a
409.802734375	n/a	1.0	2	209819	n/a
409.818359375	n/a	0.0	1	209827	n/a
409.8359375	n/a	1.0	2	209836	n/a
409.853515625	n/a	1.0	2	209845	n/a
409.869140625	n/a	0.0	1	209853	n/a
409.88671875	n/a	1.0	2	209862	n/a
409.90234375	n/a	0.0	1	209870	n/a
409.919921875	n/a	0.0	1	209879	n/a
409.935546875	n/a	1.0	2	209887	n/a
409.953125	n/a	1.0	2	209896	n/a
409.96875	n/a	0.0	1	209904	n/a
409.986328125	n/a	1.0	2	209913	n/a
410.001953125	n/a	0.0	1	209921	n/a
410.01953125	n/a	1.0	2	209930	n/a
410.03515625	n/a	0.0	1	209938	n/a
410.052734375	n/a	1.0	2	209947	n/a
410.068359375	n/a	0.0	1	209955	n/a
410.0859375	n/a	1.0	2	209964	n/a
410.103515625	n/a	0.0	1	209973	n/a
410.119140625	n/a	0.0	1	209981	n/a
410.13671875	n/a	1.0	2	209990	n/a
410.15234375	n/a	0.0	1	209998	n/a
410.169921875	n/a	1.0	2	210007	n/a
410.185546875	n/a	1.0	2	210015	n/a
410.203125	n/a	0.0	1	210024	n/a
410.21875	n/a	0.0	1	210032	n/a
410.236328125	n/a	1.0	2	210041	n/a
410.251953125	n/a	1.0	2	210049	n/a
410.26953125	n/a	0.0	1	210058	n/a
410.28515625	n/a	0.0	1	210066	n/a
410.302734375	n/a	1.0	2	210075	n/a
410.318359375	n/a	0.0	1	210083	n/a
410.3359375	n/a	1.0	2	210092	n/a
410.353515625	n/a	1.0	2	210101	n/a
410.369140625	n/a	0.0	1	210109	n/a
410.38671875	n/a	1.0	2	210118	n/a
410.40234375	n/a	0.0	1	210126	n/a
410.419921875	n/a	1.0	2	210135	n/a
410.435546875	n/a	0.0	1	210143	n/a
410.453125	n/a	1.0	2	210152	n/a
410.46875	n/a	0.0	1	210160	n/a
410.486328125	n/a	0.0	1	210169	n/a
410.501953125	n/a	1.0	2	210177	n/a
410.51953125	n/a	1.0	2	210186	n/a
410.53515625	n/a	0.0	1	210194	n/a
410.552734375	n/a	0.0	1	210203	n/a
410.568359375	n/a	1.0	2	210211	n/a
410.5859375	n/a	1.0	2	210220	n/a
410.603515625	n/a	0.0	1	210229	n/a
410.619140625	n/a	1.0	2	210237	n/a
410.63671875	n/a	0.0	1	210246	n/a
410.65234375	n/a	1.0	2	210254	n/a
410.669921875	n/a	0.0	1	210263	n/a
410.685546875	n/a	1.0	2	210271	n/a
410.703125	n/a	0.0	1	210280	n/a
410.71875	n/a	0.0	1	210288	n/a
410.736328125	n/a	1.0	2	210297	n/a
410.751953125	n/a	0.0	1	210305	n/a
410.76953125	n/a	1.0	2	210314	n/a
410.78515625	n/a	0.0	1	210322	n/a
410.802734375	n/a	1.0	2	210331	n/a
410.818359375	n/a	0.0	1	210339	n/a
410.8359375	n/a	1.0	2	210348	n/a
410.853515625	n/a	0.0	1	210357	n/a
410.869140625	n/a	1.0	2	210365	n/a
410.88671875	n/a	1.0	2	210374	n/a
410.90234375	n/a	0.0	1	210382	n/a
410.919921875	n/a	0.0	1	210391	n/a
410.935546875	n/a	1.0	2	210399	n/a
410.953125	n/a	0.0	1	210408	n/a
410.96875	n/a	1.0	2	210416	n/a
410.986328125	n/a	1.0	2	210425	n/a
411.001953125	n/a	0.0	1	210433	n/a
411.01953125	n/a	0.0	1	210442	n/a
411.03515625	n/a	1.0	2	210450	n/a
411.052734375	n/a	1.0	2	210459	n/a
411.068359375	n/a	0.0	1	210467	n/a
411.0859375	n/a	1.0	2	210476	n/a
411.103515625	n/a	0.0	1	210485	n/a
411.119140625	n/a	0.0	1	210493	n/a
411.13671875	n/a	1.0	2	210502	n/a
411.15234375	n/a	1.0	2	210510	n/a
411.169921875	n/a	0.0	1	210519	n/a
411.185546875	n/a	0.0	1	210527	n/a
411.203125	n/a	1.0	2	210536	n/a
411.21875	n/a	1.0	2	210544	n/a
411.236328125	n/a	0.0	1	210553	n/a
411.251953125	n/a	1.0	2	210561	n/a
411.26953125	n/a	0.0	1	210570	n/a
411.28515625	n/a	0.0	1	210578	n/a
411.302734375	n/a	1.0	2	210587	n/a
411.318359375	n/a	1.0	2	210595	n/a
411.3359375	n/a	0.0	1	210604	n/a
411.353515625	n/a	0.0	1	210613	n/a
411.369140625	n/a	1.0	2	210621	n/a
411.38671875	n/a	0.0	1	210630	n/a
411.40234375	n/a	1.0	2	210638	n/a
411.419921875	n/a	1.0	2	210647	n/a
411.435546875	n/a	0.0	1	210655	n/a
411.453125	n/a	1.0	2	210664	n/a
411.46875	n/a	0.0	1	210672	n/a
411.486328125	n/a	1.0	2	210681	n/a
411.501953125	n/a	0.0	1	210689	n/a
411.51953125	n/a	0.0	1	210698	n/a
411.53515625	n/a	1.0	2	210706	n/a
411.552734375	n/a	0.0	1	210715	n/a
411.568359375	n/a	1.0	2	210723	n/a
411.5859375	n/a	0.0	1	210732	n/a
411.603515625	n/a	1.0	2	210741	n/a
411.619140625	n/a	0.0	1	210749	n/a
411.63671875	n/a	1.0	2	210758	n/a
411.65234375	n/a	1.0	2	210766	n/a
411.669921875	n/a	0.0	1	210775	n/a
411.685546875	n/a	1.0	2	210783	n/a
411.703125	n/a	0.0	1	210792	n/a
411.71875	n/a	0.0	1	210800	n/a
411.736328125	n/a	1.0	2	210809	n/a
411.751953125	n/a	0.0	1	210817	n/a
411.76953125	n/a	1.0	2	210826	n/a
411.78515625	n/a	0.0	1	210834	n/a
411.802734375	n/a	1.0	2	210843	n/a
411.818359375	n/a	1.0	2	210851	n/a
411.8359375	n/a	0.0	1	210860	n/a
411.853515625	n/a	0.0	1	210869	n/a
411.869140625	n/a	1.0	2	210877	n/a
411.88671875	n/a	0.0	1	210886	n/a
411.90234375	n/a	1.0	2	210894	n/a
411.919921875	n/a	0.0	1	210903	n/a
411.935546875	n/a	1.0	2	210911	n/a
411.953125	n/a	1.0	2	210920	n/a
411.96875	n/a	0.0	1	210928	n/a
411.986328125	n/a	1.0	2	210937	n/a
412.001953125	n/a	0.0	1	210945	n/a
412.01953125	n/a	0.0	1	210954	n/a
412.03515625	n/a	1.0	2	210962	n/a
412.052734375	n/a	1.0	2	210971	n/a
412.068359375	n/a	0.0	1	210979	n/a
412.0859375	n/a	1.0	2	210988	n/a
412.103515625	n/a	0.0	1	210997	n/a
412.119140625	n/a	1.0	2	211005	n/a
412.13671875	n/a	0.0	1	211014	n/a
412.15234375	n/a	1.0	2	211022	n/a
412.169921875	n/a	0.0	1	211031	n/a
412.185546875	n/a	1.0	2	211039	n/a
412.203125	n/a	0.0	1	211048	n/a
412.21875	n/a	0.0	1	211056	n/a
412.236328125	n/a	1.0	2	211065	n/a
412.251953125	n/a	0.0	1	211073	n/a
412.26953125	n/a	1.0	2	211082	n/a
412.28515625	n/a	1.0	2	211090	n/a
412.302734375	n/a	0.0	1	211099	n/a
412.318359375	n/a	0.0	1	211107	n/a
412.3359375	n/a	1.0	2	211116	n/a
412.353515625	n/a	1.0	2	211125	n/a
412.369140625	n/a	0.0	1	211133	n/a
412.38671875	n/a	0.0	1	211142	n/a
412.40234375	n/a	1.0	2	211150	n/a
412.419921875	n/a	0.0	1	211159	n/a
412.435546875	n/a	1.0	2	211167	n/a
412.453125	n/a	1.0	2	211176	n/a
412.46875	n/a	0.0	1	211184	n/a
412.486328125	n/a	1.0	2	211193	n/a
412.501953125	n/a	0.0	1	211201	n/a
412.51953125	n/a	1.0	2	211210	n/a
412.53515625	n/a	0.0	1	211218	n/a
412.552734375	n/a	1.0	2	211227	n/a
412.568359375	n/a	0.0	1	211235	n/a
412.5859375	n/a	0.0	1	211244	n/a
412.603515625	n/a	1.0	2	211253	n/a
412.619140625	n/a	1.0	2	211261	n/a
412.63671875	n/a	0.0	1	211270	n/a
412.65234375	n/a	0.0	1	211278	n/a
412.669921875	n/a	1.0	2	211287	n/a
412.685546875	n/a	1.0	2	211295	n/a
412.703125	n/a	0.0	1	211304	n/a
412.71875	n/a	1.0	2	211312	n/a
412.736328125	n/a	0.0	1	211321	n/a
412.751953125	n/a	1.0	2	211329	n/a
412.76953125	n/a	0.0	1	211338	n/a
412.78515625	n/a	1.0	2	211346	n/a
412.802734375	n/a	0.0	1	211355	n/a
412.818359375	n/a	0.0	1	211363	n/a
412.8359375	n/a	1.0	2	211372	n/a
412.853515625	n/a	0.0	1	211381	n/a
412.869140625	n/a	1.0	2	211389	n/a
412.88671875	n/a	0.0	1	211398	n/a
412.90234375	n/a	1.0	2	211406	n/a
412.919921875	n/a	0.0	1	211415	n/a
412.935546875	n/a	1.0	2	211423	n/a
412.953125	n/a	0.0	1	211432	n/a
412.96875	n/a	1.0	2	211440	n/a
412.986328125	n/a	1.0	2	211449	n/a
413.001953125	n/a	0.0	1	211457	n/a
413.01953125	n/a	0.0	1	211466	n/a
413.03515625	n/a	1.0	2	211474	n/a
413.052734375	n/a	0.0	1	211483	n/a
413.068359375	n/a	1.0	2	211491	n/a
413.0859375	n/a	1.0	2	211500	n/a
413.103515625	n/a	0.0	1	211509	n/a
413.119140625	n/a	0.0	1	211517	n/a
413.13671875	n/a	1.0	2	211526	n/a
413.15234375	n/a	1.0	2	211534	n/a
413.169921875	n/a	0.0	1	211543	n/a
413.185546875	n/a	1.0	2	211551	n/a
413.203125	n/a	0.0	1	211560	n/a
413.21875	n/a	0.0	1	211568	n/a
413.236328125	n/a	1.0	2	211577	n/a
413.251953125	n/a	1.0	2	211585	n/a
413.26953125	n/a	0.0	1	211594	n/a
413.28515625	n/a	0.0	1	211602	n/a
413.302734375	n/a	1.0	2	211611	n/a
413.318359375	n/a	1.0	2	211619	n/a
413.3359375	n/a	0.0	1	211628	n/a
413.353515625	n/a	1.0	2	211637	n/a
413.369140625	n/a	0.0	1	211645	n/a
413.38671875	n/a	0.0	1	211654	n/a
413.40234375	n/a	1.0	2	211662	n/a
413.419921875	n/a	1.0	2	211671	n/a
413.435546875	n/a	0.0	1	211679	n/a
413.453125	n/a	0.0	1	211688	n/a
413.46875	n/a	1.0	2	211696	n/a
413.486328125	n/a	0.0	1	211705	n/a
413.501953125	n/a	1.0	2	211713	n/a
413.51953125	n/a	1.0	2	211722	n/a
413.53515625	n/a	0.0	1	211730	n/a
413.552734375	n/a	1.0	2	211739	n/a
413.568359375	n/a	0.0	1	211747	n/a
413.5859375	n/a	1.0	2	211756	n/a
413.603515625	n/a	0.0	1	211765	n/a
413.619140625	n/a	0.0	1	211773	n/a
413.63671875	n/a	1.0	2	211782	n/a
413.65234375	n/a	0.0	1	211790	n/a
413.669921875	n/a	1.0	2	211799	n/a
413.685546875	n/a	0.0	1	211807	n/a
413.703125	n/a	1.0	2	211816	n/a
413.71875	n/a	0.0	1	211824	n/a
413.736328125	n/a	1.0	2	211833	n/a
413.751953125	n/a	1.0	2	211841	n/a
413.76953125	n/a	0.0	1	211850	n/a
413.78515625	n/a	1.0	2	211858	n/a
413.802734375	n/a	0.0	1	211867	n/a
413.818359375	n/a	0.0	1	211875	n/a
413.8359375	n/a	1.0	2	211884	n/a
413.853515625	n/a	0.0	1	211893	n/a
413.869140625	n/a	1.0	2	211901	n/a
413.88671875	n/a	0.0	1	211910	n/a
413.90234375	n/a	1.0	2	211918	n/a
413.919921875	n/a	1.0	2	211927	n/a
413.935546875	n/a	0.0	1	211935	n/a
413.953125	n/a	0.0	1	211944	n/a
413.96875	n/a	1.0	2	211952	n/a
413.986328125	n/a	0.0	1	211961	n/a
414.001953125	n/a	1.0	2	211969	n/a
414.01953125	n/a	0.0	1	211978	n/a
414.03515625	n/a	1.0	2	211986	n/a
414.052734375	n/a	1.0	2	211995	n/a
414.068359375	n/a	0.0	1	212003	n/a
414.0859375	n/a	1.0	2	212012	n/a
414.103515625	n/a	0.0	1	212021	n/a
414.119140625	n/a	0.0	1	212029	n/a
414.13671875	n/a	1.0	2	212038	n/a
414.15234375	n/a	1.0	2	212046	n/a
414.169921875	n/a	0.0	1	212055	n/a
414.185546875	n/a	1.0	2	212063	n/a
414.203125	n/a	0.0	1	212072	n/a
414.21875	n/a	1.0	2	212080	n/a
414.236328125	n/a	0.0	1	212089	n/a
414.251953125	n/a	1.0	2	212097	n/a
414.26953125	n/a	0.0	1	212106	n/a
414.28515625	n/a	1.0	2	212114	n/a
414.302734375	n/a	0.0	1	212123	n/a
414.318359375	n/a	0.0	1	212131	n/a
414.3359375	n/a	1.0	2	212140	n/a
414.353515625	n/a	0.0	1	212149	n/a
414.369140625	n/a	1.0	2	212157	n/a
414.38671875	n/a	1.0	2	212166	n/a
414.40234375	n/a	0.0	1	212174	n/a
414.419921875	n/a	0.0	1	212183	n/a
414.435546875	n/a	1.0	2	212191	n/a
414.453125	n/a	1.0	2	212200	n/a
414.46875	n/a	0.0	1	212208	n/a
414.486328125	n/a	0.0	1	212217	n/a
414.501953125	n/a	1.0	2	212225	n/a
414.51953125	n/a	0.0	1	212234	n/a
414.53515625	n/a	1.0	2	212242	n/a
414.552734375	n/a	1.0	2	212251	n/a
414.568359375	n/a	0.0	1	212259	n/a
414.5859375	n/a	1.0	2	212268	n/a
414.603515625	n/a	0.0	1	212277	n/a
414.619140625	n/a	1.0	2	212285	n/a
414.63671875	n/a	0.0	1	212294	n/a
414.65234375	n/a	1.0	2	212302	n/a
414.669921875	n/a	0.0	1	212311	n/a
414.685546875	n/a	0.0	1	212319	n/a
414.703125	n/a	1.0	2	212328	n/a
414.71875	n/a	1.0	2	212336	n/a
414.736328125	n/a	0.0	1	212345	n/a
414.751953125	n/a	0.0	1	212353	n/a
414.76953125	n/a	1.0	2	212362	n/a
414.78515625	n/a	1.0	2	212370	n/a
414.802734375	n/a	0.0	1	212379	n/a
414.818359375	n/a	1.0	2	212387	n/a
414.8359375	n/a	0.0	1	212396	n/a
414.853515625	n/a	1.0	2	212405	n/a
414.869140625	n/a	0.0	1	212413	n/a
414.88671875	n/a	1.0	2	212422	n/a
414.90234375	n/a	0.0	1	212430	n/a
414.919921875	n/a	0.0	1	212439	n/a
414.935546875	n/a	1.0	2	212447	n/a
414.953125	n/a	0.0	1	212456	n/a
414.96875	n/a	1.0	2	212464	n/a
414.986328125	n/a	0.0	1	212473	n/a
415.001953125	n/a	1.0	2	212481	n/a
415.01953125	n/a	0.0	1	212490	n/a
415.03515625	n/a	1.0	2	212498	n/a
415.052734375	n/a	0.0	1	212507	n/a
415.068359375	n/a	1.0	2	212515	n/a
415.0859375	n/a	1.0	2	212524	n/a
415.103515625	n/a	0.0	1	212533	n/a
415.119140625	n/a	0.0	1	212541	n/a
415.13671875	n/a	1.0	2	212550	n/a
415.15234375	n/a	0.0	1	212558	n/a
415.169921875	n/a	1.0	2	212567	n/a
415.185546875	n/a	1.0	2	212575	n/a
415.203125	n/a	0.0	1	212584	n/a
415.21875	n/a	0.0	1	212592	n/a
415.236328125	n/a	1.0	2	212601	n/a
415.251953125	n/a	1.0	2	212609	n/a
415.26953125	n/a	0.0	1	212618	n/a
415.28515625	n/a	1.0	2	212626	n/a
415.302734375	n/a	0.0	1	212635	n/a
415.318359375	n/a	0.0	1	212643	n/a
415.3359375	n/a	1.0	2	212652	n/a
415.353515625	n/a	1.0	2	212661	n/a
415.369140625	n/a	0.0	1	212669	n/a
415.38671875	n/a	0.0	1	212678	n/a
415.40234375	n/a	1.0	2	212686	n/a
415.419921875	n/a	1.0	2	212695	n/a
415.435546875	n/a	0.0	1	212703	n/a
415.453125	n/a	1.0	2	212712	n/a
415.46875	n/a	0.0	1	212720	n/a
415.486328125	n/a	0.0	1	212729	n/a
415.501953125	n/a	1.0	2	212737	n/a
415.51953125	n/a	1.0	2	212746	n/a
415.53515625	n/a	0.0	1	212754	n/a
415.552734375	n/a	0.0	1	212763	n/a
415.568359375	n/a	1.0	2	212771	n/a
415.5859375	n/a	0.0	1	212780	n/a
415.603515625	n/a	1.0	2	212789	n/a
415.619140625	n/a	1.0	2	212797	n/a
415.63671875	n/a	0.0	1	212806	n/a
415.65234375	n/a	1.0	2	212814	n/a
415.669921875	n/a	0.0	1	212823	n/a
415.685546875	n/a	1.0	2	212831	n/a
415.703125	n/a	0.0	1	212840	n/a
415.71875	n/a	0.0	1	212848	n/a
415.736328125	n/a	1.0	2	212857	n/a
415.751953125	n/a	0.0	1	212865	n/a
415.76953125	n/a	1.0	2	212874	n/a
415.78515625	n/a	0.0	1	212882	n/a
415.802734375	n/a	1.0	2	212891	n/a
415.818359375	n/a	0.0	1	212899	n/a
415.8359375	n/a	1.0	2	212908	n/a
415.853515625	n/a	1.0	2	212917	n/a
415.869140625	n/a	0.0	1	212925	n/a
415.88671875	n/a	1.0	2	212934	n/a
415.90234375	n/a	0.0	1	212942	n/a
415.919921875	n/a	0.0	1	212951	n/a
415.935546875	n/a	1.0	2	212959	n/a
415.953125	n/a	0.0	1	212968	n/a
415.96875	n/a	1.0	2	212976	n/a
415.986328125	n/a	0.0	1	212985	n/a
416.001953125	n/a	1.0	2	212993	n/a
416.01953125	n/a	1.0	2	213002	n/a
416.03515625	n/a	0.0	1	213010	n/a
416.052734375	n/a	0.0	1	213019	n/a
416.068359375	n/a	1.0	2	213027	n/a
416.0859375	n/a	0.0	1	213036	n/a
416.103515625	n/a	1.0	2	213045	n/a
416.119140625	n/a	0.0	1	213053	n/a
416.13671875	n/a	1.0	2	213062	n/a
416.15234375	n/a	1.0	2	213070	n/a
416.169921875	n/a	0.0	1	213079	n/a
416.185546875	n/a	1.0	2	213087	n/a
416.203125	n/a	0.0	1	213096	n/a
416.21875	n/a	0.0	1	213104	n/a
416.236328125	n/a	1.0	2	213113	n/a
416.251953125	n/a	1.0	2	213121	n/a
416.26953125	n/a	0.0	1	213130	n/a
416.28515625	n/a	1.0	2	213138	n/a
416.302734375	n/a	0.0	1	213147	n/a
416.318359375	n/a	1.0	2	213155	n/a
416.3359375	n/a	0.0	1	213164	n/a
416.353515625	n/a	1.0	2	213173	n/a
416.369140625	n/a	0.0	1	213181	n/a
416.38671875	n/a	1.0	2	213190	n/a
416.40234375	n/a	0.0	1	213198	n/a
416.419921875	n/a	0.0	1	213207	n/a
416.435546875	n/a	1.0	2	213215	n/a
416.453125	n/a	0.0	1	213224	n/a
416.46875	n/a	1.0	2	213232	n/a
416.486328125	n/a	1.0	2	213241	n/a
416.501953125	n/a	0.0	1	213249	n/a
416.51953125	n/a	0.0	1	213258	n/a
416.53515625	n/a	1.0	2	213266	n/a
416.552734375	n/a	1.0	2	213275	n/a
416.568359375	n/a	0.0	1	213283	n/a
416.5859375	n/a	0.0	1	213292	n/a
416.603515625	n/a	1.0	2	213301	n/a
416.619140625	n/a	0.0	1	213309	n/a
416.63671875	n/a	1.0	2	213318	n/a
416.65234375	n/a	1.0	2	213326	n/a
416.669921875	n/a	0.0	1	213335	n/a
416.685546875	n/a	1.0	2	213343	n/a
416.703125	n/a	0.0	1	213352	n/a
416.71875	n/a	1.0	2	213360	n/a
416.736328125	n/a	0.0	1	213369	n/a
416.751953125	n/a	1.0	2	213377	n/a
416.76953125	n/a	0.0	1	213386	n/a
416.78515625	n/a	0.0	1	213394	n/a
416.802734375	n/a	1.0	2	213403	n/a
416.818359375	n/a	1.0	2	213411	n/a
416.8359375	n/a	0.0	1	213420	n/a
416.853515625	n/a	0.0	1	213429	n/a
416.869140625	n/a	1.0	2	213437	n/a
416.88671875	n/a	1.0	2	213446	n/a
416.90234375	n/a	0.0	1	213454	n/a
416.919921875	n/a	1.0	2	213463	n/a
416.935546875	n/a	0.0	1	213471	n/a
416.953125	n/a	1.0	2	213480	n/a
416.96875	n/a	0.0	1	213488	n/a
416.986328125	n/a	1.0	2	213497	n/a
417.001953125	n/a	0.0	1	213505	n/a
417.01953125	n/a	0.0	1	213514	n/a
417.03515625	n/a	1.0	2	213522	n/a
417.052734375	n/a	0.0	1	213531	n/a
417.068359375	n/a	1.0	2	213539	n/a
417.0859375	n/a	0.0	1	213548	n/a
417.103515625	n/a	1.0	2	213557	n/a
417.119140625	n/a	0.0	1	213565	n/a
417.13671875	n/a	1.0	2	213574	n/a
417.15234375	n/a	0.0	1	213582	n/a
417.169921875	n/a	1.0	2	213591	n/a
417.185546875	n/a	1.0	2	213599	n/a
417.203125	n/a	0.0	1	213608	n/a
417.21875	n/a	0.0	1	213616	n/a
417.236328125	n/a	1.0	2	213625	n/a
417.251953125	n/a	0.0	1	213633	n/a
417.26953125	n/a	1.0	2	213642	n/a
417.28515625	n/a	1.0	2	213650	n/a
417.302734375	n/a	0.0	1	213659	n/a
417.318359375	n/a	0.0	1	213667	n/a
417.3359375	n/a	1.0	2	213676	n/a
417.353515625	n/a	1.0	2	213685	n/a
417.369140625	n/a	0.0	1	213693	n/a
417.38671875	n/a	1.0	2	213702	n/a
417.40234375	n/a	0.0	1	213710	n/a
417.419921875	n/a	0.0	1	213719	n/a
417.435546875	n/a	1.0	2	213727	n/a
417.453125	n/a	1.0	2	213736	n/a
417.46875	n/a	0.0	1	213744	n/a
417.486328125	n/a	0.0	1	213753	n/a
417.501953125	n/a	1.0	2	213761	n/a
417.51953125	n/a	1.0	2	213770	n/a
417.53515625	n/a	0.0	1	213778	n/a
417.552734375	n/a	1.0	2	213787	n/a
417.568359375	n/a	0.0	1	213795	n/a
417.5859375	n/a	0.0	1	213804	n/a
417.603515625	n/a	1.0	2	213813	n/a
417.619140625	n/a	1.0	2	213821	n/a
417.63671875	n/a	0.0	1	213830	n/a
417.65234375	n/a	0.0	1	213838	n/a
417.669921875	n/a	1.0	2	213847	n/a
417.685546875	n/a	0.0	1	213855	n/a
417.703125	n/a	1.0	2	213864	n/a
417.71875	n/a	1.0	2	213872	n/a
417.736328125	n/a	0.0	1	213881	n/a
417.751953125	n/a	1.0	2	213889	n/a
417.76953125	n/a	0.0	1	213898	n/a
417.78515625	n/a	1.0	2	213906	n/a
417.802734375	n/a	0.0	1	213915	n/a
417.818359375	n/a	0.0	1	213923	n/a
417.8359375	n/a	1.0	2	213932	n/a
417.853515625	n/a	0.0	1	213941	n/a
417.869140625	n/a	1.0	2	213949	n/a
417.88671875	n/a	0.0	1	213958	n/a
417.90234375	n/a	1.0	2	213966	n/a
417.919921875	n/a	0.0	1	213975	n/a
417.935546875	n/a	1.0	2	213983	n/a
417.953125	n/a	1.0	2	213992	n/a
417.96875	n/a	0.0	1	214000	n/a
417.986328125	n/a	1.0	2	214009	n/a
418.001953125	n/a	0.0	1	214017	n/a
418.01953125	n/a	0.0	1	214026	n/a
418.03515625	n/a	1.0	2	214034	n/a
418.052734375	n/a	0.0	1	214043	n/a
418.068359375	n/a	1.0	2	214051	n/a
418.0859375	n/a	0.0	1	214060	n/a
418.103515625	n/a	1.0	2	214069	n/a
418.119140625	n/a	1.0	2	214077	n/a
418.13671875	n/a	0.0	1	214086	n/a
418.15234375	n/a	0.0	1	214094	n/a
418.169921875	n/a	1.0	2	214103	n/a
418.185546875	n/a	0.0	1	214111	n/a
418.203125	n/a	1.0	2	214120	n/a
418.21875	n/a	0.0	1	214128	n/a
418.236328125	n/a	1.0	2	214137	n/a
418.251953125	n/a	1.0	2	214145	n/a
418.26953125	n/a	0.0	1	214154	n/a
418.28515625	n/a	1.0	2	214162	n/a
418.302734375	n/a	0.0	1	214171	n/a
418.318359375	n/a	0.0	1	214179	n/a
418.3359375	n/a	1.0	2	214188	n/a
418.353515625	n/a	1.0	2	214197	n/a
418.369140625	n/a	0.0	1	214205	n/a
418.38671875	n/a	1.0	2	214214	n/a
418.40234375	n/a	0.0	1	214222	n/a
418.419921875	n/a	1.0	2	214231	n/a
418.435546875	n/a	0.0	1	214239	n/a
418.453125	n/a	1.0	2	214248	n/a
418.46875	n/a	0.0	1	214256	n/a
418.486328125	n/a	1.0	2	214265	n/a
418.501953125	n/a	0.0	1	214273	n/a
418.51953125	n/a	0.0	1	214282	n/a
418.53515625	n/a	1.0	2	214290	n/a
418.552734375	n/a	0.0	1	214299	n/a
418.568359375	n/a	1.0	2	214307	n/a
418.5859375	n/a	1.0	2	214316	n/a
418.603515625	n/a	0.0	1	214325	n/a
418.619140625	n/a	0.0	1	214333	n/a
418.63671875	n/a	1.0	2	214342	n/a
418.65234375	n/a	1.0	2	214350	n/a
418.669921875	n/a	0.0	1	214359	n/a
418.685546875	n/a	0.0	1	214367	n/a
418.703125	n/a	1.0	2	214376	n/a
418.71875	n/a	0.0	1	214384	n/a
418.736328125	n/a	1.0	2	214393	n/a
418.751953125	n/a	1.0	2	214401	n/a
418.76953125	n/a	0.0	1	214410	n/a
418.78515625	n/a	1.0	2	214418	n/a
418.802734375	n/a	0.0	1	214427	n/a
418.818359375	n/a	1.0	2	214435	n/a
418.8359375	n/a	0.0	1	214444	n/a
418.853515625	n/a	1.0	2	214453	n/a
418.869140625	n/a	0.0	1	214461	n/a
418.88671875	n/a	0.0	1	214470	n/a
418.90234375	n/a	1.0	2	214478	n/a
418.919921875	n/a	1.0	2	214487	n/a
418.935546875	n/a	0.0	1	214495	n/a
418.953125	n/a	0.0	1	214504	n/a
418.96875	n/a	1.0	2	214512	n/a
418.986328125	n/a	1.0	2	214521	n/a
419.001953125	n/a	0.0	1	214529	n/a
419.01953125	n/a	1.0	2	214538	n/a
419.03515625	n/a	0.0	1	214546	n/a
419.052734375	n/a	1.0	2	214555	n/a
419.068359375	n/a	0.0	1	214563	n/a
419.0859375	n/a	1.0	2	214572	n/a
419.103515625	n/a	0.0	1	214581	n/a
419.119140625	n/a	0.0	1	214589	n/a
419.13671875	n/a	1.0	2	214598	n/a
419.15234375	n/a	0.0	1	214606	n/a
419.169921875	n/a	1.0	2	214615	n/a
419.185546875	n/a	0.0	1	214623	n/a
419.203125	n/a	1.0	2	214632	n/a
419.21875	n/a	0.0	1	214640	n/a
419.236328125	n/a	1.0	2	214649	n/a
419.251953125	n/a	0.0	1	214657	n/a
419.26953125	n/a	1.0	2	214666	n/a
419.28515625	n/a	1.0	2	214674	n/a
419.302734375	n/a	0.0	1	214683	n/a
419.318359375	n/a	0.0	1	214691	n/a
419.3359375	n/a	1.0	2	214700	n/a
419.353515625	n/a	0.0	1	214709	n/a
419.369140625	n/a	1.0	2	214717	n/a
419.38671875	n/a	1.0	2	214726	n/a
419.40234375	n/a	0.0	1	214734	n/a
419.419921875	n/a	0.0	1	214743	n/a
419.435546875	n/a	1.0	2	214751	n/a
419.453125	n/a	1.0	2	214760	n/a
419.46875	n/a	0.0	1	214768	n/a
419.486328125	n/a	1.0	2	214777	n/a
419.501953125	n/a	0.0	1	214785	n/a
419.51953125	n/a	0.0	1	214794	n/a
419.53515625	n/a	1.0	2	214802	n/a
419.552734375	n/a	1.0	2	214811	n/a
419.568359375	n/a	0.0	1	214819	n/a
419.5859375	n/a	0.0	1	214828	n/a
419.603515625	n/a	1.0	2	214837	n/a
419.619140625	n/a	1.0	2	214845	n/a
419.63671875	n/a	0.0	1	214854	n/a
419.65234375	n/a	1.0	2	214862	n/a
419.669921875	n/a	0.0	1	214871	n/a
419.685546875	n/a	0.0	1	214879	n/a
419.703125	n/a	1.0	2	214888	n/a
419.71875	n/a	1.0	2	214896	n/a
419.736328125	n/a	0.0	1	214905	n/a
419.751953125	n/a	0.0	1	214913	n/a
419.76953125	n/a	1.0	2	214922	n/a
419.78515625	n/a	0.0	1	214930	n/a
419.802734375	n/a	1.0	2	214939	n/a
419.818359375	n/a	1.0	2	214947	n/a
419.8359375	n/a	0.0	1	214956	n/a
419.853515625	n/a	1.0	2	214965	n/a
419.869140625	n/a	0.0	1	214973	n/a
419.88671875	n/a	1.0	2	214982	n/a
419.90234375	n/a	0.0	1	214990	n/a
419.919921875	n/a	0.0	1	214999	n/a
419.935546875	n/a	1.0	2	215007	n/a
419.953125	n/a	0.0	1	215016	n/a
419.96875	n/a	1.0	2	215024	n/a
419.986328125	n/a	0.0	1	215033	n/a
420.001953125	n/a	1.0	2	215041	n/a
420.01953125	n/a	0.0	1	215050	n/a
420.03515625	n/a	1.0	2	215058	n/a
420.052734375	n/a	1.0	2	215067	n/a
420.068359375	n/a	0.0	1	215075	n/a
420.0859375	n/a	1.0	2	215084	n/a
420.103515625	n/a	0.0	1	215093	n/a
420.119140625	n/a	0.0	1	215101	n/a
420.13671875	n/a	1.0	2	215110	n/a
420.15234375	n/a	0.0	1	215118	n/a
420.169921875	n/a	1.0	2	215127	n/a
420.185546875	n/a	0.0	1	215135	n/a
420.203125	n/a	1.0	2	215144	n/a
420.21875	n/a	1.0	2	215152	n/a
420.236328125	n/a	0.0	1	215161	n/a
420.251953125	n/a	0.0	1	215169	n/a
420.26953125	n/a	1.0	2	215178	n/a
420.28515625	n/a	0.0	1	215186	n/a
420.302734375	n/a	1.0	2	215195	n/a
420.318359375	n/a	0.0	1	215203	n/a
420.3359375	n/a	1.0	2	215212	n/a
420.353515625	n/a	1.0	2	215221	n/a
420.369140625	n/a	0.0	1	215229	n/a
420.38671875	n/a	1.0	2	215238	n/a
420.40234375	n/a	0.0	1	215246	n/a
420.419921875	n/a	0.0	1	215255	n/a
420.435546875	n/a	1.0	2	215263	n/a
420.453125	n/a	1.0	2	215272	n/a
420.46875	n/a	0.0	1	215280	n/a
420.486328125	n/a	1.0	2	215289	n/a
420.501953125	n/a	0.0	1	215297	n/a
420.51953125	n/a	1.0	2	215306	n/a
420.53515625	n/a	0.0	1	215314	n/a
420.552734375	n/a	1.0	2	215323	n/a
420.568359375	n/a	0.0	1	215331	n/a
420.5859375	n/a	1.0	2	215340	n/a
420.603515625	n/a	0.0	1	215349	n/a
420.619140625	n/a	0.0	1	215357	n/a
420.63671875	n/a	1.0	2	215366	n/a
420.65234375	n/a	0.0	1	215374	n/a
420.669921875	n/a	1.0	2	215383	n/a
420.685546875	n/a	1.0	2	215391	n/a
420.703125	n/a	0.0	1	215400	n/a
420.71875	n/a	0.0	1	215408	n/a
420.736328125	n/a	1.0	2	215417	n/a
420.751953125	n/a	1.0	2	215425	n/a
420.76953125	n/a	0.0	1	215434	n/a
420.78515625	n/a	0.0	1	215442	n/a
420.802734375	n/a	1.0	2	215451	n/a
420.818359375	n/a	0.0	1	215459	n/a
420.8359375	n/a	1.0	2	215468	n/a
420.853515625	n/a	1.0	2	215477	n/a
420.869140625	n/a	0.0	1	215485	n/a
420.88671875	n/a	1.0	2	215494	n/a
420.90234375	n/a	0.0	1	215502	n/a
420.919921875	n/a	1.0	2	215511	n/a
420.935546875	n/a	0.0	1	215519	n/a
420.953125	n/a	1.0	2	215528	n/a
420.96875	n/a	0.0	1	215536	n/a
420.986328125	n/a	0.0	1	215545	n/a
421.001953125	n/a	1.0	2	215553	n/a
421.01953125	n/a	1.0	2	215562	n/a
421.03515625	n/a	0.0	1	215570	n/a
421.052734375	n/a	0.0	1	215579	n/a
421.068359375	n/a	1.0	2	215587	n/a
421.0859375	n/a	1.0	2	215596	n/a
421.103515625	n/a	0.0	1	215605	n/a
421.119140625	n/a	1.0	2	215613	n/a
421.13671875	n/a	0.0	1	215622	n/a
421.15234375	n/a	1.0	2	215630	n/a
421.169921875	n/a	0.0	1	215639	n/a
421.185546875	n/a	1.0	2	215647	n/a
421.203125	n/a	0.0	1	215656	n/a
421.21875	n/a	0.0	1	215664	n/a
421.236328125	n/a	1.0	2	215673	n/a
421.251953125	n/a	0.0	1	215681	n/a
421.26953125	n/a	1.0	2	215690	n/a
421.28515625	n/a	0.0	1	215698	n/a
421.302734375	n/a	1.0	2	215707	n/a
421.318359375	n/a	0.0	1	215715	n/a
421.3359375	n/a	1.0	2	215724	n/a
421.353515625	n/a	0.0	1	215733	n/a
421.369140625	n/a	1.0	2	215741	n/a
421.38671875	n/a	1.0	2	215750	n/a
421.40234375	n/a	0.0	1	215758	n/a
421.419921875	n/a	0.0	1	215767	n/a
421.435546875	n/a	1.0	2	215775	n/a
421.453125	n/a	0.0	1	215784	n/a
421.46875	n/a	1.0	2	215792	n/a
421.486328125	n/a	1.0	2	215801	n/a
421.501953125	n/a	0.0	1	215809	n/a
421.51953125	n/a	0.0	1	215818	n/a
421.53515625	n/a	1.0	2	215826	n/a
421.552734375	n/a	1.0	2	215835	n/a
421.568359375	n/a	0.0	1	215843	n/a
421.5859375	n/a	1.0	2	215852	n/a
421.603515625	n/a	0.0	1	215861	n/a
421.619140625	n/a	0.0	1	215869	n/a
421.63671875	n/a	1.0	2	215878	n/a
421.65234375	n/a	1.0	2	215886	n/a
421.669921875	n/a	0.0	1	215895	n/a
421.685546875	n/a	0.0	1	215903	n/a
421.703125	n/a	1.0	2	215912	n/a
421.71875	n/a	1.0	2	215920	n/a
421.736328125	n/a	0.0	1	215929	n/a
421.751953125	n/a	1.0	2	215937	n/a
421.76953125	n/a	0.0	1	215946	n/a
421.78515625	n/a	0.0	1	215954	n/a
421.802734375	n/a	1.0	2	215963	n/a
421.818359375	n/a	1.0	2	215971	n/a
421.8359375	n/a	0.0	1	215980	n/a
421.853515625	n/a	0.0	1	215989	n/a
421.869140625	n/a	1.0	2	215997	n/a
421.88671875	n/a	0.0	1	216006	n/a
421.90234375	n/a	1.0	2	216014	n/a
421.919921875	n/a	1.0	2	216023	n/a
421.935546875	n/a	0.0	1	216031	n/a
421.953125	n/a	1.0	2	216040	n/a
421.96875	n/a	0.0	1	216048	n/a
421.986328125	n/a	1.0	2	216057	n/a
422.001953125	n/a	0.0	1	216065	n/a
422.01953125	n/a	0.0	1	216074	n/a
422.03515625	n/a	1.0	2	216082	n/a
422.052734375	n/a	0.0	1	216091	n/a
422.068359375	n/a	1.0	2	216099	n/a
422.0859375	n/a	0.0	1	216108	n/a
422.103515625	n/a	1.0	2	216117	n/a
422.119140625	n/a	0.0	1	216125	n/a
422.13671875	n/a	1.0	2	216134	n/a
422.15234375	n/a	1.0	2	216142	n/a
422.169921875	n/a	0.0	1	216151	n/a
422.185546875	n/a	1.0	2	216159	n/a
422.203125	n/a	0.0	1	216168	n/a
422.21875	n/a	0.0	1	216176	n/a
422.236328125	n/a	1.0	2	216185	n/a
422.251953125	n/a	0.0	1	216193	n/a
422.26953125	n/a	1.0	2	216202	n/a
422.28515625	n/a	0.0	1	216210	n/a
422.302734375	n/a	1.0	2	216219	n/a
422.318359375	n/a	1.0	2	216227	n/a
422.3359375	n/a	0.0	1	216236	n/a
422.353515625	n/a	0.0	1	216245	n/a
422.369140625	n/a	1.0	2	216253	n/a
422.38671875	n/a	0.0	1	216262	n/a
422.40234375	n/a	1.0	2	216270	n/a
422.419921875	n/a	0.0	1	216279	n/a
422.435546875	n/a	1.0	2	216287	n/a
422.453125	n/a	1.0	2	216296	n/a
422.46875	n/a	0.0	1	216304	n/a
422.486328125	n/a	1.0	2	216313	n/a
422.501953125	n/a	0.0	1	216321	n/a
422.51953125	n/a	0.0	1	216330	n/a
422.53515625	n/a	1.0	2	216338	n/a
422.552734375	n/a	1.0	2	216347	n/a
422.568359375	n/a	0.0	1	216355	n/a
422.5859375	n/a	1.0	2	216364	n/a
422.603515625	n/a	0.0	1	216373	n/a
422.619140625	n/a	1.0	2	216381	n/a
422.63671875	n/a	0.0	1	216390	n/a
422.65234375	n/a	1.0	2	216398	n/a
422.669921875	n/a	0.0	1	216407	n/a
422.685546875	n/a	1.0	2	216415	n/a
422.703125	n/a	0.0	1	216424	n/a
422.71875	n/a	0.0	1	216432	n/a
422.736328125	n/a	1.0	2	216441	n/a
422.751953125	n/a	0.0	1	216449	n/a
422.76953125	n/a	1.0	2	216458	n/a
422.78515625	n/a	1.0	2	216466	n/a
422.802734375	n/a	0.0	1	216475	n/a
422.818359375	n/a	0.0	1	216483	n/a
422.8359375	n/a	1.0	2	216492	n/a
422.853515625	n/a	1.0	2	216501	n/a
422.869140625	n/a	0.0	1	216509	n/a
422.88671875	n/a	0.0	1	216518	n/a
422.90234375	n/a	1.0	2	216526	n/a
422.919921875	n/a	0.0	1	216535	n/a
422.935546875	n/a	1.0	2	216543	n/a
422.953125	n/a	1.0	2	216552	n/a
422.96875	n/a	0.0	1	216560	n/a
422.986328125	n/a	1.0	2	216569	n/a
423.001953125	n/a	0.0	1	216577	n/a
423.01953125	n/a	1.0	2	216586	n/a
423.03515625	n/a	0.0	1	216594	n/a
423.052734375	n/a	1.0	2	216603	n/a
423.068359375	n/a	0.0	1	216611	n/a
423.0859375	n/a	0.0	1	216620	n/a
423.103515625	n/a	1.0	2	216629	n/a
423.119140625	n/a	1.0	2	216637	n/a
423.13671875	n/a	0.0	1	216646	n/a
423.15234375	n/a	0.0	1	216654	n/a
423.169921875	n/a	1.0	2	216663	n/a
423.185546875	n/a	1.0	2	216671	n/a
423.203125	n/a	0.0	1	216680	n/a
423.21875	n/a	1.0	2	216688	n/a
423.236328125	n/a	0.0	1	216697	n/a
423.251953125	n/a	1.0	2	216705	n/a
423.26953125	n/a	0.0	1	216714	n/a
423.28515625	n/a	1.0	2	216722	n/a
423.302734375	n/a	0.0	1	216731	n/a
423.318359375	n/a	0.0	1	216739	n/a
423.3359375	n/a	1.0	2	216748	n/a
423.353515625	n/a	0.0	1	216757	n/a
423.369140625	n/a	1.0	2	216765	n/a
423.38671875	n/a	0.0	1	216774	n/a
423.40234375	n/a	1.0	2	216782	n/a
423.419921875	n/a	0.0	1	216791	n/a
423.435546875	n/a	1.0	2	216799	n/a
423.453125	n/a	0.0	1	216808	n/a
423.46875	n/a	1.0	2	216816	n/a
423.486328125	n/a	1.0	2	216825	n/a
423.501953125	n/a	0.0	1	216833	n/a
423.51953125	n/a	0.0	1	216842	n/a
423.53515625	n/a	1.0	2	216850	n/a
423.552734375	n/a	0.0	1	216859	n/a
423.568359375	n/a	1.0	2	216867	n/a
423.5859375	n/a	1.0	2	216876	n/a
423.603515625	n/a	0.0	1	216885	n/a
423.619140625	n/a	0.0	1	216893	n/a
423.63671875	n/a	1.0	2	216902	n/a
423.65234375	n/a	1.0	2	216910	n/a
423.669921875	n/a	0.0	1	216919	n/a
423.685546875	n/a	1.0	2	216927	n/a
423.703125	n/a	0.0	1	216936	n/a
423.71875	n/a	0.0	1	216944	n/a
423.736328125	n/a	1.0	2	216953	n/a
423.751953125	n/a	1.0	2	216961	n/a
423.76953125	n/a	0.0	1	216970	n/a
423.78515625	n/a	0.0	1	216978	n/a
423.802734375	n/a	1.0	2	216987	n/a
423.818359375	n/a	1.0	2	216995	n/a
423.8359375	n/a	0.0	1	217004	n/a
423.853515625	n/a	1.0	2	217013	n/a
423.869140625	n/a	0.0	1	217021	n/a
423.88671875	n/a	0.0	1	217030	n/a
423.90234375	n/a	1.0	2	217038	n/a
423.919921875	n/a	1.0	2	217047	n/a
423.935546875	n/a	0.0	1	217055	n/a
423.953125	n/a	0.0	1	217064	n/a
423.96875	n/a	1.0	2	217072	n/a
423.986328125	n/a	0.0	1	217081	n/a
424.001953125	n/a	1.0	2	217089	n/a
424.01953125	n/a	1.0	2	217098	n/a
424.03515625	n/a	0.0	1	217106	n/a
424.052734375	n/a	1.0	2	217115	n/a
424.068359375	n/a	0.0	1	217123	n/a
424.0859375	n/a	1.0	2	217132	n/a
424.103515625	n/a	0.0	1	217141	n/a
424.119140625	n/a	0.0	1	217149	n/a
424.13671875	n/a	1.0	2	217158	n/a
424.15234375	n/a	0.0	1	217166	n/a
424.169921875	n/a	1.0	2	217175	n/a
424.185546875	n/a	0.0	1	217183	n/a
424.203125	n/a	1.0	2	217192	n/a
424.21875	n/a	0.0	1	217200	n/a
424.236328125	n/a	1.0	2	217209	n/a
424.251953125	n/a	1.0	2	217217	n/a
424.26953125	n/a	0.0	1	217226	n/a
424.28515625	n/a	1.0	2	217234	n/a
424.302734375	n/a	0.0	1	217243	n/a
424.318359375	n/a	0.0	1	217251	n/a
424.3359375	n/a	1.0	2	217260	n/a
424.353515625	n/a	0.0	1	217269	n/a
424.369140625	n/a	1.0	2	217277	n/a
424.38671875	n/a	0.0	1	217286	n/a
424.40234375	n/a	1.0	2	217294	n/a
424.419921875	n/a	1.0	2	217303	n/a
424.435546875	n/a	0.0	1	217311	n/a
424.453125	n/a	0.0	1	217320	n/a
424.46875	n/a	1.0	2	217328	n/a
424.486328125	n/a	0.0	1	217337	n/a
424.501953125	n/a	1.0	2	217345	n/a
424.51953125	n/a	0.0	1	217354	n/a
424.53515625	n/a	1.0	2	217362	n/a
424.552734375	n/a	1.0	2	217371	n/a
424.568359375	n/a	0.0	1	217379	n/a
424.5859375	n/a	1.0	2	217388	n/a
424.603515625	n/a	0.0	1	217397	n/a
424.619140625	n/a	0.0	1	217405	n/a
424.63671875	n/a	1.0	2	217414	n/a
424.65234375	n/a	1.0	2	217422	n/a
424.669921875	n/a	0.0	1	217431	n/a
424.685546875	n/a	1.0	2	217439	n/a
424.703125	n/a	0.0	1	217448	n/a
424.71875	n/a	1.0	2	217456	n/a
424.736328125	n/a	0.0	1	217465	n/a
424.751953125	n/a	1.0	2	217473	n/a
424.76953125	n/a	0.0	1	217482	n/a
424.78515625	n/a	1.0	2	217490	n/a
424.802734375	n/a	0.0	1	217499	n/a
424.818359375	n/a	0.0	1	217507	n/a
424.8359375	n/a	1.0	2	217516	n/a
424.853515625	n/a	0.0	1	217525	n/a
424.869140625	n/a	1.0	2	217533	n/a
424.88671875	n/a	1.0	2	217542	n/a
424.90234375	n/a	0.0	1	217550	n/a
424.919921875	n/a	0.0	1	217559	n/a
424.935546875	n/a	1.0	2	217567	n/a
424.953125	n/a	1.0	2	217576	n/a
424.96875	n/a	0.0	1	217584	n/a
424.986328125	n/a	0.0	1	217593	n/a
425.001953125	n/a	1.0	2	217601	n/a
425.01953125	n/a	0.0	1	217610	n/a
425.03515625	n/a	1.0	2	217618	n/a
425.052734375	n/a	1.0	2	217627	n/a
425.068359375	n/a	0.0	1	217635	n/a
425.0859375	n/a	1.0	2	217644	n/a
425.103515625	n/a	0.0	1	217653	n/a
425.119140625	n/a	1.0	2	217661	n/a
425.13671875	n/a	0.0	1	217670	n/a
425.15234375	n/a	1.0	2	217678	n/a
425.169921875	n/a	0.0	1	217687	n/a
425.185546875	n/a	0.0	1	217695	n/a
425.203125	n/a	1.0	2	217704	n/a
425.21875	n/a	1.0	2	217712	n/a
425.236328125	n/a	0.0	1	217721	n/a
425.251953125	n/a	0.0	1	217729	n/a
425.26953125	n/a	1.0	2	217738	n/a
425.28515625	n/a	1.0	2	217746	n/a
425.302734375	n/a	0.0	1	217755	n/a
425.318359375	n/a	1.0	2	217763	n/a
425.3359375	n/a	0.0	1	217772	n/a
425.353515625	n/a	1.0	2	217781	n/a
425.369140625	n/a	0.0	1	217789	n/a
425.38671875	n/a	1.0	2	217798	n/a
425.40234375	n/a	0.0	1	217806	n/a
425.419921875	n/a	0.0	1	217815	n/a
425.435546875	n/a	1.0	2	217823	n/a
425.453125	n/a	0.0	1	217832	n/a
425.46875	n/a	1.0	2	217840	n/a
425.486328125	n/a	0.0	1	217849	n/a
425.501953125	n/a	1.0	2	217857	n/a
425.51953125	n/a	0.0	1	217866	n/a
425.53515625	n/a	1.0	2	217874	n/a
425.552734375	n/a	0.0	1	217883	n/a
425.568359375	n/a	1.0	2	217891	n/a
425.5859375	n/a	1.0	2	217900	n/a
425.603515625	n/a	0.0	1	217909	n/a
425.619140625	n/a	0.0	1	217917	n/a
425.63671875	n/a	1.0	2	217926	n/a
425.65234375	n/a	0.0	1	217934	n/a
425.669921875	n/a	1.0	2	217943	n/a
425.685546875	n/a	1.0	2	217951	n/a
425.703125	n/a	0.0	1	217960	n/a
425.71875	n/a	0.0	1	217968	n/a
425.736328125	n/a	1.0	2	217977	n/a
425.751953125	n/a	1.0	2	217985	n/a
425.76953125	n/a	0.0	1	217994	n/a
425.78515625	n/a	1.0	2	218002	n/a
425.802734375	n/a	0.0	1	218011	n/a
425.818359375	n/a	0.0	1	218019	n/a
425.8359375	n/a	1.0	2	218028	n/a
425.853515625	n/a	1.0	2	218037	n/a
425.869140625	n/a	0.0	1	218045	n/a
425.88671875	n/a	0.0	1	218054	n/a
425.90234375	n/a	1.0	2	218062	n/a
425.919921875	n/a	1.0	2	218071	n/a
425.935546875	n/a	0.0	1	218079	n/a
425.953125	n/a	1.0	2	218088	n/a
425.96875	n/a	0.0	1	218096	n/a
425.986328125	n/a	0.0	1	218105	n/a
426.001953125	n/a	1.0	2	218113	n/a
426.01953125	n/a	1.0	2	218122	n/a
426.03515625	n/a	0.0	1	218130	n/a
426.052734375	n/a	0.0	1	218139	n/a
426.068359375	n/a	1.0	2	218147	n/a
426.0859375	n/a	0.0	1	218156	n/a
426.103515625	n/a	1.0	2	218165	n/a
426.119140625	n/a	1.0	2	218173	n/a
426.13671875	n/a	0.0	1	218182	n/a
426.15234375	n/a	1.0	2	218190	n/a
426.169921875	n/a	0.0	1	218199	n/a
426.185546875	n/a	1.0	2	218207	n/a
426.203125	n/a	0.0	1	218216	n/a
426.21875	n/a	0.0	1	218224	n/a
426.236328125	n/a	1.0	2	218233	n/a
426.251953125	n/a	0.0	1	218241	n/a
426.26953125	n/a	1.0	2	218250	n/a
426.28515625	n/a	0.0	1	218258	n/a
426.302734375	n/a	1.0	2	218267	n/a
426.318359375	n/a	0.0	1	218275	n/a
426.3359375	n/a	1.0	2	218284	n/a
426.353515625	n/a	1.0	2	218293	n/a
426.369140625	n/a	0.0	1	218301	n/a
426.38671875	n/a	1.0	2	218310	n/a
426.40234375	n/a	0.0	1	218318	n/a
426.419921875	n/a	0.0	1	218327	n/a
426.435546875	n/a	1.0	2	218335	n/a
426.453125	n/a	0.0	1	218344	n/a
426.46875	n/a	1.0	2	218352	n/a
426.486328125	n/a	0.0	1	218361	n/a
426.501953125	n/a	1.0	2	218369	n/a
426.51953125	n/a	1.0	2	218378	n/a
426.53515625	n/a	0.0	1	218386	n/a
426.552734375	n/a	0.0	1	218395	n/a
426.568359375	n/a	1.0	2	218403	n/a
426.5859375	n/a	0.0	1	218412	n/a
426.603515625	n/a	1.0	2	218421	n/a
426.619140625	n/a	0.0	1	218429	n/a
426.63671875	n/a	1.0	2	218438	n/a
426.65234375	n/a	1.0	2	218446	n/a
426.669921875	n/a	0.0	1	218455	n/a
426.685546875	n/a	1.0	2	218463	n/a
426.703125	n/a	0.0	1	218472	n/a
426.71875	n/a	0.0	1	218480	n/a
426.736328125	n/a	1.0	2	218489	n/a
426.751953125	n/a	1.0	2	218497	n/a
426.76953125	n/a	0.0	1	218506	n/a
426.78515625	n/a	1.0	2	218514	n/a
426.802734375	n/a	0.0	1	218523	n/a
426.818359375	n/a	1.0	2	218531	n/a
426.8359375	n/a	0.0	1	218540	n/a
426.853515625	n/a	1.0	2	218549	n/a
426.869140625	n/a	0.0	1	218557	n/a
426.88671875	n/a	1.0	2	218566	n/a
426.90234375	n/a	0.0	1	218574	n/a
426.919921875	n/a	0.0	1	218583	n/a
426.935546875	n/a	1.0	2	218591	n/a
426.953125	n/a	0.0	1	218600	n/a
426.96875	n/a	1.0	2	218608	n/a
426.986328125	n/a	1.0	2	218617	n/a
427.001953125	n/a	0.0	1	218625	n/a
427.01953125	n/a	0.0	1	218634	n/a
427.03515625	n/a	1.0	2	218642	n/a
427.052734375	n/a	1.0	2	218651	n/a
427.068359375	n/a	0.0	1	218659	n/a
427.0859375	n/a	0.0	1	218668	n/a
427.103515625	n/a	1.0	2	218677	n/a
427.119140625	n/a	0.0	1	218685	n/a
427.13671875	n/a	1.0	2	218694	n/a
427.15234375	n/a	1.0	2	218702	n/a
427.169921875	n/a	0.0	1	218711	n/a
427.185546875	n/a	1.0	2	218719	n/a
427.203125	n/a	0.0	1	218728	n/a
427.21875	n/a	1.0	2	218736	n/a
427.236328125	n/a	0.0	1	218745	n/a
427.251953125	n/a	1.0	2	218753	n/a
427.26953125	n/a	0.0	1	218762	n/a
427.28515625	n/a	0.0	1	218770	n/a
427.302734375	n/a	1.0	2	218779	n/a
427.318359375	n/a	1.0	2	218787	n/a
427.3359375	n/a	0.0	1	218796	n/a
427.353515625	n/a	0.0	1	218805	n/a
427.369140625	n/a	1.0	2	218813	n/a
427.38671875	n/a	1.0	2	218822	n/a
427.40234375	n/a	0.0	1	218830	n/a
427.419921875	n/a	1.0	2	218839	n/a
427.435546875	n/a	0.0	1	218847	n/a
427.453125	n/a	1.0	2	218856	n/a
427.46875	n/a	0.0	1	218864	n/a
427.486328125	n/a	1.0	2	218873	n/a
427.501953125	n/a	0.0	1	218881	n/a
427.51953125	n/a	0.0	1	218890	n/a
427.53515625	n/a	1.0	2	218898	n/a
427.552734375	n/a	0.0	1	218907	n/a
427.568359375	n/a	1.0	2	218915	n/a
427.5859375	n/a	0.0	1	218924	n/a
427.603515625	n/a	1.0	2	218933	n/a
427.619140625	n/a	0.0	1	218941	n/a
427.63671875	n/a	1.0	2	218950	n/a
427.65234375	n/a	0.0	1	218958	n/a
427.669921875	n/a	1.0	2	218967	n/a
427.685546875	n/a	1.0	2	218975	n/a
427.703125	n/a	0.0	1	218984	n/a
427.71875	n/a	0.0	1	218992	n/a
427.736328125	n/a	1.0	2	219001	n/a
427.751953125	n/a	0.0	1	219009	n/a
427.76953125	n/a	1.0	2	219018	n/a
427.78515625	n/a	1.0	2	219026	n/a
427.802734375	n/a	0.0	1	219035	n/a
427.818359375	n/a	0.0	1	219043	n/a
427.8359375	n/a	1.0	2	219052	n/a
427.853515625	n/a	1.0	2	219061	n/a
427.869140625	n/a	0.0	1	219069	n/a
427.88671875	n/a	1.0	2	219078	n/a
427.90234375	n/a	0.0	1	219086	n/a
427.919921875	n/a	0.0	1	219095	n/a
427.935546875	n/a	1.0	2	219103	n/a
427.953125	n/a	1.0	2	219112	n/a
427.96875	n/a	0.0	1	219120	n/a
427.986328125	n/a	0.0	1	219129	n/a
428.001953125	n/a	1.0	2	219137	n/a
428.01953125	n/a	1.0	2	219146	n/a
428.03515625	n/a	0.0	1	219154	n/a
428.052734375	n/a	1.0	2	219163	n/a
428.068359375	n/a	0.0	1	219171	n/a
428.0859375	n/a	0.0	1	219180	n/a
428.103515625	n/a	1.0	2	219189	n/a
428.119140625	n/a	1.0	2	219197	n/a
428.13671875	n/a	0.0	1	219206	n/a
428.15234375	n/a	0.0	1	219214	n/a
428.169921875	n/a	1.0	2	219223	n/a
428.185546875	n/a	0.0	1	219231	n/a
428.203125	n/a	1.0	2	219240	n/a
428.21875	n/a	1.0	2	219248	n/a
428.236328125	n/a	0.0	1	219257	n/a
428.251953125	n/a	1.0	2	219265	n/a
428.26953125	n/a	0.0	1	219274	n/a
428.28515625	n/a	1.0	2	219282	n/a
428.302734375	n/a	0.0	1	219291	n/a
428.318359375	n/a	0.0	1	219299	n/a
428.3359375	n/a	1.0	2	219308	n/a
428.353515625	n/a	0.0	1	219317	n/a
428.369140625	n/a	1.0	2	219325	n/a
428.38671875	n/a	0.0	1	219334	n/a
428.40234375	n/a	1.0	2	219342	n/a
428.419921875	n/a	0.0	1	219351	n/a
428.435546875	n/a	1.0	2	219359	n/a
428.453125	n/a	1.0	2	219368	n/a
428.46875	n/a	0.0	1	219376	n/a
428.486328125	n/a	1.0	2	219385	n/a
428.501953125	n/a	0.0	1	219393	n/a
428.51953125	n/a	0.0	1	219402	n/a
428.53515625	n/a	1.0	2	219410	n/a
428.552734375	n/a	0.0	1	219419	n/a
428.568359375	n/a	1.0	2	219427	n/a
428.5859375	n/a	0.0	1	219436	n/a
428.603515625	n/a	1.0	2	219445	n/a
428.619140625	n/a	1.0	2	219453	n/a
428.63671875	n/a	0.0	1	219462	n/a
428.65234375	n/a	0.0	1	219470	n/a
428.669921875	n/a	1.0	2	219479	n/a
428.685546875	n/a	0.0	1	219487	n/a
428.703125	n/a	1.0	2	219496	n/a
428.71875	n/a	0.0	1	219504	n/a
428.736328125	n/a	1.0	2	219513	n/a
428.751953125	n/a	1.0	2	219521	n/a
428.76953125	n/a	0.0	1	219530	n/a
428.78515625	n/a	1.0	2	219538	n/a
428.802734375	n/a	0.0	1	219547	n/a
428.818359375	n/a	0.0	1	219555	n/a
428.8359375	n/a	1.0	2	219564	n/a
428.853515625	n/a	1.0	2	219573	n/a
428.869140625	n/a	0.0	1	219581	n/a
428.88671875	n/a	1.0	2	219590	n/a
428.90234375	n/a	0.0	1	219598	n/a
428.919921875	n/a	1.0	2	219607	n/a
428.935546875	n/a	0.0	1	219615	n/a
428.953125	n/a	1.0	2	219624	n/a
428.96875	n/a	0.0	1	219632	n/a
428.986328125	n/a	1.0	2	219641	n/a
429.001953125	n/a	0.0	1	219649	n/a
429.01953125	n/a	0.0	1	219658	n/a
429.03515625	n/a	1.0	2	219666	n/a
429.052734375	n/a	0.0	1	219675	n/a
429.068359375	n/a	1.0	2	219683	n/a
429.0859375	n/a	1.0	2	219692	n/a
429.103515625	n/a	0.0	1	219701	n/a
429.119140625	n/a	0.0	1	219709	n/a
429.13671875	n/a	1.0	2	219718	n/a
429.15234375	n/a	1.0	2	219726	n/a
429.169921875	n/a	0.0	1	219735	n/a
429.185546875	n/a	0.0	1	219743	n/a
429.203125	n/a	1.0	2	219752	n/a
429.21875	n/a	0.0	1	219760	n/a
429.236328125	n/a	1.0	2	219769	n/a
429.251953125	n/a	1.0	2	219777	n/a
429.26953125	n/a	0.0	1	219786	n/a
429.28515625	n/a	1.0	2	219794	n/a
429.302734375	n/a	0.0	1	219803	n/a
429.318359375	n/a	1.0	2	219811	n/a
429.3359375	n/a	0.0	1	219820	n/a
429.353515625	n/a	1.0	2	219829	n/a
429.369140625	n/a	0.0	1	219837	n/a
429.38671875	n/a	0.0	1	219846	n/a
429.40234375	n/a	1.0	2	219854	n/a
429.419921875	n/a	1.0	2	219863	n/a
429.435546875	n/a	0.0	1	219871	n/a
429.453125	n/a	0.0	1	219880	n/a
429.46875	n/a	1.0	2	219888	n/a
429.486328125	n/a	1.0	2	219897	n/a
429.501953125	n/a	0.0	1	219905	n/a
429.51953125	n/a	1.0	2	219914	n/a
429.53515625	n/a	0.0	1	219922	n/a
429.552734375	n/a	1.0	2	219931	n/a
429.568359375	n/a	0.0	1	219939	n/a
429.5859375	n/a	1.0	2	219948	n/a
429.603515625	n/a	0.0	1	219957	n/a
429.619140625	n/a	0.0	1	219965	n/a
429.63671875	n/a	1.0	2	219974	n/a
429.65234375	n/a	0.0	1	219982	n/a
429.669921875	n/a	1.0	2	219991	n/a
429.685546875	n/a	0.0	1	219999	n/a
429.703125	n/a	1.0	2	220008	n/a
429.71875	n/a	0.0	1	220016	n/a
429.736328125	n/a	1.0	2	220025	n/a
429.751953125	n/a	0.0	1	220033	n/a
429.76953125	n/a	1.0	2	220042	n/a
429.78515625	n/a	1.0	2	220050	n/a
429.802734375	n/a	0.0	1	220059	n/a
429.818359375	n/a	0.0	1	220067	n/a
429.8359375	n/a	1.0	2	220076	n/a
429.853515625	n/a	0.0	1	220085	n/a
429.869140625	n/a	1.0	2	220093	n/a
429.88671875	n/a	1.0	2	220102	n/a
429.90234375	n/a	0.0	1	220110	n/a
429.919921875	n/a	0.0	1	220119	n/a
429.935546875	n/a	1.0	2	220127	n/a
429.953125	n/a	1.0	2	220136	n/a
429.96875	n/a	0.0	1	220144	n/a
429.986328125	n/a	1.0	2	220153	n/a
430.001953125	n/a	0.0	1	220161	n/a
430.01953125	n/a	0.0	1	220170	n/a
430.03515625	n/a	1.0	2	220178	n/a
430.052734375	n/a	1.0	2	220187	n/a
430.068359375	n/a	0.0	1	220195	n/a
430.0859375	n/a	0.0	1	220204	n/a
430.103515625	n/a	1.0	2	220213	n/a
430.119140625	n/a	1.0	2	220221	n/a
430.13671875	n/a	0.0	1	220230	n/a
430.15234375	n/a	1.0	2	220238	n/a
430.169921875	n/a	0.0	1	220247	n/a
430.185546875	n/a	0.0	1	220255	n/a
430.203125	n/a	1.0	2	220264	n/a
430.21875	n/a	1.0	2	220272	n/a
430.236328125	n/a	0.0	1	220281	n/a
430.251953125	n/a	0.0	1	220289	n/a
430.26953125	n/a	1.0	2	220298	n/a
430.28515625	n/a	0.0	1	220306	n/a
430.302734375	n/a	1.0	2	220315	n/a
430.318359375	n/a	1.0	2	220323	n/a
430.3359375	n/a	0.0	1	220332	n/a
430.353515625	n/a	1.0	2	220341	n/a
430.369140625	n/a	0.0	1	220349	n/a
430.38671875	n/a	1.0	2	220358	n/a
430.40234375	n/a	0.0	1	220366	n/a
430.419921875	n/a	0.0	1	220375	n/a
430.435546875	n/a	1.0	2	220383	n/a
430.453125	n/a	0.0	1	220392	n/a
430.46875	n/a	1.0	2	220400	n/a
430.486328125	n/a	0.0	1	220409	n/a
430.501953125	n/a	1.0	2	220417	n/a
430.51953125	n/a	0.0	1	220426	n/a
430.53515625	n/a	1.0	2	220434	n/a
430.552734375	n/a	1.0	2	220443	n/a
430.568359375	n/a	0.0	1	220451	n/a
430.5859375	n/a	1.0	2	220460	n/a
430.603515625	n/a	0.0	1	220469	n/a
430.619140625	n/a	0.0	1	220477	n/a
430.63671875	n/a	1.0	2	220486	n/a
430.65234375	n/a	0.0	1	220494	n/a
430.669921875	n/a	1.0	2	220503	n/a
430.685546875	n/a	0.0	1	220511	n/a
430.703125	n/a	1.0	2	220520	n/a
430.71875	n/a	1.0	2	220528	n/a
430.736328125	n/a	0.0	1	220537	n/a
430.751953125	n/a	0.0	1	220545	n/a
430.76953125	n/a	1.0	2	220554	n/a
430.78515625	n/a	0.0	1	220562	n/a
430.802734375	n/a	1.0	2	220571	n/a
430.818359375	n/a	0.0	1	220579	n/a
430.8359375	n/a	1.0	2	220588	n/a
430.853515625	n/a	1.0	2	220597	n/a
430.869140625	n/a	0.0	1	220605	n/a
430.88671875	n/a	1.0	2	220614	n/a
430.90234375	n/a	0.0	1	220622	n/a
430.919921875	n/a	0.0	1	220631	n/a
430.935546875	n/a	1.0	2	220639	n/a
430.953125	n/a	1.0	2	220648	n/a
430.96875	n/a	0.0	1	220656	n/a
430.986328125	n/a	1.0	2	220665	n/a
431.001953125	n/a	0.0	1	220673	n/a
431.01953125	n/a	1.0	2	220682	n/a
431.03515625	n/a	0.0	1	220690	n/a
431.052734375	n/a	1.0	2	220699	n/a
431.068359375	n/a	0.0	1	220707	n/a
431.0859375	n/a	1.0	2	220716	n/a
431.103515625	n/a	0.0	1	220725	n/a
431.119140625	n/a	0.0	1	220733	n/a
431.13671875	n/a	1.0	2	220742	n/a
431.15234375	n/a	0.0	1	220750	n/a
431.169921875	n/a	1.0	2	220759	n/a
431.185546875	n/a	1.0	2	220767	n/a
431.203125	n/a	0.0	1	220776	n/a
431.21875	n/a	0.0	1	220784	n/a
431.236328125	n/a	1.0	2	220793	n/a
431.251953125	n/a	1.0	2	220801	n/a
431.26953125	n/a	0.0	1	220810	n/a
431.28515625	n/a	0.0	1	220818	n/a
431.302734375	n/a	1.0	2	220827	n/a
431.318359375	n/a	0.0	1	220835	n/a
431.3359375	n/a	1.0	2	220844	n/a
431.353515625	n/a	1.0	2	220853	n/a
431.369140625	n/a	0.0	1	220861	n/a
431.38671875	n/a	1.0	2	220870	n/a
431.40234375	n/a	0.0	1	220878	n/a
431.419921875	n/a	1.0	2	220887	n/a
431.435546875	n/a	0.0	1	220895	n/a
431.453125	n/a	1.0	2	220904	n/a
431.46875	n/a	0.0	1	220912	n/a
431.486328125	n/a	0.0	1	220921	n/a
431.501953125	n/a	1.0	2	220929	n/a
431.51953125	n/a	1.0	2	220938	n/a
431.53515625	n/a	0.0	1	220946	n/a
431.552734375	n/a	0.0	1	220955	n/a
431.568359375	n/a	1.0	2	220963	n/a
431.5859375	n/a	1.0	2	220972	n/a
431.603515625	n/a	0.0	1	220981	n/a
431.619140625	n/a	1.0	2	220989	n/a
431.63671875	n/a	0.0	1	220998	n/a
431.65234375	n/a	1.0	2	221006	n/a
431.669921875	n/a	0.0	1	221015	n/a
431.685546875	n/a	1.0	2	221023	n/a
431.703125	n/a	0.0	1	221032	n/a
431.71875	n/a	0.0	1	221040	n/a
431.736328125	n/a	1.0	2	221049	n/a
431.751953125	n/a	0.0	1	221057	n/a
431.76953125	n/a	1.0	2	221066	n/a
431.78515625	n/a	0.0	1	221074	n/a
431.802734375	n/a	1.0	2	221083	n/a
431.818359375	n/a	0.0	1	221091	n/a
431.8359375	n/a	1.0	2	221100	n/a
431.853515625	n/a	0.0	1	221109	n/a
431.869140625	n/a	1.0	2	221117	n/a
431.88671875	n/a	1.0	2	221126	n/a
431.90234375	n/a	0.0	1	221134	n/a
431.919921875	n/a	0.0	1	221143	n/a
431.935546875	n/a	1.0	2	221151	n/a
431.953125	n/a	0.0	1	221160	n/a
431.96875	n/a	1.0	2	221168	n/a
431.986328125	n/a	1.0	2	221177	n/a
432.001953125	n/a	0.0	1	221185	n/a
432.01953125	n/a	0.0	1	221194	n/a
432.03515625	n/a	1.0	2	221202	n/a
432.052734375	n/a	1.0	2	221211	n/a
432.068359375	n/a	0.0	1	221219	n/a
432.0859375	n/a	1.0	2	221228	n/a
432.103515625	n/a	0.0	1	221237	n/a
432.119140625	n/a	0.0	1	221245	n/a
432.13671875	n/a	1.0	2	221254	n/a
432.15234375	n/a	1.0	2	221262	n/a
432.169921875	n/a	0.0	1	221271	n/a
432.185546875	n/a	0.0	1	221279	n/a
432.203125	n/a	1.0	2	221288	n/a
432.21875	n/a	1.0	2	221296	n/a
432.236328125	n/a	0.0	1	221305	n/a
432.251953125	n/a	1.0	2	221313	n/a
432.26953125	n/a	0.0	1	221322	n/a
432.28515625	n/a	0.0	1	221330	n/a
432.302734375	n/a	1.0	2	221339	n/a
432.318359375	n/a	1.0	2	221347	n/a
432.3359375	n/a	0.0	1	221356	n/a
432.353515625	n/a	0.0	1	221365	n/a
432.369140625	n/a	1.0	2	221373	n/a
432.38671875	n/a	0.0	1	221382	n/a
432.40234375	n/a	1.0	2	221390	n/a
432.419921875	n/a	1.0	2	221399	n/a
432.435546875	n/a	0.0	1	221407	n/a
432.453125	n/a	1.0	2	221416	n/a
432.46875	n/a	0.0	1	221424	n/a
432.486328125	n/a	1.0	2	221433	n/a
432.501953125	n/a	0.0	1	221441	n/a
432.51953125	n/a	0.0	1	221450	n/a
432.53515625	n/a	1.0	2	221458	n/a
432.552734375	n/a	0.0	1	221467	n/a
432.568359375	n/a	1.0	2	221475	n/a
432.5859375	n/a	0.0	1	221484	n/a
432.603515625	n/a	1.0	2	221493	n/a
432.619140625	n/a	0.0	1	221501	n/a
432.63671875	n/a	1.0	2	221510	n/a
432.65234375	n/a	1.0	2	221518	n/a
432.669921875	n/a	0.0	1	221527	n/a
432.685546875	n/a	1.0	2	221535	n/a
432.703125	n/a	0.0	1	221544	n/a
432.71875	n/a	0.0	1	221552	n/a
432.736328125	n/a	1.0	2	221561	n/a
432.751953125	n/a	0.0	1	221569	n/a
432.76953125	n/a	1.0	2	221578	n/a
432.78515625	n/a	0.0	1	221586	n/a
432.802734375	n/a	1.0	2	221595	n/a
432.818359375	n/a	1.0	2	221603	n/a
432.8359375	n/a	0.0	1	221612	n/a
432.853515625	n/a	0.0	1	221621	n/a
432.869140625	n/a	1.0	2	221629	n/a
432.88671875	n/a	0.0	1	221638	n/a
432.90234375	n/a	1.0	2	221646	n/a
432.919921875	n/a	0.0	1	221655	n/a
432.935546875	n/a	1.0	2	221663	n/a
432.953125	n/a	1.0	2	221672	n/a
432.96875	n/a	0.0	1	221680	n/a
432.986328125	n/a	1.0	2	221689	n/a
433.001953125	n/a	0.0	1	221697	n/a
433.01953125	n/a	0.0	1	221706	n/a
433.03515625	n/a	1.0	2	221714	n/a
433.052734375	n/a	1.0	2	221723	n/a
433.068359375	n/a	0.0	1	221731	n/a
433.0859375	n/a	1.0	2	221740	n/a
433.103515625	n/a	0.0	1	221749	n/a
433.119140625	n/a	1.0	2	221757	n/a
433.13671875	n/a	0.0	1	221766	n/a
433.15234375	n/a	1.0	2	221774	n/a
433.169921875	n/a	0.0	1	221783	n/a
433.185546875	n/a	1.0	2	221791	n/a
433.203125	n/a	0.0	1	221800	n/a
433.21875	n/a	0.0	1	221808	n/a
433.236328125	n/a	1.0	2	221817	n/a
433.251953125	n/a	0.0	1	221825	n/a
433.26953125	n/a	1.0	2	221834	n/a
433.28515625	n/a	1.0	2	221842	n/a
433.302734375	n/a	0.0	1	221851	n/a
433.318359375	n/a	0.0	1	221859	n/a
433.3359375	n/a	1.0	2	221868	n/a
433.353515625	n/a	1.0	2	221877	n/a
433.369140625	n/a	0.0	1	221885	n/a
433.38671875	n/a	0.0	1	221894	n/a
433.40234375	n/a	1.0	2	221902	n/a
433.419921875	n/a	0.0	1	221911	n/a
433.435546875	n/a	1.0	2	221919	n/a
433.453125	n/a	1.0	2	221928	n/a
433.46875	n/a	0.0	1	221936	n/a
433.486328125	n/a	1.0	2	221945	n/a
433.501953125	n/a	0.0	1	221953	n/a
433.51953125	n/a	1.0	2	221962	n/a
433.53515625	n/a	0.0	1	221970	n/a
433.552734375	n/a	1.0	2	221979	n/a
433.568359375	n/a	0.0	1	221987	n/a
433.5859375	n/a	0.0	1	221996	n/a
433.603515625	n/a	1.0	2	222005	n/a
433.619140625	n/a	1.0	2	222013	n/a
433.63671875	n/a	0.0	1	222022	n/a
433.65234375	n/a	0.0	1	222030	n/a
433.669921875	n/a	1.0	2	222039	n/a
433.685546875	n/a	1.0	2	222047	n/a
433.703125	n/a	0.0	1	222056	n/a
433.71875	n/a	1.0	2	222064	n/a
433.736328125	n/a	0.0	1	222073	n/a
433.751953125	n/a	1.0	2	222081	n/a
433.76953125	n/a	0.0	1	222090	n/a
433.78515625	n/a	1.0	2	222098	n/a
433.802734375	n/a	0.0	1	222107	n/a
433.818359375	n/a	0.0	1	222115	n/a
433.8359375	n/a	1.0	2	222124	n/a
433.853515625	n/a	0.0	1	222133	n/a
433.869140625	n/a	1.0	2	222141	n/a
433.88671875	n/a	0.0	1	222150	n/a
433.90234375	n/a	1.0	2	222158	n/a
433.919921875	n/a	0.0	1	222167	n/a
433.935546875	n/a	1.0	2	222175	n/a
433.953125	n/a	0.0	1	222184	n/a
433.96875	n/a	1.0	2	222192	n/a
433.986328125	n/a	1.0	2	222201	n/a
434.001953125	n/a	0.0	1	222209	n/a
434.01953125	n/a	0.0	1	222218	n/a
434.03515625	n/a	1.0	2	222226	n/a
434.052734375	n/a	0.0	1	222235	n/a
434.068359375	n/a	1.0	2	222243	n/a
434.0859375	n/a	1.0	2	222252	n/a
434.103515625	n/a	0.0	1	222261	n/a
434.119140625	n/a	0.0	1	222269	n/a
434.13671875	n/a	1.0	2	222278	n/a
434.15234375	n/a	1.0	2	222286	n/a
434.169921875	n/a	0.0	1	222295	n/a
434.185546875	n/a	1.0	2	222303	n/a
434.203125	n/a	0.0	1	222312	n/a
434.21875	n/a	0.0	1	222320	n/a
434.236328125	n/a	1.0	2	222329	n/a
434.251953125	n/a	1.0	2	222337	n/a
434.26953125	n/a	0.0	1	222346	n/a
434.28515625	n/a	0.0	1	222354	n/a
434.302734375	n/a	1.0	2	222363	n/a
434.318359375	n/a	1.0	2	222371	n/a
434.3359375	n/a	0.0	1	222380	n/a
434.353515625	n/a	1.0	2	222389	n/a
434.369140625	n/a	0.0	1	222397	n/a
434.38671875	n/a	0.0	1	222406	n/a
434.40234375	n/a	1.0	2	222414	n/a
434.419921875	n/a	1.0	2	222423	n/a
434.435546875	n/a	0.0	1	222431	n/a
434.453125	n/a	0.0	1	222440	n/a
434.46875	n/a	1.0	2	222448	n/a
434.486328125	n/a	0.0	1	222457	n/a
434.501953125	n/a	1.0	2	222465	n/a
434.51953125	n/a	1.0	2	222474	n/a
434.53515625	n/a	0.0	1	222482	n/a
434.552734375	n/a	1.0	2	222491	n/a
434.568359375	n/a	0.0	1	222499	n/a
434.5859375	n/a	1.0	2	222508	n/a
434.603515625	n/a	0.0	1	222517	n/a
434.619140625	n/a	0.0	1	222525	n/a
434.63671875	n/a	1.0	2	222534	n/a
434.65234375	n/a	0.0	1	222542	n/a
434.669921875	n/a	1.0	2	222551	n/a
434.685546875	n/a	0.0	1	222559	n/a
434.703125	n/a	1.0	2	222568	n/a
434.71875	n/a	0.0	1	222576	n/a
434.736328125	n/a	1.0	2	222585	n/a
434.751953125	n/a	1.0	2	222593	n/a
434.76953125	n/a	0.0	1	222602	n/a
434.78515625	n/a	1.0	2	222610	n/a
434.802734375	n/a	0.0	1	222619	n/a
434.818359375	n/a	0.0	1	222627	n/a
434.8359375	n/a	1.0	2	222636	n/a
434.853515625	n/a	0.0	1	222645	n/a
434.869140625	n/a	1.0	2	222653	n/a
434.88671875	n/a	0.0	1	222662	n/a
434.90234375	n/a	1.0	2	222670	n/a
434.919921875	n/a	1.0	2	222679	n/a
434.935546875	n/a	0.0	1	222687	n/a
434.953125	n/a	0.0	1	222696	n/a
434.96875	n/a	1.0	2	222704	n/a
434.986328125	n/a	0.0	1	222713	n/a
435.001953125	n/a	1.0	2	222721	n/a
435.01953125	n/a	0.0	1	222730	n/a
435.03515625	n/a	1.0	2	222738	n/a
435.052734375	n/a	1.0	2	222747	n/a
435.068359375	n/a	0.0	1	222755	n/a
435.0859375	n/a	1.0	2	222764	n/a
435.103515625	n/a	0.0	1	222773	n/a
435.119140625	n/a	0.0	1	222781	n/a
435.13671875	n/a	1.0	2	222790	n/a
435.15234375	n/a	1.0	2	222798	n/a
435.169921875	n/a	0.0	1	222807	n/a
435.185546875	n/a	1.0	2	222815	n/a
435.203125	n/a	0.0	1	222824	n/a
435.21875	n/a	1.0	2	222832	n/a
435.236328125	n/a	0.0	1	222841	n/a
435.251953125	n/a	1.0	2	222849	n/a
435.26953125	n/a	0.0	1	222858	n/a
435.28515625	n/a	1.0	2	222866	n/a
435.302734375	n/a	0.0	1	222875	n/a
435.318359375	n/a	0.0	1	222883	n/a
435.3359375	n/a	1.0	2	222892	n/a
435.353515625	n/a	0.0	1	222901	n/a
435.369140625	n/a	1.0	2	222909	n/a
435.38671875	n/a	1.0	2	222918	n/a
435.40234375	n/a	0.0	1	222926	n/a
435.419921875	n/a	0.0	1	222935	n/a
435.435546875	n/a	1.0	2	222943	n/a
435.453125	n/a	1.0	2	222952	n/a
435.46875	n/a	0.0	1	222960	n/a
435.486328125	n/a	0.0	1	222969	n/a
435.501953125	n/a	1.0	2	222977	n/a
435.51953125	n/a	0.0	1	222986	n/a
435.53515625	n/a	1.0	2	222994	n/a
435.552734375	n/a	1.0	2	223003	n/a
435.568359375	n/a	0.0	1	223011	n/a
435.5859375	n/a	1.0	2	223020	n/a
435.603515625	n/a	0.0	1	223029	n/a
435.619140625	n/a	1.0	2	223037	n/a
435.63671875	n/a	0.0	1	223046	n/a
435.65234375	n/a	1.0	2	223054	n/a
435.669921875	n/a	0.0	1	223063	n/a
435.685546875	n/a	0.0	1	223071	n/a
435.703125	n/a	1.0	2	223080	n/a
435.71875	n/a	1.0	2	223088	n/a
435.736328125	n/a	0.0	1	223097	n/a
435.751953125	n/a	0.0	1	223105	n/a
435.76953125	n/a	1.0	2	223114	n/a
435.78515625	n/a	1.0	2	223122	n/a
435.802734375	n/a	0.0	1	223131	n/a
435.818359375	n/a	1.0	2	223139	n/a
435.8359375	n/a	0.0	1	223148	n/a
435.853515625	n/a	1.0	2	223157	n/a
435.869140625	n/a	0.0	1	223165	n/a
435.88671875	n/a	1.0	2	223174	n/a
435.90234375	n/a	0.0	1	223182	n/a
435.919921875	n/a	0.0	1	223191	n/a
435.935546875	n/a	1.0	2	223199	n/a
435.953125	n/a	0.0	1	223208	n/a
435.96875	n/a	1.0	2	223216	n/a
435.986328125	n/a	0.0	1	223225	n/a
436.001953125	n/a	1.0	2	223233	n/a
436.01953125	n/a	0.0	1	223242	n/a
436.03515625	n/a	1.0	2	223250	n/a
436.052734375	n/a	0.0	1	223259	n/a
436.068359375	n/a	1.0	2	223267	n/a
436.0859375	n/a	1.0	2	223276	n/a
436.103515625	n/a	0.0	1	223285	n/a
436.119140625	n/a	0.0	1	223293	n/a
436.13671875	n/a	1.0	2	223302	n/a
436.15234375	n/a	0.0	1	223310	n/a
436.169921875	n/a	1.0	2	223319	n/a
436.185546875	n/a	1.0	2	223327	n/a
436.203125	n/a	0.0	1	223336	n/a
436.21875	n/a	0.0	1	223344	n/a
436.236328125	n/a	1.0	2	223353	n/a
436.251953125	n/a	1.0	2	223361	n/a
436.26953125	n/a	0.0	1	223370	n/a
436.28515625	n/a	1.0	2	223378	n/a
436.302734375	n/a	0.0	1	223387	n/a
436.318359375	n/a	0.0	1	223395	n/a
436.3359375	n/a	1.0	2	223404	n/a
436.353515625	n/a	1.0	2	223413	n/a
436.369140625	n/a	0.0	1	223421	n/a
436.38671875	n/a	0.0	1	223430	n/a
436.40234375	n/a	1.0	2	223438	n/a
436.419921875	n/a	1.0	2	223447	n/a
436.435546875	n/a	0.0	1	223455	n/a
436.453125	n/a	1.0	2	223464	n/a
436.46875	n/a	0.0	1	223472	n/a
436.486328125	n/a	0.0	1	223481	n/a
436.501953125	n/a	1.0	2	223489	n/a
436.51953125	n/a	1.0	2	223498	n/a
436.53515625	n/a	0.0	1	223506	n/a
436.552734375	n/a	0.0	1	223515	n/a
436.568359375	n/a	1.0	2	223523	n/a
437.85546875	n/a	1.0	2	224182	18.0
437.873046875	n/a	0.0	1	224191	n/a
437.888671875	n/a	1.0	2	224199	n/a
437.90625	n/a	0.0	1	224208	n/a
437.921875	n/a	0.0	1	224216	n/a
437.939453125	n/a	1.0	2	224225	n/a
437.955078125	n/a	0.0	1	224233	n/a
437.97265625	n/a	1.0	2	224242	n/a
437.98828125	n/a	0.0	1	224250	n/a
438.005859375	n/a	1.0	2	224259	n/a
438.021484375	n/a	1.0	2	224267	n/a
438.0390625	n/a	0.0	1	224276	n/a
438.0546875	n/a	0.0	1	224284	n/a
438.072265625	n/a	1.0	2	224293	n/a
438.087890625	n/a	0.0	1	224301	n/a
438.10546875	n/a	1.0	2	224310	n/a
438.123046875	n/a	0.0	1	224319	n/a
438.138671875	n/a	1.0	2	224327	n/a
438.15625	n/a	1.0	2	224336	n/a
438.171875	n/a	0.0	1	224344	n/a
438.189453125	n/a	0.0	1	224353	n/a
438.205078125	n/a	1.0	2	224361	n/a
438.22265625	n/a	1.0	2	224370	n/a
438.23828125	n/a	0.0	1	224378	n/a
438.255859375	n/a	1.0	2	224387	n/a
438.271484375	n/a	0.0	1	224395	n/a
438.2890625	n/a	0.0	1	224404	n/a
438.3046875	n/a	1.0	2	224412	n/a
438.322265625	n/a	0.0	1	224421	n/a
438.337890625	n/a	1.0	2	224429	n/a
438.35546875	n/a	0.0	1	224438	n/a
438.373046875	n/a	1.0	2	224447	n/a
438.388671875	n/a	0.0	1	224455	n/a
438.40625	n/a	1.0	2	224464	n/a
438.421875	n/a	0.0	1	224472	n/a
438.439453125	n/a	1.0	2	224481	n/a
438.455078125	n/a	1.0	2	224489	n/a
438.47265625	n/a	0.0	1	224498	n/a
438.48828125	n/a	1.0	2	224506	n/a
438.505859375	n/a	0.0	1	224515	n/a
438.521484375	n/a	0.0	1	224523	n/a
438.5390625	n/a	1.0	2	224532	n/a
438.5546875	n/a	0.0	1	224540	n/a
438.572265625	n/a	1.0	2	224549	n/a
438.587890625	n/a	0.0	1	224557	n/a
438.60546875	n/a	1.0	2	224566	n/a
438.623046875	n/a	1.0	2	224575	n/a
438.638671875	n/a	0.0	1	224583	n/a
438.65625	n/a	1.0	2	224592	n/a
438.671875	n/a	0.0	1	224600	n/a
438.689453125	n/a	1.0	2	224609	n/a
438.705078125	n/a	0.0	1	224617	n/a
438.72265625	n/a	0.0	1	224626	n/a
438.73828125	n/a	1.0	2	224634	n/a
438.755859375	n/a	0.0	1	224643	n/a
438.771484375	n/a	1.0	2	224651	n/a
438.7890625	n/a	0.0	1	224660	n/a
438.8046875	n/a	1.0	2	224668	n/a
438.822265625	n/a	1.0	2	224677	n/a
438.837890625	n/a	0.0	1	224685	n/a
438.85546875	n/a	0.0	1	224694	n/a
438.873046875	n/a	1.0	2	224703	n/a
438.888671875	n/a	1.0	2	224711	n/a
438.90625	n/a	0.0	1	224720	n/a
438.921875	n/a	0.0	1	224728	n/a
438.939453125	n/a	1.0	2	224737	n/a
438.955078125	n/a	1.0	2	224745	n/a
438.97265625	n/a	0.0	1	224754	n/a
438.98828125	n/a	1.0	2	224762	n/a
439.005859375	n/a	0.0	1	224771	n/a
439.021484375	n/a	1.0	2	224779	n/a
439.0390625	n/a	0.0	1	224788	n/a
439.0546875	n/a	0.0	1	224796	n/a
439.072265625	n/a	1.0	2	224805	n/a
439.087890625	n/a	0.0	1	224813	n/a
439.10546875	n/a	1.0	2	224822	n/a
439.123046875	n/a	0.0	1	224831	n/a
439.138671875	n/a	1.0	2	224839	n/a
439.15625	n/a	1.0	2	224848	n/a
439.171875	n/a	0.0	1	224856	n/a
439.189453125	n/a	1.0	2	224865	n/a
439.205078125	n/a	0.0	1	224873	n/a
439.22265625	n/a	1.0	2	224882	n/a
439.23828125	n/a	0.0	1	224890	n/a
439.255859375	n/a	1.0	2	224899	n/a
439.271484375	n/a	0.0	1	224907	n/a
439.2890625	n/a	1.0	2	224916	n/a
439.3046875	n/a	0.0	1	224924	n/a
439.322265625	n/a	1.0	2	224933	n/a
439.337890625	n/a	0.0	1	224941	n/a
439.35546875	n/a	1.0	2	224950	n/a
439.373046875	n/a	0.0	1	224959	n/a
439.388671875	n/a	1.0	2	224967	n/a
439.40625	n/a	0.0	1	224976	n/a
439.421875	n/a	1.0	2	224984	n/a
439.439453125	n/a	0.0	1	224993	n/a
439.455078125	n/a	0.0	1	225001	n/a
439.47265625	n/a	1.0	2	225010	n/a
439.48828125	n/a	0.0	1	225018	n/a
439.505859375	n/a	1.0	2	225027	n/a
439.521484375	n/a	1.0	2	225035	n/a
439.5390625	n/a	0.0	1	225044	n/a
439.5546875	n/a	1.0	2	225052	n/a
439.572265625	n/a	0.0	1	225061	n/a
439.587890625	n/a	1.0	2	225069	n/a
439.60546875	n/a	0.0	1	225078	n/a
439.623046875	n/a	1.0	2	225087	n/a
439.638671875	n/a	0.0	1	225095	n/a
439.65625	n/a	0.0	1	225104	n/a
439.671875	n/a	1.0	2	225112	n/a
439.689453125	n/a	1.0	2	225121	n/a
439.705078125	n/a	0.0	1	225129	n/a
439.72265625	n/a	1.0	2	225138	n/a
439.73828125	n/a	0.0	1	225146	n/a
439.755859375	n/a	0.0	1	225155	n/a
439.771484375	n/a	1.0	2	225163	n/a
439.7890625	n/a	0.0	1	225172	n/a
439.8046875	n/a	1.0	2	225180	n/a
439.822265625	n/a	0.0	1	225189	n/a
439.837890625	n/a	1.0	2	225197	n/a
439.85546875	n/a	0.0	1	225206	n/a
439.873046875	n/a	1.0	2	225215	n/a
439.888671875	n/a	0.0	1	225223	n/a
439.90625	n/a	1.0	2	225232	n/a
439.921875	n/a	1.0	2	225240	n/a
439.939453125	n/a	0.0	1	225249	n/a
439.955078125	n/a	1.0	2	225257	n/a
439.97265625	n/a	0.0	1	225266	n/a
439.98828125	n/a	1.0	2	225274	n/a
440.005859375	n/a	0.0	1	225283	n/a
440.021484375	n/a	0.0	1	225291	n/a
440.0390625	n/a	1.0	2	225300	n/a
440.0546875	n/a	0.0	1	225308	n/a
440.072265625	n/a	1.0	2	225317	n/a
440.087890625	n/a	0.0	1	225325	n/a
440.10546875	n/a	1.0	2	225334	n/a
440.123046875	n/a	1.0	2	225343	n/a
440.138671875	n/a	0.0	1	225351	n/a
440.15625	n/a	0.0	1	225360	n/a
440.171875	n/a	1.0	2	225368	n/a
440.189453125	n/a	0.0	1	225377	n/a
440.205078125	n/a	1.0	2	225385	n/a
440.22265625	n/a	0.0	1	225394	n/a
440.23828125	n/a	1.0	2	225402	n/a
440.255859375	n/a	1.0	2	225411	n/a
440.271484375	n/a	0.0	1	225419	n/a
440.2890625	n/a	0.0	1	225428	n/a
440.3046875	n/a	1.0	2	225436	n/a
440.322265625	n/a	1.0	2	225445	n/a
440.337890625	n/a	0.0	1	225453	n/a
440.35546875	n/a	1.0	2	225462	n/a
440.373046875	n/a	0.0	1	225471	n/a
440.388671875	n/a	0.0	1	225479	n/a
440.40625	n/a	1.0	2	225488	n/a
440.421875	n/a	0.0	1	225496	n/a
440.439453125	n/a	1.0	2	225505	n/a
440.455078125	n/a	0.0	1	225513	n/a
440.47265625	n/a	1.0	2	225522	n/a
440.48828125	n/a	0.0	1	225530	n/a
440.505859375	n/a	1.0	2	225539	n/a
440.521484375	n/a	0.0	1	225547	n/a
440.5390625	n/a	1.0	2	225556	n/a
440.5546875	n/a	1.0	2	225564	n/a
440.572265625	n/a	0.0	1	225573	n/a
440.587890625	n/a	1.0	2	225581	n/a
440.60546875	n/a	0.0	1	225590	n/a
440.623046875	n/a	0.0	1	225599	n/a
440.638671875	n/a	1.0	2	225607	n/a
440.65625	n/a	0.0	1	225616	n/a
440.671875	n/a	1.0	2	225624	n/a
440.689453125	n/a	0.0	1	225633	n/a
440.705078125	n/a	1.0	2	225641	n/a
440.72265625	n/a	1.0	2	225650	n/a
440.73828125	n/a	0.0	1	225658	n/a
440.755859375	n/a	1.0	2	225667	n/a
440.771484375	n/a	0.0	1	225675	n/a
440.7890625	n/a	1.0	2	225684	n/a
440.8046875	n/a	0.0	1	225692	n/a
440.822265625	n/a	0.0	1	225701	n/a
440.837890625	n/a	1.0	2	225709	n/a
440.85546875	n/a	0.0	1	225718	n/a
440.873046875	n/a	1.0	2	225727	n/a
440.888671875	n/a	0.0	1	225735	n/a
440.90625	n/a	1.0	2	225744	n/a
440.921875	n/a	1.0	2	225752	n/a
440.939453125	n/a	0.0	1	225761	n/a
440.955078125	n/a	0.0	1	225769	n/a
440.97265625	n/a	1.0	2	225778	n/a
440.98828125	n/a	1.0	2	225786	n/a
441.005859375	n/a	0.0	1	225795	n/a
441.021484375	n/a	0.0	1	225803	n/a
441.0390625	n/a	1.0	2	225812	n/a
441.0546875	n/a	1.0	2	225820	n/a
441.072265625	n/a	0.0	1	225829	n/a
441.087890625	n/a	1.0	2	225837	n/a
441.10546875	n/a	0.0	1	225846	n/a
441.123046875	n/a	1.0	2	225855	n/a
441.138671875	n/a	0.0	1	225863	n/a
441.15625	n/a	0.0	1	225872	n/a
441.171875	n/a	1.0	2	225880	n/a
441.189453125	n/a	0.0	1	225889	n/a
441.205078125	n/a	1.0	2	225897	n/a
441.22265625	n/a	0.0	1	225906	n/a
441.23828125	n/a	1.0	2	225914	n/a
441.255859375	n/a	1.0	2	225923	n/a
441.271484375	n/a	0.0	1	225931	n/a
441.2890625	n/a	1.0	2	225940	n/a
441.3046875	n/a	0.0	1	225948	n/a
441.322265625	n/a	1.0	2	225957	n/a
441.337890625	n/a	0.0	1	225965	n/a
441.35546875	n/a	1.0	2	225974	n/a
441.373046875	n/a	0.0	1	225983	n/a
441.388671875	n/a	1.0	2	225991	n/a
441.40625	n/a	0.0	1	226000	n/a
441.421875	n/a	1.0	2	226008	n/a
441.439453125	n/a	0.0	1	226017	n/a
441.455078125	n/a	1.0	2	226025	n/a
441.47265625	n/a	0.0	1	226034	n/a
441.48828125	n/a	1.0	2	226042	n/a
441.505859375	n/a	0.0	1	226051	n/a
441.521484375	n/a	1.0	2	226059	n/a
441.5390625	n/a	0.0	1	226068	n/a
441.5546875	n/a	0.0	1	226076	n/a
441.572265625	n/a	1.0	2	226085	n/a
441.587890625	n/a	0.0	1	226093	n/a
441.60546875	n/a	1.0	2	226102	n/a
441.623046875	n/a	1.0	2	226111	n/a
441.638671875	n/a	0.0	1	226119	n/a
441.65625	n/a	1.0	2	226128	n/a
441.671875	n/a	0.0	1	226136	n/a
441.689453125	n/a	1.0	2	226145	n/a
441.705078125	n/a	0.0	1	226153	n/a
441.72265625	n/a	1.0	2	226162	n/a
441.73828125	n/a	0.0	1	226170	n/a
441.755859375	n/a	0.0	1	226179	n/a
441.771484375	n/a	1.0	2	226187	n/a
441.7890625	n/a	1.0	2	226196	n/a
441.8046875	n/a	0.0	1	226204	n/a
441.822265625	n/a	1.0	2	226213	n/a
441.837890625	n/a	0.0	1	226221	n/a
441.85546875	n/a	0.0	1	226230	n/a
441.873046875	n/a	1.0	2	226239	n/a
441.888671875	n/a	0.0	1	226247	n/a
441.90625	n/a	1.0	2	226256	n/a
441.921875	n/a	0.0	1	226264	n/a
441.939453125	n/a	1.0	2	226273	n/a
441.955078125	n/a	0.0	1	226281	n/a
441.97265625	n/a	1.0	2	226290	n/a
441.98828125	n/a	0.0	1	226298	n/a
442.005859375	n/a	1.0	2	226307	n/a
442.021484375	n/a	1.0	2	226315	n/a
442.0390625	n/a	0.0	1	226324	n/a
442.0546875	n/a	1.0	2	226332	n/a
442.072265625	n/a	0.0	1	226341	n/a
442.087890625	n/a	1.0	2	226349	n/a
442.10546875	n/a	0.0	1	226358	n/a
442.123046875	n/a	0.0	1	226367	n/a
442.138671875	n/a	1.0	2	226375	n/a
442.15625	n/a	0.0	1	226384	n/a
442.171875	n/a	1.0	2	226392	n/a
442.189453125	n/a	0.0	1	226401	n/a
442.205078125	n/a	1.0	2	226409	n/a
442.22265625	n/a	1.0	2	226418	n/a
442.23828125	n/a	0.0	1	226426	n/a
442.255859375	n/a	0.0	1	226435	n/a
442.271484375	n/a	1.0	2	226443	n/a
442.2890625	n/a	0.0	1	226452	n/a
442.3046875	n/a	1.0	2	226460	n/a
442.322265625	n/a	0.0	1	226469	n/a
442.337890625	n/a	1.0	2	226477	n/a
442.35546875	n/a	1.0	2	226486	n/a
442.373046875	n/a	0.0	1	226495	n/a
442.388671875	n/a	0.0	1	226503	n/a
442.40625	n/a	1.0	2	226512	n/a
442.421875	n/a	1.0	2	226520	n/a
442.439453125	n/a	0.0	1	226529	n/a
442.455078125	n/a	1.0	2	226537	n/a
442.47265625	n/a	0.0	1	226546	n/a
442.48828125	n/a	0.0	1	226554	n/a
442.505859375	n/a	1.0	2	226563	n/a
442.521484375	n/a	0.0	1	226571	n/a
442.5390625	n/a	1.0	2	226580	n/a
442.5546875	n/a	0.0	1	226588	n/a
442.572265625	n/a	1.0	2	226597	n/a
442.587890625	n/a	0.0	1	226605	n/a
442.60546875	n/a	1.0	2	226614	n/a
442.623046875	n/a	0.0	1	226623	n/a
442.638671875	n/a	1.0	2	226631	n/a
442.65625	n/a	1.0	2	226640	n/a
442.671875	n/a	0.0	1	226648	n/a
442.689453125	n/a	1.0	2	226657	n/a
442.705078125	n/a	0.0	1	226665	n/a
442.72265625	n/a	0.0	1	226674	n/a
442.73828125	n/a	1.0	2	226682	n/a
442.755859375	n/a	0.0	1	226691	n/a
442.771484375	n/a	1.0	2	226699	n/a
442.7890625	n/a	0.0	1	226708	n/a
442.8046875	n/a	1.0	2	226716	n/a
442.822265625	n/a	1.0	2	226725	n/a
442.837890625	n/a	0.0	1	226733	n/a
442.85546875	n/a	1.0	2	226742	n/a
442.873046875	n/a	0.0	1	226751	n/a
442.888671875	n/a	1.0	2	226759	n/a
442.90625	n/a	0.0	1	226768	n/a
442.921875	n/a	0.0	1	226776	n/a
442.939453125	n/a	1.0	2	226785	n/a
442.955078125	n/a	0.0	1	226793	n/a
442.97265625	n/a	1.0	2	226802	n/a
442.98828125	n/a	0.0	1	226810	n/a
443.005859375	n/a	1.0	2	226819	n/a
443.021484375	n/a	1.0	2	226827	n/a
443.0390625	n/a	0.0	1	226836	n/a
443.0546875	n/a	0.0	1	226844	n/a
443.072265625	n/a	1.0	2	226853	n/a
443.087890625	n/a	1.0	2	226861	n/a
443.10546875	n/a	0.0	1	226870	n/a
443.123046875	n/a	0.0	1	226879	n/a
443.138671875	n/a	1.0	2	226887	n/a
443.15625	n/a	1.0	2	226896	n/a
443.171875	n/a	0.0	1	226904	n/a
443.189453125	n/a	1.0	2	226913	n/a
443.205078125	n/a	0.0	1	226921	n/a
443.22265625	n/a	1.0	2	226930	n/a
443.23828125	n/a	0.0	1	226938	n/a
443.255859375	n/a	0.0	1	226947	n/a
443.271484375	n/a	1.0	2	226955	n/a
443.2890625	n/a	0.0	1	226964	n/a
443.3046875	n/a	1.0	2	226972	n/a
443.322265625	n/a	0.0	1	226981	n/a
443.337890625	n/a	1.0	2	226989	n/a
443.35546875	n/a	1.0	2	226998	n/a
443.373046875	n/a	0.0	1	227007	n/a
443.388671875	n/a	1.0	2	227015	n/a
443.40625	n/a	0.0	1	227024	n/a
443.421875	n/a	1.0	2	227032	n/a
443.439453125	n/a	0.0	1	227041	n/a
443.455078125	n/a	1.0	2	227049	n/a
443.47265625	n/a	0.0	1	227058	n/a
443.48828125	n/a	1.0	2	227066	n/a
443.505859375	n/a	0.0	1	227075	n/a
443.521484375	n/a	1.0	2	227083	n/a
443.5390625	n/a	0.0	1	227092	n/a
443.5546875	n/a	1.0	2	227100	n/a
443.572265625	n/a	0.0	1	227109	n/a
443.587890625	n/a	1.0	2	227117	n/a
443.60546875	n/a	0.0	1	227126	n/a
443.623046875	n/a	1.0	2	227135	n/a
443.638671875	n/a	0.0	1	227143	n/a
443.65625	n/a	0.0	1	227152	n/a
443.671875	n/a	1.0	2	227160	n/a
443.689453125	n/a	0.0	1	227169	n/a
443.705078125	n/a	1.0	2	227177	n/a
443.72265625	n/a	1.0	2	227186	n/a
443.73828125	n/a	0.0	1	227194	n/a
443.755859375	n/a	1.0	2	227203	n/a
443.771484375	n/a	0.0	1	227211	n/a
443.7890625	n/a	1.0	2	227220	n/a
443.8046875	n/a	0.0	1	227228	n/a
443.822265625	n/a	1.0	2	227237	n/a
443.837890625	n/a	0.0	1	227245	n/a
443.85546875	n/a	0.0	1	227254	n/a
443.873046875	n/a	1.0	2	227263	n/a
443.888671875	n/a	1.0	2	227271	n/a
443.90625	n/a	0.0	1	227280	n/a
443.921875	n/a	1.0	2	227288	n/a
443.939453125	n/a	0.0	1	227297	n/a
443.955078125	n/a	0.0	1	227305	n/a
443.97265625	n/a	1.0	2	227314	n/a
443.98828125	n/a	0.0	1	227322	n/a
444.005859375	n/a	1.0	2	227331	n/a
444.021484375	n/a	0.0	1	227339	n/a
444.0390625	n/a	1.0	2	227348	n/a
444.0546875	n/a	0.0	1	227356	n/a
444.072265625	n/a	1.0	2	227365	n/a
444.087890625	n/a	0.0	1	227373	n/a
444.10546875	n/a	1.0	2	227382	n/a
444.123046875	n/a	1.0	2	227391	n/a
444.138671875	n/a	0.0	1	227399	n/a
444.15625	n/a	1.0	2	227408	n/a
444.171875	n/a	0.0	1	227416	n/a
444.189453125	n/a	1.0	2	227425	n/a
444.205078125	n/a	0.0	1	227433	n/a
444.22265625	n/a	0.0	1	227442	n/a
444.23828125	n/a	1.0	2	227450	n/a
444.255859375	n/a	0.0	1	227459	n/a
444.271484375	n/a	1.0	2	227467	n/a
444.2890625	n/a	0.0	1	227476	n/a
444.3046875	n/a	1.0	2	227484	n/a
444.322265625	n/a	1.0	2	227493	n/a
444.337890625	n/a	0.0	1	227501	n/a
444.35546875	n/a	0.0	1	227510	n/a
444.373046875	n/a	1.0	2	227519	n/a
444.388671875	n/a	0.0	1	227527	n/a
444.40625	n/a	1.0	2	227536	n/a
444.421875	n/a	0.0	1	227544	n/a
444.439453125	n/a	1.0	2	227553	n/a
444.455078125	n/a	1.0	2	227561	n/a
444.47265625	n/a	0.0	1	227570	n/a
444.48828125	n/a	0.0	1	227578	n/a
444.505859375	n/a	1.0	2	227587	n/a
444.521484375	n/a	1.0	2	227595	n/a
444.5390625	n/a	0.0	1	227604	n/a
444.5546875	n/a	1.0	2	227612	n/a
444.572265625	n/a	0.0	1	227621	n/a
444.587890625	n/a	0.0	1	227629	n/a
444.60546875	n/a	1.0	2	227638	n/a
444.623046875	n/a	0.0	1	227647	n/a
444.638671875	n/a	1.0	2	227655	n/a
444.65625	n/a	0.0	1	227664	n/a
444.671875	n/a	1.0	2	227672	n/a
444.689453125	n/a	0.0	1	227681	n/a
444.705078125	n/a	1.0	2	227689	n/a
444.72265625	n/a	0.0	1	227698	n/a
444.73828125	n/a	1.0	2	227706	n/a
444.755859375	n/a	1.0	2	227715	n/a
444.771484375	n/a	0.0	1	227723	n/a
444.7890625	n/a	1.0	2	227732	n/a
444.8046875	n/a	0.0	1	227740	n/a
444.822265625	n/a	0.0	1	227749	n/a
444.837890625	n/a	1.0	2	227757	n/a
444.85546875	n/a	0.0	1	227766	n/a
444.873046875	n/a	1.0	2	227775	n/a
444.888671875	n/a	0.0	1	227783	n/a
444.90625	n/a	1.0	2	227792	n/a
444.921875	n/a	1.0	2	227800	n/a
444.939453125	n/a	0.0	1	227809	n/a
444.955078125	n/a	1.0	2	227817	n/a
444.97265625	n/a	0.0	1	227826	n/a
444.98828125	n/a	1.0	2	227834	n/a
445.005859375	n/a	0.0	1	227843	n/a
445.021484375	n/a	0.0	1	227851	n/a
445.0390625	n/a	1.0	2	227860	n/a
445.0546875	n/a	0.0	1	227868	n/a
445.072265625	n/a	1.0	2	227877	n/a
445.087890625	n/a	0.0	1	227885	n/a
445.10546875	n/a	1.0	2	227894	n/a
445.123046875	n/a	1.0	2	227903	n/a
445.138671875	n/a	0.0	1	227911	n/a
445.15625	n/a	0.0	1	227920	n/a
445.171875	n/a	1.0	2	227928	n/a
445.189453125	n/a	1.0	2	227937	n/a
445.205078125	n/a	0.0	1	227945	n/a
445.22265625	n/a	0.0	1	227954	n/a
445.23828125	n/a	1.0	2	227962	n/a
445.255859375	n/a	1.0	2	227971	n/a
445.271484375	n/a	0.0	1	227979	n/a
445.2890625	n/a	1.0	2	227988	n/a
445.3046875	n/a	0.0	1	227996	n/a
445.322265625	n/a	1.0	2	228005	n/a
445.337890625	n/a	0.0	1	228013	n/a
445.35546875	n/a	0.0	1	228022	n/a
445.373046875	n/a	1.0	2	228031	n/a
445.388671875	n/a	0.0	1	228039	n/a
445.40625	n/a	1.0	2	228048	n/a
445.421875	n/a	0.0	1	228056	n/a
445.439453125	n/a	1.0	2	228065	n/a
445.455078125	n/a	1.0	2	228073	n/a
445.47265625	n/a	0.0	1	228082	n/a
445.48828125	n/a	1.0	2	228090	n/a
445.505859375	n/a	0.0	1	228099	n/a
445.521484375	n/a	1.0	2	228107	n/a
445.5390625	n/a	0.0	1	228116	n/a
445.5546875	n/a	1.0	2	228124	n/a
445.572265625	n/a	0.0	1	228133	n/a
445.587890625	n/a	1.0	2	228141	n/a
445.60546875	n/a	0.0	1	228150	n/a
445.623046875	n/a	1.0	2	228159	n/a
445.638671875	n/a	0.0	1	228167	n/a
445.65625	n/a	1.0	2	228176	n/a
445.671875	n/a	0.0	1	228184	n/a
445.689453125	n/a	1.0	2	228193	n/a
445.705078125	n/a	0.0	1	228201	n/a
445.72265625	n/a	1.0	2	228210	n/a
445.73828125	n/a	0.0	1	228218	n/a
445.755859375	n/a	0.0	1	228227	n/a
445.771484375	n/a	1.0	2	228235	n/a
445.7890625	n/a	0.0	1	228244	n/a
445.8046875	n/a	1.0	2	228252	n/a
445.822265625	n/a	1.0	2	228261	n/a
445.837890625	n/a	0.0	1	228269	n/a
445.85546875	n/a	1.0	2	228278	n/a
445.873046875	n/a	0.0	1	228287	n/a
445.888671875	n/a	1.0	2	228295	n/a
445.90625	n/a	0.0	1	228304	n/a
445.921875	n/a	1.0	2	228312	n/a
445.939453125	n/a	0.0	1	228321	n/a
445.955078125	n/a	0.0	1	228329	n/a
445.97265625	n/a	1.0	2	228338	n/a
445.98828125	n/a	1.0	2	228346	n/a
446.005859375	n/a	0.0	1	228355	n/a
446.021484375	n/a	1.0	2	228363	n/a
446.0390625	n/a	0.0	1	228372	n/a
446.0546875	n/a	0.0	1	228380	n/a
446.072265625	n/a	1.0	2	228389	n/a
446.087890625	n/a	0.0	1	228397	n/a
446.10546875	n/a	1.0	2	228406	n/a
446.123046875	n/a	0.0	1	228415	n/a
446.138671875	n/a	1.0	2	228423	n/a
446.15625	n/a	0.0	1	228432	n/a
446.171875	n/a	1.0	2	228440	n/a
446.189453125	n/a	0.0	1	228449	n/a
446.205078125	n/a	1.0	2	228457	n/a
446.22265625	n/a	1.0	2	228466	n/a
446.23828125	n/a	0.0	1	228474	n/a
446.255859375	n/a	1.0	2	228483	n/a
446.271484375	n/a	0.0	1	228491	n/a
446.2890625	n/a	1.0	2	228500	n/a
446.3046875	n/a	0.0	1	228508	n/a
446.322265625	n/a	0.0	1	228517	n/a
446.337890625	n/a	1.0	2	228525	n/a
446.35546875	n/a	0.0	1	228534	n/a
446.373046875	n/a	1.0	2	228543	n/a
446.388671875	n/a	0.0	1	228551	n/a
446.40625	n/a	1.0	2	228560	n/a
446.421875	n/a	1.0	2	228568	n/a
446.439453125	n/a	0.0	1	228577	n/a
446.455078125	n/a	0.0	1	228585	n/a
446.47265625	n/a	1.0	2	228594	n/a
446.48828125	n/a	0.0	1	228602	n/a
446.505859375	n/a	1.0	2	228611	n/a
446.521484375	n/a	0.0	1	228619	n/a
446.5390625	n/a	1.0	2	228628	n/a
446.5546875	n/a	1.0	2	228636	n/a
446.572265625	n/a	0.0	1	228645	n/a
446.587890625	n/a	0.0	1	228653	n/a
446.60546875	n/a	1.0	2	228662	n/a
446.623046875	n/a	1.0	2	228671	n/a
446.638671875	n/a	0.0	1	228679	n/a
446.65625	n/a	1.0	2	228688	n/a
446.671875	n/a	0.0	1	228696	n/a
446.689453125	n/a	0.0	1	228705	n/a
446.705078125	n/a	1.0	2	228713	n/a
446.72265625	n/a	0.0	1	228722	n/a
446.73828125	n/a	1.0	2	228730	n/a
446.755859375	n/a	0.0	1	228739	n/a
446.771484375	n/a	1.0	2	228747	n/a
446.7890625	n/a	0.0	1	228756	n/a
446.8046875	n/a	1.0	2	228764	n/a
446.822265625	n/a	0.0	1	228773	n/a
446.837890625	n/a	1.0	2	228781	n/a
446.85546875	n/a	1.0	2	228790	n/a
446.873046875	n/a	0.0	1	228799	n/a
446.888671875	n/a	1.0	2	228807	n/a
446.90625	n/a	0.0	1	228816	n/a
446.921875	n/a	0.0	1	228824	n/a
446.939453125	n/a	1.0	2	228833	n/a
446.955078125	n/a	0.0	1	228841	n/a
446.97265625	n/a	1.0	2	228850	n/a
446.98828125	n/a	0.0	1	228858	n/a
447.005859375	n/a	1.0	2	228867	n/a
447.021484375	n/a	1.0	2	228875	n/a
447.0390625	n/a	0.0	1	228884	n/a
447.0546875	n/a	1.0	2	228892	n/a
447.072265625	n/a	0.0	1	228901	n/a
447.087890625	n/a	1.0	2	228909	n/a
447.10546875	n/a	0.0	1	228918	n/a
447.123046875	n/a	0.0	1	228927	n/a
447.138671875	n/a	1.0	2	228935	n/a
447.15625	n/a	0.0	1	228944	n/a
447.171875	n/a	1.0	2	228952	n/a
447.189453125	n/a	0.0	1	228961	n/a
447.205078125	n/a	1.0	2	228969	n/a
447.22265625	n/a	1.0	2	228978	n/a
447.23828125	n/a	0.0	1	228986	n/a
447.255859375	n/a	0.0	1	228995	n/a
447.271484375	n/a	1.0	2	229003	n/a
447.2890625	n/a	1.0	2	229012	n/a
447.3046875	n/a	0.0	1	229020	n/a
447.322265625	n/a	0.0	1	229029	n/a
447.337890625	n/a	1.0	2	229037	n/a
447.35546875	n/a	1.0	2	229046	n/a
447.373046875	n/a	0.0	1	229055	n/a
447.388671875	n/a	1.0	2	229063	n/a
447.40625	n/a	0.0	1	229072	n/a
447.421875	n/a	1.0	2	229080	n/a
447.439453125	n/a	0.0	1	229089	n/a
447.455078125	n/a	0.0	1	229097	n/a
447.47265625	n/a	1.0	2	229106	n/a
447.48828125	n/a	0.0	1	229114	n/a
447.505859375	n/a	1.0	2	229123	n/a
447.521484375	n/a	0.0	1	229131	n/a
447.5390625	n/a	1.0	2	229140	n/a
447.5546875	n/a	1.0	2	229148	n/a
447.572265625	n/a	0.0	1	229157	n/a
447.587890625	n/a	1.0	2	229165	n/a
447.60546875	n/a	0.0	1	229174	n/a
447.623046875	n/a	1.0	2	229183	n/a
447.638671875	n/a	0.0	1	229191	n/a
447.65625	n/a	1.0	2	229200	n/a
447.671875	n/a	0.0	1	229208	n/a
447.689453125	n/a	1.0	2	229217	n/a
447.705078125	n/a	0.0	1	229225	n/a
447.72265625	n/a	1.0	2	229234	n/a
447.73828125	n/a	0.0	1	229242	n/a
447.755859375	n/a	1.0	2	229251	n/a
447.771484375	n/a	0.0	1	229259	n/a
447.7890625	n/a	1.0	2	229268	n/a
447.8046875	n/a	0.0	1	229276	n/a
447.822265625	n/a	1.0	2	229285	n/a
447.837890625	n/a	0.0	1	229293	n/a
447.85546875	n/a	0.0	1	229302	n/a
447.873046875	n/a	1.0	2	229311	n/a
447.888671875	n/a	0.0	1	229319	n/a
447.90625	n/a	1.0	2	229328	n/a
447.921875	n/a	1.0	2	229336	n/a
447.939453125	n/a	0.0	1	229345	n/a
447.955078125	n/a	1.0	2	229353	n/a
447.97265625	n/a	0.0	1	229362	n/a
447.98828125	n/a	1.0	2	229370	n/a
448.005859375	n/a	0.0	1	229379	n/a
448.021484375	n/a	1.0	2	229387	n/a
448.0390625	n/a	0.0	1	229396	n/a
448.0546875	n/a	0.0	1	229404	n/a
448.072265625	n/a	1.0	2	229413	n/a
448.087890625	n/a	1.0	2	229421	n/a
448.10546875	n/a	0.0	1	229430	n/a
448.123046875	n/a	1.0	2	229439	n/a
448.138671875	n/a	0.0	1	229447	n/a
448.15625	n/a	0.0	1	229456	n/a
448.171875	n/a	1.0	2	229464	n/a
448.189453125	n/a	0.0	1	229473	n/a
448.205078125	n/a	1.0	2	229481	n/a
448.22265625	n/a	0.0	1	229490	n/a
448.23828125	n/a	1.0	2	229498	n/a
448.255859375	n/a	0.0	1	229507	n/a
448.271484375	n/a	1.0	2	229515	n/a
448.2890625	n/a	0.0	1	229524	n/a
448.3046875	n/a	1.0	2	229532	n/a
448.322265625	n/a	1.0	2	229541	n/a
448.337890625	n/a	0.0	1	229549	n/a
448.35546875	n/a	1.0	2	229558	n/a
448.373046875	n/a	0.0	1	229567	n/a
448.388671875	n/a	1.0	2	229575	n/a
448.40625	n/a	0.0	1	229584	n/a
448.421875	n/a	0.0	1	229592	n/a
448.439453125	n/a	1.0	2	229601	n/a
448.455078125	n/a	0.0	1	229609	n/a
448.47265625	n/a	1.0	2	229618	n/a
448.48828125	n/a	0.0	1	229626	n/a
448.505859375	n/a	1.0	2	229635	n/a
448.521484375	n/a	1.0	2	229643	n/a
448.5390625	n/a	0.0	1	229652	n/a
448.5546875	n/a	0.0	1	229660	n/a
448.572265625	n/a	1.0	2	229669	n/a
448.587890625	n/a	0.0	1	229677	n/a
448.60546875	n/a	1.0	2	229686	n/a
448.623046875	n/a	0.0	1	229695	n/a
448.638671875	n/a	1.0	2	229703	n/a
448.65625	n/a	1.0	2	229712	n/a
448.671875	n/a	0.0	1	229720	n/a
448.689453125	n/a	0.0	1	229729	n/a
448.705078125	n/a	1.0	2	229737	n/a
448.72265625	n/a	1.0	2	229746	n/a
448.73828125	n/a	0.0	1	229754	n/a
448.755859375	n/a	1.0	2	229763	n/a
448.771484375	n/a	0.0	1	229771	n/a
448.7890625	n/a	0.0	1	229780	n/a
448.8046875	n/a	1.0	2	229788	n/a
448.822265625	n/a	0.0	1	229797	n/a
448.837890625	n/a	1.0	2	229805	n/a
448.85546875	n/a	0.0	1	229814	n/a
448.873046875	n/a	1.0	2	229823	n/a
448.888671875	n/a	0.0	1	229831	n/a
448.90625	n/a	1.0	2	229840	n/a
448.921875	n/a	0.0	1	229848	n/a
448.939453125	n/a	1.0	2	229857	n/a
448.955078125	n/a	1.0	2	229865	n/a
448.97265625	n/a	0.0	1	229874	n/a
448.98828125	n/a	1.0	2	229882	n/a
449.005859375	n/a	0.0	1	229891	n/a
449.021484375	n/a	0.0	1	229899	n/a
449.0390625	n/a	1.0	2	229908	n/a
449.0546875	n/a	0.0	1	229916	n/a
449.072265625	n/a	1.0	2	229925	n/a
449.087890625	n/a	0.0	1	229933	n/a
449.10546875	n/a	1.0	2	229942	n/a
449.123046875	n/a	1.0	2	229951	n/a
449.138671875	n/a	0.0	1	229959	n/a
449.15625	n/a	1.0	2	229968	n/a
449.171875	n/a	0.0	1	229976	n/a
449.189453125	n/a	1.0	2	229985	n/a
449.205078125	n/a	0.0	1	229993	n/a
449.22265625	n/a	0.0	1	230002	n/a
449.23828125	n/a	1.0	2	230010	n/a
449.255859375	n/a	0.0	1	230019	n/a
449.271484375	n/a	1.0	2	230027	n/a
449.2890625	n/a	0.0	1	230036	n/a
449.3046875	n/a	1.0	2	230044	n/a
449.322265625	n/a	1.0	2	230053	n/a
449.337890625	n/a	0.0	1	230061	n/a
449.35546875	n/a	0.0	1	230070	n/a
449.373046875	n/a	1.0	2	230079	n/a
449.388671875	n/a	1.0	2	230087	n/a
449.40625	n/a	0.0	1	230096	n/a
449.421875	n/a	0.0	1	230104	n/a
449.439453125	n/a	1.0	2	230113	n/a
449.455078125	n/a	1.0	2	230121	n/a
449.47265625	n/a	0.0	1	230130	n/a
449.48828125	n/a	1.0	2	230138	n/a
449.505859375	n/a	0.0	1	230147	n/a
449.521484375	n/a	1.0	2	230155	n/a
449.5390625	n/a	0.0	1	230164	n/a
449.5546875	n/a	0.0	1	230172	n/a
449.572265625	n/a	1.0	2	230181	n/a
449.587890625	n/a	0.0	1	230189	n/a
449.60546875	n/a	1.0	2	230198	n/a
449.623046875	n/a	0.0	1	230207	n/a
449.638671875	n/a	1.0	2	230215	n/a
449.65625	n/a	1.0	2	230224	n/a
449.671875	n/a	0.0	1	230232	n/a
449.689453125	n/a	1.0	2	230241	n/a
449.705078125	n/a	0.0	1	230249	n/a
449.72265625	n/a	1.0	2	230258	n/a
449.73828125	n/a	0.0	1	230266	n/a
449.755859375	n/a	1.0	2	230275	n/a
449.771484375	n/a	0.0	1	230283	n/a
449.7890625	n/a	1.0	2	230292	n/a
449.8046875	n/a	0.0	1	230300	n/a
449.822265625	n/a	1.0	2	230309	n/a
449.837890625	n/a	0.0	1	230317	n/a
449.85546875	n/a	1.0	2	230326	n/a
449.873046875	n/a	0.0	1	230335	n/a
449.888671875	n/a	1.0	2	230343	n/a
449.90625	n/a	0.0	1	230352	n/a
449.921875	n/a	1.0	2	230360	n/a
449.939453125	n/a	0.0	1	230369	n/a
449.955078125	n/a	0.0	1	230377	n/a
449.97265625	n/a	1.0	2	230386	n/a
449.98828125	n/a	0.0	1	230394	n/a
450.005859375	n/a	1.0	2	230403	n/a
450.021484375	n/a	1.0	2	230411	n/a
450.0390625	n/a	0.0	1	230420	n/a
450.0546875	n/a	1.0	2	230428	n/a
450.072265625	n/a	0.0	1	230437	n/a
450.087890625	n/a	1.0	2	230445	n/a
450.10546875	n/a	0.0	1	230454	n/a
450.123046875	n/a	1.0	2	230463	n/a
450.138671875	n/a	0.0	1	230471	n/a
450.15625	n/a	0.0	1	230480	n/a
450.171875	n/a	1.0	2	230488	n/a
450.189453125	n/a	1.0	2	230497	n/a
450.205078125	n/a	0.0	1	230505	n/a
450.22265625	n/a	1.0	2	230514	n/a
450.23828125	n/a	0.0	1	230522	n/a
450.255859375	n/a	0.0	1	230531	n/a
450.271484375	n/a	1.0	2	230539	n/a
450.2890625	n/a	0.0	1	230548	n/a
450.3046875	n/a	1.0	2	230556	n/a
450.322265625	n/a	0.0	1	230565	n/a
450.337890625	n/a	1.0	2	230573	n/a
450.35546875	n/a	0.0	1	230582	n/a
450.373046875	n/a	1.0	2	230591	n/a
450.388671875	n/a	0.0	1	230599	n/a
450.40625	n/a	1.0	2	230608	n/a
450.421875	n/a	1.0	2	230616	n/a
450.439453125	n/a	0.0	1	230625	n/a
450.455078125	n/a	1.0	2	230633	n/a
450.47265625	n/a	0.0	1	230642	n/a
450.48828125	n/a	1.0	2	230650	n/a
450.505859375	n/a	0.0	1	230659	n/a
450.521484375	n/a	0.0	1	230667	n/a
450.5390625	n/a	1.0	2	230676	n/a
450.5546875	n/a	0.0	1	230684	n/a
450.572265625	n/a	1.0	2	230693	n/a
450.587890625	n/a	0.0	1	230701	n/a
450.60546875	n/a	1.0	2	230710	n/a
450.623046875	n/a	1.0	2	230719	n/a
450.638671875	n/a	0.0	1	230727	n/a
450.65625	n/a	0.0	1	230736	n/a
450.671875	n/a	1.0	2	230744	n/a
450.689453125	n/a	0.0	1	230753	n/a
450.705078125	n/a	1.0	2	230761	n/a
450.72265625	n/a	0.0	1	230770	n/a
450.73828125	n/a	1.0	2	230778	n/a
450.755859375	n/a	1.0	2	230787	n/a
450.771484375	n/a	0.0	1	230795	n/a
450.7890625	n/a	0.0	1	230804	n/a
450.8046875	n/a	1.0	2	230812	n/a
450.822265625	n/a	1.0	2	230821	n/a
450.837890625	n/a	0.0	1	230829	n/a
450.85546875	n/a	1.0	2	230838	n/a
450.873046875	n/a	0.0	1	230847	n/a
450.888671875	n/a	0.0	1	230855	n/a
450.90625	n/a	1.0	2	230864	n/a
450.921875	n/a	0.0	1	230872	n/a
450.939453125	n/a	1.0	2	230881	n/a
450.955078125	n/a	0.0	1	230889	n/a
450.97265625	n/a	1.0	2	230898	n/a
450.98828125	n/a	0.0	1	230906	n/a
451.005859375	n/a	1.0	2	230915	n/a
451.021484375	n/a	0.0	1	230923	n/a
451.0390625	n/a	1.0	2	230932	n/a
451.0546875	n/a	1.0	2	230940	n/a
451.072265625	n/a	0.0	1	230949	n/a
451.087890625	n/a	1.0	2	230957	n/a
451.10546875	n/a	0.0	1	230966	n/a
451.123046875	n/a	0.0	1	230975	n/a
451.138671875	n/a	1.0	2	230983	n/a
451.15625	n/a	0.0	1	230992	n/a
451.171875	n/a	1.0	2	231000	n/a
451.189453125	n/a	0.0	1	231009	n/a
451.205078125	n/a	1.0	2	231017	n/a
451.22265625	n/a	1.0	2	231026	n/a
451.23828125	n/a	0.0	1	231034	n/a
451.255859375	n/a	1.0	2	231043	n/a
451.271484375	n/a	0.0	1	231051	n/a
451.2890625	n/a	1.0	2	231060	n/a
451.3046875	n/a	0.0	1	231068	n/a
451.322265625	n/a	0.0	1	231077	n/a
451.337890625	n/a	1.0	2	231085	n/a
451.35546875	n/a	0.0	1	231094	n/a
451.373046875	n/a	1.0	2	231103	n/a
451.388671875	n/a	0.0	1	231111	n/a
451.40625	n/a	1.0	2	231120	n/a
451.421875	n/a	1.0	2	231128	n/a
451.439453125	n/a	0.0	1	231137	n/a
451.455078125	n/a	0.0	1	231145	n/a
451.47265625	n/a	1.0	2	231154	n/a
451.48828125	n/a	1.0	2	231162	n/a
451.505859375	n/a	0.0	1	231171	n/a
451.521484375	n/a	0.0	1	231179	n/a
451.5390625	n/a	1.0	2	231188	n/a
451.5546875	n/a	1.0	2	231196	n/a
451.572265625	n/a	0.0	1	231205	n/a
451.587890625	n/a	1.0	2	231213	n/a
451.60546875	n/a	0.0	1	231222	n/a
451.623046875	n/a	1.0	2	231231	n/a
451.638671875	n/a	0.0	1	231239	n/a
451.65625	n/a	0.0	1	231248	n/a
451.671875	n/a	1.0	2	231256	n/a
451.689453125	n/a	0.0	1	231265	n/a
451.705078125	n/a	1.0	2	231273	n/a
451.72265625	n/a	0.0	1	231282	n/a
451.73828125	n/a	1.0	2	231290	n/a
451.755859375	n/a	1.0	2	231299	n/a
451.771484375	n/a	0.0	1	231307	n/a
451.7890625	n/a	1.0	2	231316	n/a
451.8046875	n/a	0.0	1	231324	n/a
451.822265625	n/a	1.0	2	231333	n/a
451.837890625	n/a	0.0	1	231341	n/a
451.85546875	n/a	1.0	2	231350	n/a
451.873046875	n/a	0.0	1	231359	n/a
451.888671875	n/a	1.0	2	231367	n/a
451.90625	n/a	0.0	1	231376	n/a
451.921875	n/a	1.0	2	231384	n/a
451.939453125	n/a	0.0	1	231393	n/a
451.955078125	n/a	1.0	2	231401	n/a
451.97265625	n/a	0.0	1	231410	n/a
451.98828125	n/a	1.0	2	231418	n/a
452.005859375	n/a	0.0	1	231427	n/a
452.021484375	n/a	1.0	2	231435	n/a
452.0390625	n/a	0.0	1	231444	n/a
452.0546875	n/a	0.0	1	231452	n/a
452.072265625	n/a	1.0	2	231461	n/a
452.087890625	n/a	0.0	1	231469	n/a
452.10546875	n/a	1.0	2	231478	n/a
452.123046875	n/a	1.0	2	231487	n/a
452.138671875	n/a	0.0	1	231495	n/a
452.15625	n/a	1.0	2	231504	n/a
452.171875	n/a	0.0	1	231512	n/a
452.189453125	n/a	1.0	2	231521	n/a
452.205078125	n/a	0.0	1	231529	n/a
452.22265625	n/a	1.0	2	231538	n/a
452.23828125	n/a	0.0	1	231546	n/a
452.255859375	n/a	0.0	1	231555	n/a
452.271484375	n/a	1.0	2	231563	n/a
452.2890625	n/a	1.0	2	231572	n/a
452.3046875	n/a	0.0	1	231580	n/a
452.322265625	n/a	1.0	2	231589	n/a
452.337890625	n/a	0.0	1	231597	n/a
452.35546875	n/a	0.0	1	231606	n/a
452.373046875	n/a	1.0	2	231615	n/a
452.388671875	n/a	0.0	1	231623	n/a
452.40625	n/a	1.0	2	231632	n/a
452.421875	n/a	0.0	1	231640	n/a
452.439453125	n/a	1.0	2	231649	n/a
452.455078125	n/a	0.0	1	231657	n/a
452.47265625	n/a	1.0	2	231666	n/a
452.48828125	n/a	0.0	1	231674	n/a
452.505859375	n/a	1.0	2	231683	n/a
452.521484375	n/a	1.0	2	231691	n/a
452.5390625	n/a	0.0	1	231700	n/a
452.5546875	n/a	1.0	2	231708	n/a
452.572265625	n/a	0.0	1	231717	n/a
452.587890625	n/a	1.0	2	231725	n/a
452.60546875	n/a	0.0	1	231734	n/a
452.623046875	n/a	0.0	1	231743	n/a
452.638671875	n/a	1.0	2	231751	n/a
452.65625	n/a	0.0	1	231760	n/a
452.671875	n/a	1.0	2	231768	n/a
452.689453125	n/a	0.0	1	231777	n/a
452.705078125	n/a	1.0	2	231785	n/a
452.72265625	n/a	1.0	2	231794	n/a
452.73828125	n/a	0.0	1	231802	n/a
452.755859375	n/a	0.0	1	231811	n/a
452.771484375	n/a	1.0	2	231819	n/a
452.7890625	n/a	0.0	1	231828	n/a
452.8046875	n/a	1.0	2	231836	n/a
452.822265625	n/a	0.0	1	231845	n/a
452.837890625	n/a	1.0	2	231853	n/a
452.85546875	n/a	1.0	2	231862	n/a
452.873046875	n/a	0.0	1	231871	n/a
452.888671875	n/a	0.0	1	231879	n/a
452.90625	n/a	1.0	2	231888	n/a
452.921875	n/a	1.0	2	231896	n/a
452.939453125	n/a	0.0	1	231905	n/a
452.955078125	n/a	1.0	2	231913	n/a
452.97265625	n/a	0.0	1	231922	n/a
452.98828125	n/a	0.0	1	231930	n/a
453.005859375	n/a	1.0	2	231939	n/a
453.021484375	n/a	0.0	1	231947	n/a
453.0390625	n/a	1.0	2	231956	n/a
453.0546875	n/a	0.0	1	231964	n/a
453.072265625	n/a	1.0	2	231973	n/a
453.087890625	n/a	0.0	1	231981	n/a
453.10546875	n/a	1.0	2	231990	n/a
453.123046875	n/a	0.0	1	231999	n/a
453.138671875	n/a	1.0	2	232007	n/a
453.15625	n/a	1.0	2	232016	n/a
453.171875	n/a	0.0	1	232024	n/a
453.189453125	n/a	1.0	2	232033	n/a
453.205078125	n/a	0.0	1	232041	n/a
453.22265625	n/a	0.0	1	232050	n/a
453.23828125	n/a	1.0	2	232058	n/a
453.255859375	n/a	0.0	1	232067	n/a
453.271484375	n/a	1.0	2	232075	n/a
453.2890625	n/a	0.0	1	232084	n/a
453.3046875	n/a	1.0	2	232092	n/a
453.322265625	n/a	1.0	2	232101	n/a
453.337890625	n/a	0.0	1	232109	n/a
453.35546875	n/a	1.0	2	232118	n/a
453.373046875	n/a	0.0	1	232127	n/a
453.388671875	n/a	1.0	2	232135	n/a
453.40625	n/a	0.0	1	232144	n/a
453.421875	n/a	0.0	1	232152	n/a
453.439453125	n/a	1.0	2	232161	n/a
453.455078125	n/a	0.0	1	232169	n/a
453.47265625	n/a	1.0	2	232178	n/a
453.48828125	n/a	0.0	1	232186	n/a
453.505859375	n/a	1.0	2	232195	n/a
453.521484375	n/a	1.0	2	232203	n/a
453.5390625	n/a	0.0	1	232212	n/a
453.5546875	n/a	0.0	1	232220	n/a
453.572265625	n/a	1.0	2	232229	n/a
453.587890625	n/a	1.0	2	232237	n/a
453.60546875	n/a	0.0	1	232246	n/a
453.623046875	n/a	0.0	1	232255	n/a
453.638671875	n/a	1.0	2	232263	n/a
453.65625	n/a	1.0	2	232272	n/a
453.671875	n/a	0.0	1	232280	n/a
453.689453125	n/a	1.0	2	232289	n/a
453.705078125	n/a	0.0	1	232297	n/a
453.72265625	n/a	1.0	2	232306	n/a
453.73828125	n/a	0.0	1	232314	n/a
453.755859375	n/a	0.0	1	232323	n/a
453.771484375	n/a	1.0	2	232331	n/a
453.7890625	n/a	0.0	1	232340	n/a
453.8046875	n/a	1.0	2	232348	n/a
453.822265625	n/a	0.0	1	232357	n/a
453.837890625	n/a	1.0	2	232365	n/a
453.85546875	n/a	1.0	2	232374	n/a
453.873046875	n/a	0.0	1	232383	n/a
453.888671875	n/a	1.0	2	232391	n/a
453.90625	n/a	0.0	1	232400	n/a
453.921875	n/a	1.0	2	232408	n/a
453.939453125	n/a	0.0	1	232417	n/a
453.955078125	n/a	1.0	2	232425	n/a
453.97265625	n/a	0.0	1	232434	n/a
453.98828125	n/a	1.0	2	232442	n/a
454.005859375	n/a	0.0	1	232451	n/a
454.021484375	n/a	1.0	2	232459	n/a
454.0390625	n/a	0.0	1	232468	n/a
454.0546875	n/a	1.0	2	232476	n/a
454.072265625	n/a	0.0	1	232485	n/a
454.087890625	n/a	1.0	2	232493	n/a
454.10546875	n/a	0.0	1	232502	n/a
454.123046875	n/a	1.0	2	232511	n/a
454.138671875	n/a	0.0	1	232519	n/a
454.15625	n/a	0.0	1	232528	n/a
454.171875	n/a	1.0	2	232536	n/a
454.189453125	n/a	0.0	1	232545	n/a
454.205078125	n/a	1.0	2	232553	n/a
454.22265625	n/a	1.0	2	232562	n/a
454.23828125	n/a	0.0	1	232570	n/a
454.255859375	n/a	1.0	2	232579	n/a
454.271484375	n/a	0.0	1	232587	n/a
454.2890625	n/a	1.0	2	232596	n/a
454.3046875	n/a	0.0	1	232604	n/a
454.322265625	n/a	1.0	2	232613	n/a
454.337890625	n/a	0.0	1	232621	n/a
454.35546875	n/a	0.0	1	232630	n/a
454.373046875	n/a	1.0	2	232639	n/a
454.388671875	n/a	1.0	2	232647	n/a
454.40625	n/a	0.0	1	232656	n/a
454.421875	n/a	1.0	2	232664	n/a
454.439453125	n/a	0.0	1	232673	n/a
454.455078125	n/a	0.0	1	232681	n/a
454.47265625	n/a	1.0	2	232690	n/a
454.48828125	n/a	0.0	1	232698	n/a
454.505859375	n/a	1.0	2	232707	n/a
454.521484375	n/a	0.0	1	232715	n/a
454.5390625	n/a	1.0	2	232724	n/a
454.5546875	n/a	0.0	1	232732	n/a
454.572265625	n/a	1.0	2	232741	n/a
454.587890625	n/a	0.0	1	232749	n/a
454.60546875	n/a	1.0	2	232758	n/a
454.623046875	n/a	1.0	2	232767	n/a
454.638671875	n/a	0.0	1	232775	n/a
454.65625	n/a	1.0	2	232784	n/a
454.671875	n/a	0.0	1	232792	n/a
454.689453125	n/a	1.0	2	232801	n/a
454.705078125	n/a	0.0	1	232809	n/a
454.72265625	n/a	0.0	1	232818	n/a
454.73828125	n/a	1.0	2	232826	n/a
454.755859375	n/a	0.0	1	232835	n/a
454.771484375	n/a	1.0	2	232843	n/a
454.7890625	n/a	0.0	1	232852	n/a
454.8046875	n/a	1.0	2	232860	n/a
454.822265625	n/a	1.0	2	232869	n/a
454.837890625	n/a	0.0	1	232877	n/a
454.85546875	n/a	0.0	1	232886	n/a
454.873046875	n/a	1.0	2	232895	n/a
454.888671875	n/a	0.0	1	232903	n/a
454.90625	n/a	1.0	2	232912	n/a
454.921875	n/a	0.0	1	232920	n/a
454.939453125	n/a	1.0	2	232929	n/a
454.955078125	n/a	1.0	2	232937	n/a
454.97265625	n/a	0.0	1	232946	n/a
454.98828125	n/a	0.0	1	232954	n/a
455.005859375	n/a	1.0	2	232963	n/a
455.021484375	n/a	1.0	2	232971	n/a
455.0390625	n/a	0.0	1	232980	n/a
455.0546875	n/a	1.0	2	232988	n/a
455.072265625	n/a	0.0	1	232997	n/a
455.087890625	n/a	0.0	1	233005	n/a
455.10546875	n/a	1.0	2	233014	n/a
455.123046875	n/a	0.0	1	233023	n/a
455.138671875	n/a	1.0	2	233031	n/a
455.15625	n/a	0.0	1	233040	n/a
455.171875	n/a	1.0	2	233048	n/a
455.189453125	n/a	0.0	1	233057	n/a
455.205078125	n/a	1.0	2	233065	n/a
455.22265625	n/a	0.0	1	233074	n/a
455.23828125	n/a	1.0	2	233082	n/a
455.255859375	n/a	1.0	2	233091	n/a
455.271484375	n/a	0.0	1	233099	n/a
455.2890625	n/a	1.0	2	233108	n/a
455.3046875	n/a	0.0	1	233116	n/a
455.322265625	n/a	0.0	1	233125	n/a
455.337890625	n/a	1.0	2	233133	n/a
455.35546875	n/a	0.0	1	233142	n/a
455.373046875	n/a	1.0	2	233151	n/a
455.388671875	n/a	0.0	1	233159	n/a
455.40625	n/a	1.0	2	233168	n/a
455.421875	n/a	1.0	2	233176	n/a
455.439453125	n/a	0.0	1	233185	n/a
455.455078125	n/a	1.0	2	233193	n/a
455.47265625	n/a	0.0	1	233202	n/a
455.48828125	n/a	1.0	2	233210	n/a
455.505859375	n/a	0.0	1	233219	n/a
455.521484375	n/a	0.0	1	233227	n/a
455.5390625	n/a	1.0	2	233236	n/a
455.5546875	n/a	0.0	1	233244	n/a
455.572265625	n/a	1.0	2	233253	n/a
455.587890625	n/a	0.0	1	233261	n/a
455.60546875	n/a	1.0	2	233270	n/a
455.623046875	n/a	1.0	2	233279	n/a
455.638671875	n/a	0.0	1	233287	n/a
455.65625	n/a	0.0	1	233296	n/a
455.671875	n/a	1.0	2	233304	n/a
455.689453125	n/a	1.0	2	233313	n/a
455.705078125	n/a	0.0	1	233321	n/a
455.72265625	n/a	0.0	1	233330	n/a
455.73828125	n/a	1.0	2	233338	n/a
455.755859375	n/a	1.0	2	233347	n/a
455.771484375	n/a	0.0	1	233355	n/a
455.7890625	n/a	1.0	2	233364	n/a
455.8046875	n/a	0.0	1	233372	n/a
455.822265625	n/a	1.0	2	233381	n/a
455.837890625	n/a	0.0	1	233389	n/a
455.85546875	n/a	0.0	1	233398	n/a
455.873046875	n/a	1.0	2	233407	n/a
455.888671875	n/a	0.0	1	233415	n/a
455.90625	n/a	1.0	2	233424	n/a
455.921875	n/a	0.0	1	233432	n/a
455.939453125	n/a	1.0	2	233441	n/a
455.955078125	n/a	1.0	2	233449	n/a
455.97265625	n/a	0.0	1	233458	n/a
455.98828125	n/a	1.0	2	233466	n/a
456.005859375	n/a	0.0	1	233475	n/a
456.021484375	n/a	1.0	2	233483	n/a
456.0390625	n/a	0.0	1	233492	n/a
456.0546875	n/a	1.0	2	233500	n/a
456.072265625	n/a	0.0	1	233509	n/a
456.087890625	n/a	1.0	2	233517	n/a
456.10546875	n/a	0.0	1	233526	n/a
456.123046875	n/a	1.0	2	233535	n/a
456.138671875	n/a	0.0	1	233543	n/a
456.15625	n/a	1.0	2	233552	n/a
456.171875	n/a	0.0	1	233560	n/a
456.189453125	n/a	1.0	2	233569	n/a
456.205078125	n/a	0.0	1	233577	n/a
456.22265625	n/a	1.0	2	233586	n/a
456.23828125	n/a	0.0	1	233594	n/a
456.255859375	n/a	0.0	1	233603	n/a
456.271484375	n/a	1.0	2	233611	n/a
456.2890625	n/a	0.0	1	233620	n/a
456.3046875	n/a	1.0	2	233628	n/a
456.322265625	n/a	1.0	2	233637	n/a
456.337890625	n/a	0.0	1	233645	n/a
456.35546875	n/a	1.0	2	233654	n/a
456.373046875	n/a	0.0	1	233663	n/a
456.388671875	n/a	1.0	2	233671	n/a
456.40625	n/a	0.0	1	233680	n/a
456.421875	n/a	1.0	2	233688	n/a
456.439453125	n/a	0.0	1	233697	n/a
456.455078125	n/a	0.0	1	233705	n/a
456.47265625	n/a	1.0	2	233714	n/a
456.48828125	n/a	1.0	2	233722	n/a
456.505859375	n/a	0.0	1	233731	n/a
456.521484375	n/a	1.0	2	233739	n/a
456.5390625	n/a	0.0	1	233748	n/a
456.5546875	n/a	0.0	1	233756	n/a
456.572265625	n/a	1.0	2	233765	n/a
456.587890625	n/a	0.0	1	233773	n/a
456.60546875	n/a	1.0	2	233782	n/a
456.623046875	n/a	0.0	1	233791	n/a
456.638671875	n/a	1.0	2	233799	n/a
456.65625	n/a	0.0	1	233808	n/a
456.671875	n/a	1.0	2	233816	n/a
456.689453125	n/a	0.0	1	233825	n/a
456.705078125	n/a	1.0	2	233833	n/a
456.72265625	n/a	1.0	2	233842	n/a
456.73828125	n/a	0.0	1	233850	n/a
456.755859375	n/a	1.0	2	233859	n/a
456.771484375	n/a	0.0	1	233867	n/a
456.7890625	n/a	1.0	2	233876	n/a
456.8046875	n/a	0.0	1	233884	n/a
456.822265625	n/a	0.0	1	233893	n/a
456.837890625	n/a	1.0	2	233901	n/a
456.85546875	n/a	0.0	1	233910	n/a
456.873046875	n/a	1.0	2	233919	n/a
456.888671875	n/a	0.0	1	233927	n/a
456.90625	n/a	1.0	2	233936	n/a
456.921875	n/a	1.0	2	233944	n/a
456.939453125	n/a	0.0	1	233953	n/a
456.955078125	n/a	0.0	1	233961	n/a
456.97265625	n/a	1.0	2	233970	n/a
456.98828125	n/a	0.0	1	233978	n/a
457.005859375	n/a	1.0	2	233987	n/a
457.021484375	n/a	0.0	1	233995	n/a
457.0390625	n/a	1.0	2	234004	n/a
457.0546875	n/a	1.0	2	234012	n/a
457.072265625	n/a	0.0	1	234021	n/a
457.087890625	n/a	0.0	1	234029	n/a
457.10546875	n/a	1.0	2	234038	n/a
457.123046875	n/a	1.0	2	234047	n/a
457.138671875	n/a	0.0	1	234055	n/a
457.15625	n/a	1.0	2	234064	n/a
457.171875	n/a	0.0	1	234072	n/a
457.189453125	n/a	0.0	1	234081	n/a
457.205078125	n/a	1.0	2	234089	n/a
457.22265625	n/a	0.0	1	234098	n/a
457.23828125	n/a	1.0	2	234106	n/a
457.255859375	n/a	0.0	1	234115	n/a
457.271484375	n/a	1.0	2	234123	n/a
457.2890625	n/a	0.0	1	234132	n/a
457.3046875	n/a	1.0	2	234140	n/a
457.322265625	n/a	0.0	1	234149	n/a
457.337890625	n/a	1.0	2	234157	n/a
457.35546875	n/a	1.0	2	234166	n/a
457.373046875	n/a	0.0	1	234175	n/a
457.388671875	n/a	1.0	2	234183	n/a
457.40625	n/a	0.0	1	234192	n/a
457.421875	n/a	0.0	1	234200	n/a
457.439453125	n/a	1.0	2	234209	n/a
457.455078125	n/a	0.0	1	234217	n/a
457.47265625	n/a	1.0	2	234226	n/a
457.48828125	n/a	0.0	1	234234	n/a
457.505859375	n/a	1.0	2	234243	n/a
457.521484375	n/a	1.0	2	234251	n/a
457.5390625	n/a	0.0	1	234260	n/a
457.5546875	n/a	1.0	2	234268	n/a
457.572265625	n/a	0.0	1	234277	n/a
457.587890625	n/a	1.0	2	234285	n/a
457.60546875	n/a	0.0	1	234294	n/a
457.623046875	n/a	0.0	1	234303	n/a
457.638671875	n/a	1.0	2	234311	n/a
457.65625	n/a	0.0	1	234320	n/a
457.671875	n/a	1.0	2	234328	n/a
457.689453125	n/a	0.0	1	234337	n/a
457.705078125	n/a	1.0	2	234345	n/a
457.72265625	n/a	1.0	2	234354	n/a
457.73828125	n/a	0.0	1	234362	n/a
457.755859375	n/a	0.0	1	234371	n/a
457.771484375	n/a	1.0	2	234379	n/a
457.7890625	n/a	1.0	2	234388	n/a
457.8046875	n/a	0.0	1	234396	n/a
457.822265625	n/a	0.0	1	234405	n/a
457.837890625	n/a	1.0	2	234413	n/a
457.85546875	n/a	1.0	2	234422	n/a
457.873046875	n/a	0.0	1	234431	n/a
457.888671875	n/a	1.0	2	234439	n/a
457.90625	n/a	0.0	1	234448	n/a
457.921875	n/a	1.0	2	234456	n/a
457.939453125	n/a	0.0	1	234465	n/a
457.955078125	n/a	0.0	1	234473	n/a
457.97265625	n/a	1.0	2	234482	n/a
457.98828125	n/a	0.0	1	234490	n/a
458.005859375	n/a	1.0	2	234499	n/a
458.021484375	n/a	0.0	1	234507	n/a
458.0390625	n/a	1.0	2	234516	n/a
458.0546875	n/a	1.0	2	234524	n/a
458.072265625	n/a	0.0	1	234533	n/a
458.087890625	n/a	1.0	2	234541	n/a
458.10546875	n/a	0.0	1	234550	n/a
458.123046875	n/a	1.0	2	234559	n/a
458.138671875	n/a	0.0	1	234567	n/a
458.15625	n/a	1.0	2	234576	n/a
458.171875	n/a	0.0	1	234584	n/a
458.189453125	n/a	1.0	2	234593	n/a
458.205078125	n/a	0.0	1	234601	n/a
458.22265625	n/a	1.0	2	234610	n/a
458.23828125	n/a	0.0	1	234618	n/a
458.255859375	n/a	1.0	2	234627	n/a
458.271484375	n/a	0.0	1	234635	n/a
458.2890625	n/a	1.0	2	234644	n/a
458.3046875	n/a	0.0	1	234652	n/a
458.322265625	n/a	1.0	2	234661	n/a
458.337890625	n/a	0.0	1	234669	n/a
458.35546875	n/a	0.0	1	234678	n/a
458.373046875	n/a	1.0	2	234687	n/a
458.388671875	n/a	0.0	1	234695	n/a
458.40625	n/a	1.0	2	234704	n/a
458.421875	n/a	1.0	2	234712	n/a
458.439453125	n/a	0.0	1	234721	n/a
458.455078125	n/a	1.0	2	234729	n/a
458.47265625	n/a	0.0	1	234738	n/a
458.48828125	n/a	1.0	2	234746	n/a
458.505859375	n/a	0.0	1	234755	n/a
458.521484375	n/a	1.0	2	234763	n/a
458.5390625	n/a	0.0	1	234772	n/a
458.5546875	n/a	0.0	1	234780	n/a
458.572265625	n/a	1.0	2	234789	n/a
458.587890625	n/a	1.0	2	234797	n/a
458.60546875	n/a	0.0	1	234806	n/a
458.623046875	n/a	1.0	2	234815	n/a
458.638671875	n/a	0.0	1	234823	n/a
458.65625	n/a	0.0	1	234832	n/a
458.671875	n/a	1.0	2	234840	n/a
458.689453125	n/a	0.0	1	234849	n/a
458.705078125	n/a	1.0	2	234857	n/a
458.72265625	n/a	0.0	1	234866	n/a
458.73828125	n/a	1.0	2	234874	n/a
458.755859375	n/a	0.0	1	234883	n/a
458.771484375	n/a	1.0	2	234891	n/a
458.7890625	n/a	0.0	1	234900	n/a
458.8046875	n/a	1.0	2	234908	n/a
458.822265625	n/a	1.0	2	234917	n/a
458.837890625	n/a	0.0	1	234925	n/a
458.85546875	n/a	1.0	2	234934	n/a
458.873046875	n/a	0.0	1	234943	n/a
458.888671875	n/a	1.0	2	234951	n/a
458.90625	n/a	0.0	1	234960	n/a
458.921875	n/a	0.0	1	234968	n/a
458.939453125	n/a	1.0	2	234977	n/a
458.955078125	n/a	0.0	1	234985	n/a
458.97265625	n/a	1.0	2	234994	n/a
458.98828125	n/a	0.0	1	235002	n/a
459.005859375	n/a	1.0	2	235011	n/a
459.021484375	n/a	1.0	2	235019	n/a
459.0390625	n/a	0.0	1	235028	n/a
459.0546875	n/a	0.0	1	235036	n/a
459.072265625	n/a	1.0	2	235045	n/a
459.087890625	n/a	0.0	1	235053	n/a
459.10546875	n/a	1.0	2	235062	n/a
459.123046875	n/a	0.0	1	235071	n/a
459.138671875	n/a	1.0	2	235079	n/a
459.15625	n/a	1.0	2	235088	n/a
459.171875	n/a	0.0	1	235096	n/a
459.189453125	n/a	0.0	1	235105	n/a
459.205078125	n/a	1.0	2	235113	n/a
459.22265625	n/a	1.0	2	235122	n/a
459.23828125	n/a	0.0	1	235130	n/a
459.255859375	n/a	1.0	2	235139	n/a
459.271484375	n/a	0.0	1	235147	n/a
459.2890625	n/a	0.0	1	235156	n/a
459.3046875	n/a	1.0	2	235164	n/a
459.322265625	n/a	0.0	1	235173	n/a
459.337890625	n/a	1.0	2	235181	n/a
459.35546875	n/a	0.0	1	235190	n/a
459.373046875	n/a	1.0	2	235199	n/a
459.388671875	n/a	0.0	1	235207	n/a
459.40625	n/a	1.0	2	235216	n/a
459.421875	n/a	0.0	1	235224	n/a
459.439453125	n/a	1.0	2	235233	n/a
459.455078125	n/a	1.0	2	235241	n/a
459.47265625	n/a	0.0	1	235250	n/a
459.48828125	n/a	1.0	2	235258	n/a
459.505859375	n/a	0.0	1	235267	n/a
459.521484375	n/a	0.0	1	235275	n/a
459.5390625	n/a	1.0	2	235284	n/a
459.5546875	n/a	0.0	1	235292	n/a
459.572265625	n/a	1.0	2	235301	n/a
459.587890625	n/a	0.0	1	235309	n/a
459.60546875	n/a	1.0	2	235318	n/a
459.623046875	n/a	1.0	2	235327	n/a
459.638671875	n/a	0.0	1	235335	n/a
459.65625	n/a	1.0	2	235344	n/a
459.671875	n/a	0.0	1	235352	n/a
459.689453125	n/a	1.0	2	235361	n/a
459.705078125	n/a	0.0	1	235369	n/a
459.72265625	n/a	0.0	1	235378	n/a
459.73828125	n/a	1.0	2	235386	n/a
459.755859375	n/a	0.0	1	235395	n/a
459.771484375	n/a	1.0	2	235403	n/a
459.7890625	n/a	0.0	1	235412	n/a
459.8046875	n/a	1.0	2	235420	n/a
459.822265625	n/a	1.0	2	235429	n/a
459.837890625	n/a	0.0	1	235437	n/a
459.85546875	n/a	0.0	1	235446	n/a
459.873046875	n/a	1.0	2	235455	n/a
459.888671875	n/a	1.0	2	235463	n/a
459.90625	n/a	0.0	1	235472	n/a
459.921875	n/a	0.0	1	235480	n/a
459.939453125	n/a	1.0	2	235489	n/a
459.955078125	n/a	1.0	2	235497	n/a
459.97265625	n/a	0.0	1	235506	n/a
459.98828125	n/a	1.0	2	235514	n/a
460.005859375	n/a	0.0	1	235523	n/a
460.021484375	n/a	1.0	2	235531	n/a
460.0390625	n/a	0.0	1	235540	n/a
460.0546875	n/a	0.0	1	235548	n/a
460.072265625	n/a	1.0	2	235557	n/a
460.087890625	n/a	0.0	1	235565	n/a
460.10546875	n/a	1.0	2	235574	n/a
460.123046875	n/a	0.0	1	235583	n/a
460.138671875	n/a	1.0	2	235591	n/a
460.15625	n/a	1.0	2	235600	n/a
460.171875	n/a	0.0	1	235608	n/a
460.189453125	n/a	1.0	2	235617	n/a
460.205078125	n/a	0.0	1	235625	n/a
460.22265625	n/a	1.0	2	235634	n/a
460.23828125	n/a	0.0	1	235642	n/a
460.255859375	n/a	1.0	2	235651	n/a
460.271484375	n/a	0.0	1	235659	n/a
460.2890625	n/a	1.0	2	235668	n/a
460.3046875	n/a	0.0	1	235676	n/a
460.322265625	n/a	1.0	2	235685	n/a
460.337890625	n/a	0.0	1	235693	n/a
460.35546875	n/a	1.0	2	235702	n/a
460.373046875	n/a	0.0	1	235711	n/a
460.388671875	n/a	1.0	2	235719	n/a
460.40625	n/a	0.0	1	235728	n/a
460.421875	n/a	1.0	2	235736	n/a
460.439453125	n/a	0.0	1	235745	n/a
460.455078125	n/a	0.0	1	235753	n/a
460.47265625	n/a	1.0	2	235762	n/a
460.48828125	n/a	0.0	1	235770	n/a
460.505859375	n/a	1.0	2	235779	n/a
460.521484375	n/a	1.0	2	235787	n/a
460.5390625	n/a	0.0	1	235796	n/a
460.5546875	n/a	1.0	2	235804	n/a
460.572265625	n/a	0.0	1	235813	n/a
460.587890625	n/a	1.0	2	235821	n/a
460.60546875	n/a	0.0	1	235830	n/a
460.623046875	n/a	1.0	2	235839	n/a
460.638671875	n/a	0.0	1	235847	n/a
460.65625	n/a	0.0	1	235856	n/a
460.671875	n/a	1.0	2	235864	n/a
460.689453125	n/a	1.0	2	235873	n/a
460.705078125	n/a	0.0	1	235881	n/a
460.72265625	n/a	1.0	2	235890	n/a
460.73828125	n/a	0.0	1	235898	n/a
460.755859375	n/a	0.0	1	235907	n/a
460.771484375	n/a	1.0	2	235915	n/a
460.7890625	n/a	0.0	1	235924	n/a
460.8046875	n/a	1.0	2	235932	n/a
460.822265625	n/a	0.0	1	235941	n/a
460.837890625	n/a	1.0	2	235949	n/a
460.85546875	n/a	0.0	1	235958	n/a
460.873046875	n/a	1.0	2	235967	n/a
460.888671875	n/a	0.0	1	235975	n/a
460.90625	n/a	1.0	2	235984	n/a
460.921875	n/a	1.0	2	235992	n/a
460.939453125	n/a	0.0	1	236001	n/a
460.955078125	n/a	1.0	2	236009	n/a
460.97265625	n/a	0.0	1	236018	n/a
460.98828125	n/a	1.0	2	236026	n/a
461.005859375	n/a	0.0	1	236035	n/a
461.021484375	n/a	0.0	1	236043	n/a
461.0390625	n/a	1.0	2	236052	n/a
461.0546875	n/a	0.0	1	236060	n/a
461.072265625	n/a	1.0	2	236069	n/a
461.087890625	n/a	0.0	1	236077	n/a
461.10546875	n/a	1.0	2	236086	n/a
461.123046875	n/a	1.0	2	236095	n/a
461.138671875	n/a	0.0	1	236103	n/a
461.15625	n/a	0.0	1	236112	n/a
461.171875	n/a	1.0	2	236120	n/a
461.189453125	n/a	0.0	1	236129	n/a
461.205078125	n/a	1.0	2	236137	n/a
461.22265625	n/a	0.0	1	236146	n/a
461.23828125	n/a	1.0	2	236154	n/a
461.255859375	n/a	1.0	2	236163	n/a
461.271484375	n/a	0.0	1	236171	n/a
461.2890625	n/a	0.0	1	236180	n/a
461.3046875	n/a	1.0	2	236188	n/a
461.322265625	n/a	1.0	2	236197	n/a
461.337890625	n/a	0.0	1	236205	n/a
461.35546875	n/a	1.0	2	236214	n/a
461.373046875	n/a	0.0	1	236223	n/a
461.388671875	n/a	0.0	1	236231	n/a
461.40625	n/a	1.0	2	236240	n/a
461.421875	n/a	0.0	1	236248	n/a
461.439453125	n/a	1.0	2	236257	n/a
461.455078125	n/a	0.0	1	236265	n/a
461.47265625	n/a	1.0	2	236274	n/a
461.48828125	n/a	0.0	1	236282	n/a
461.505859375	n/a	1.0	2	236291	n/a
461.521484375	n/a	0.0	1	236299	n/a
461.5390625	n/a	1.0	2	236308	n/a
461.5546875	n/a	1.0	2	236316	n/a
461.572265625	n/a	0.0	1	236325	n/a
461.587890625	n/a	1.0	2	236333	n/a
461.60546875	n/a	0.0	1	236342	n/a
461.623046875	n/a	0.0	1	236351	n/a
461.638671875	n/a	1.0	2	236359	n/a
461.65625	n/a	0.0	1	236368	n/a
461.671875	n/a	1.0	2	236376	n/a
461.689453125	n/a	0.0	1	236385	n/a
461.705078125	n/a	1.0	2	236393	n/a
461.72265625	n/a	1.0	2	236402	n/a
461.73828125	n/a	0.0	1	236410	n/a
461.755859375	n/a	1.0	2	236419	n/a
461.771484375	n/a	0.0	1	236427	n/a
461.7890625	n/a	1.0	2	236436	n/a
461.8046875	n/a	0.0	1	236444	n/a
461.822265625	n/a	0.0	1	236453	n/a
461.837890625	n/a	1.0	2	236461	n/a
461.85546875	n/a	0.0	1	236470	n/a
461.873046875	n/a	1.0	2	236479	n/a
461.888671875	n/a	0.0	1	236487	n/a
461.90625	n/a	1.0	2	236496	n/a
461.921875	n/a	1.0	2	236504	n/a
461.939453125	n/a	0.0	1	236513	n/a
461.955078125	n/a	0.0	1	236521	n/a
461.97265625	n/a	1.0	2	236530	n/a
461.98828125	n/a	1.0	2	236538	n/a
462.005859375	n/a	0.0	1	236547	n/a
462.021484375	n/a	0.0	1	236555	n/a
462.0390625	n/a	1.0	2	236564	n/a
462.0546875	n/a	1.0	2	236572	n/a
462.072265625	n/a	0.0	1	236581	n/a
462.087890625	n/a	1.0	2	236589	n/a
462.10546875	n/a	0.0	1	236598	n/a
462.123046875	n/a	1.0	2	236607	n/a
462.138671875	n/a	0.0	1	236615	n/a
462.15625	n/a	0.0	1	236624	n/a
462.171875	n/a	1.0	2	236632	n/a
462.189453125	n/a	0.0	1	236641	n/a
462.205078125	n/a	1.0	2	236649	n/a
462.22265625	n/a	0.0	1	236658	n/a
462.23828125	n/a	1.0	2	236666	n/a
462.255859375	n/a	1.0	2	236675	n/a
462.271484375	n/a	0.0	1	236683	n/a
462.2890625	n/a	1.0	2	236692	n/a
462.3046875	n/a	0.0	1	236700	n/a
462.322265625	n/a	1.0	2	236709	n/a
462.337890625	n/a	0.0	1	236717	n/a
462.35546875	n/a	1.0	2	236726	n/a
462.373046875	n/a	0.0	1	236735	n/a
462.388671875	n/a	1.0	2	236743	n/a
462.40625	n/a	0.0	1	236752	n/a
462.421875	n/a	1.0	2	236760	n/a
462.439453125	n/a	0.0	1	236769	n/a
462.455078125	n/a	1.0	2	236777	n/a
462.47265625	n/a	0.0	1	236786	n/a
462.48828125	n/a	1.0	2	236794	n/a
462.505859375	n/a	0.0	1	236803	n/a
462.521484375	n/a	1.0	2	236811	n/a
462.5390625	n/a	0.0	1	236820	n/a
462.5546875	n/a	0.0	1	236828	n/a
462.572265625	n/a	1.0	2	236837	n/a
462.587890625	n/a	0.0	1	236845	n/a
462.60546875	n/a	1.0	2	236854	n/a
462.623046875	n/a	1.0	2	236863	n/a
462.638671875	n/a	0.0	1	236871	n/a
462.65625	n/a	1.0	2	236880	n/a
462.671875	n/a	0.0	1	236888	n/a
462.689453125	n/a	1.0	2	236897	n/a
462.705078125	n/a	0.0	1	236905	n/a
462.72265625	n/a	1.0	2	236914	n/a
462.73828125	n/a	0.0	1	236922	n/a
462.755859375	n/a	0.0	1	236931	n/a
462.771484375	n/a	1.0	2	236939	n/a
462.7890625	n/a	1.0	2	236948	n/a
462.8046875	n/a	0.0	1	236956	n/a
462.822265625	n/a	1.0	2	236965	n/a
462.837890625	n/a	0.0	1	236973	n/a
462.85546875	n/a	0.0	1	236982	n/a
462.873046875	n/a	1.0	2	236991	n/a
462.888671875	n/a	0.0	1	236999	n/a
462.90625	n/a	1.0	2	237008	n/a
462.921875	n/a	0.0	1	237016	n/a
462.939453125	n/a	1.0	2	237025	n/a
462.955078125	n/a	0.0	1	237033	n/a
462.97265625	n/a	1.0	2	237042	n/a
462.98828125	n/a	0.0	1	237050	n/a
463.005859375	n/a	1.0	2	237059	n/a
463.021484375	n/a	1.0	2	237067	n/a
463.0390625	n/a	0.0	1	237076	n/a
463.0546875	n/a	1.0	2	237084	n/a
463.072265625	n/a	0.0	1	237093	n/a
463.087890625	n/a	1.0	2	237101	n/a
463.10546875	n/a	0.0	1	237110	n/a
463.123046875	n/a	0.0	1	237119	n/a
463.138671875	n/a	1.0	2	237127	n/a
463.15625	n/a	0.0	1	237136	n/a
463.171875	n/a	1.0	2	237144	n/a
463.189453125	n/a	0.0	1	237153	n/a
463.205078125	n/a	1.0	2	237161	n/a
463.22265625	n/a	1.0	2	237170	n/a
463.23828125	n/a	0.0	1	237178	n/a
463.255859375	n/a	0.0	1	237187	n/a
463.271484375	n/a	1.0	2	237195	n/a
463.2890625	n/a	0.0	1	237204	n/a
463.3046875	n/a	1.0	2	237212	n/a
463.322265625	n/a	0.0	1	237221	n/a
463.337890625	n/a	1.0	2	237229	n/a
463.35546875	n/a	1.0	2	237238	n/a
463.373046875	n/a	0.0	1	237247	n/a
463.388671875	n/a	0.0	1	237255	n/a
463.40625	n/a	1.0	2	237264	n/a
463.421875	n/a	1.0	2	237272	n/a
463.439453125	n/a	0.0	1	237281	n/a
463.455078125	n/a	1.0	2	237289	n/a
463.47265625	n/a	0.0	1	237298	n/a
463.48828125	n/a	0.0	1	237306	n/a
463.505859375	n/a	1.0	2	237315	n/a
463.521484375	n/a	0.0	1	237323	n/a
463.5390625	n/a	1.0	2	237332	n/a
463.5546875	n/a	0.0	1	237340	n/a
463.572265625	n/a	1.0	2	237349	n/a
463.587890625	n/a	0.0	1	237357	n/a
463.60546875	n/a	1.0	2	237366	n/a
463.623046875	n/a	0.0	1	237375	n/a
463.638671875	n/a	1.0	2	237383	n/a
463.65625	n/a	1.0	2	237392	n/a
463.671875	n/a	0.0	1	237400	n/a
463.689453125	n/a	1.0	2	237409	n/a
463.705078125	n/a	0.0	1	237417	n/a
463.72265625	n/a	0.0	1	237426	n/a
463.73828125	n/a	1.0	2	237434	n/a
463.755859375	n/a	0.0	1	237443	n/a
463.771484375	n/a	1.0	2	237451	n/a
463.7890625	n/a	0.0	1	237460	n/a
463.8046875	n/a	1.0	2	237468	n/a
463.822265625	n/a	1.0	2	237477	n/a
463.837890625	n/a	0.0	1	237485	n/a
463.85546875	n/a	1.0	2	237494	n/a
463.873046875	n/a	0.0	1	237503	n/a
463.888671875	n/a	1.0	2	237511	n/a
463.90625	n/a	0.0	1	237520	n/a
463.921875	n/a	0.0	1	237528	n/a
463.939453125	n/a	1.0	2	237537	n/a
463.955078125	n/a	0.0	1	237545	n/a
463.97265625	n/a	1.0	2	237554	n/a
463.98828125	n/a	0.0	1	237562	n/a
464.005859375	n/a	1.0	2	237571	n/a
464.021484375	n/a	1.0	2	237579	n/a
464.0390625	n/a	0.0	1	237588	n/a
464.0546875	n/a	0.0	1	237596	n/a
464.072265625	n/a	1.0	2	237605	n/a
464.087890625	n/a	1.0	2	237613	n/a
464.10546875	n/a	0.0	1	237622	n/a
464.123046875	n/a	0.0	1	237631	n/a
464.138671875	n/a	1.0	2	237639	n/a
464.15625	n/a	1.0	2	237648	n/a
464.171875	n/a	0.0	1	237656	n/a
464.189453125	n/a	1.0	2	237665	n/a
464.205078125	n/a	0.0	1	237673	n/a
464.22265625	n/a	1.0	2	237682	n/a
464.23828125	n/a	0.0	1	237690	n/a
464.255859375	n/a	0.0	1	237699	n/a
464.271484375	n/a	1.0	2	237707	n/a
464.2890625	n/a	0.0	1	237716	n/a
464.3046875	n/a	1.0	2	237724	n/a
464.322265625	n/a	0.0	1	237733	n/a
464.337890625	n/a	1.0	2	237741	n/a
464.35546875	n/a	1.0	2	237750	n/a
464.373046875	n/a	0.0	1	237759	n/a
464.388671875	n/a	1.0	2	237767	n/a
464.40625	n/a	0.0	1	237776	n/a
464.421875	n/a	1.0	2	237784	n/a
464.439453125	n/a	0.0	1	237793	n/a
464.455078125	n/a	1.0	2	237801	n/a
464.47265625	n/a	0.0	1	237810	n/a
464.48828125	n/a	1.0	2	237818	n/a
464.505859375	n/a	0.0	1	237827	n/a
464.521484375	n/a	1.0	2	237835	n/a
464.5390625	n/a	0.0	1	237844	n/a
464.5546875	n/a	1.0	2	237852	n/a
464.572265625	n/a	0.0	1	237861	n/a
464.587890625	n/a	1.0	2	237869	n/a
464.60546875	n/a	0.0	1	237878	n/a
464.623046875	n/a	1.0	2	237887	n/a
464.638671875	n/a	0.0	1	237895	n/a
464.65625	n/a	0.0	1	237904	n/a
464.671875	n/a	1.0	2	237912	n/a
464.689453125	n/a	0.0	1	237921	n/a
464.705078125	n/a	1.0	2	237929	n/a
464.72265625	n/a	1.0	2	237938	n/a
464.73828125	n/a	0.0	1	237946	n/a
464.755859375	n/a	1.0	2	237955	n/a
464.771484375	n/a	0.0	1	237963	n/a
464.7890625	n/a	1.0	2	237972	n/a
464.8046875	n/a	0.0	1	237980	n/a
464.822265625	n/a	1.0	2	237989	n/a
464.837890625	n/a	0.0	1	237997	n/a
464.85546875	n/a	0.0	1	238006	n/a
464.873046875	n/a	1.0	2	238015	n/a
464.888671875	n/a	1.0	2	238023	n/a
464.90625	n/a	0.0	1	238032	n/a
464.921875	n/a	1.0	2	238040	n/a
464.939453125	n/a	0.0	1	238049	n/a
464.955078125	n/a	0.0	1	238057	n/a
464.97265625	n/a	1.0	2	238066	n/a
464.98828125	n/a	0.0	1	238074	n/a
465.005859375	n/a	1.0	2	238083	n/a
465.021484375	n/a	0.0	1	238091	n/a
465.0390625	n/a	1.0	2	238100	n/a
465.0546875	n/a	0.0	1	238108	n/a
465.072265625	n/a	1.0	2	238117	n/a
465.087890625	n/a	0.0	1	238125	n/a
465.10546875	n/a	1.0	2	238134	n/a
465.123046875	n/a	1.0	2	238143	n/a
465.138671875	n/a	0.0	1	238151	n/a
465.15625	n/a	1.0	2	238160	n/a
465.171875	n/a	0.0	1	238168	n/a
465.189453125	n/a	1.0	2	238177	n/a
465.205078125	n/a	0.0	1	238185	n/a
465.22265625	n/a	0.0	1	238194	n/a
465.23828125	n/a	1.0	2	238202	n/a
465.255859375	n/a	0.0	1	238211	n/a
465.271484375	n/a	1.0	2	238219	n/a
465.2890625	n/a	0.0	1	238228	n/a
465.3046875	n/a	1.0	2	238236	n/a
465.322265625	n/a	1.0	2	238245	n/a
465.337890625	n/a	0.0	1	238253	n/a
465.35546875	n/a	0.0	1	238262	n/a
465.373046875	n/a	1.0	2	238271	n/a
465.388671875	n/a	0.0	1	238279	n/a
465.40625	n/a	1.0	2	238288	n/a
465.421875	n/a	0.0	1	238296	n/a
465.439453125	n/a	1.0	2	238305	n/a
465.455078125	n/a	1.0	2	238313	n/a
465.47265625	n/a	0.0	1	238322	n/a
465.48828125	n/a	0.0	1	238330	n/a
465.505859375	n/a	1.0	2	238339	n/a
465.521484375	n/a	1.0	2	238347	n/a
465.5390625	n/a	0.0	1	238356	n/a
465.5546875	n/a	1.0	2	238364	n/a
465.572265625	n/a	0.0	1	238373	n/a
465.587890625	n/a	0.0	1	238381	n/a
465.60546875	n/a	1.0	2	238390	n/a
465.623046875	n/a	0.0	1	238399	n/a
465.638671875	n/a	1.0	2	238407	n/a
465.65625	n/a	0.0	1	238416	n/a
465.671875	n/a	1.0	2	238424	n/a
465.689453125	n/a	0.0	1	238433	n/a
465.705078125	n/a	1.0	2	238441	n/a
465.72265625	n/a	0.0	1	238450	n/a
465.73828125	n/a	1.0	2	238458	n/a
465.755859375	n/a	1.0	2	238467	n/a
465.771484375	n/a	0.0	1	238475	n/a
465.7890625	n/a	1.0	2	238484	n/a
465.8046875	n/a	0.0	1	238492	n/a
465.822265625	n/a	0.0	1	238501	n/a
465.837890625	n/a	1.0	2	238509	n/a
465.85546875	n/a	0.0	1	238518	n/a
465.873046875	n/a	1.0	2	238527	n/a
465.888671875	n/a	0.0	1	238535	n/a
465.90625	n/a	1.0	2	238544	n/a
465.921875	n/a	1.0	2	238552	n/a
465.939453125	n/a	0.0	1	238561	n/a
465.955078125	n/a	1.0	2	238569	n/a
465.97265625	n/a	0.0	1	238578	n/a
465.98828125	n/a	1.0	2	238586	n/a
466.005859375	n/a	0.0	1	238595	n/a
466.021484375	n/a	0.0	1	238603	n/a
466.0390625	n/a	1.0	2	238612	n/a
466.0546875	n/a	0.0	1	238620	n/a
466.072265625	n/a	1.0	2	238629	n/a
466.087890625	n/a	0.0	1	238637	n/a
466.10546875	n/a	1.0	2	238646	n/a
466.123046875	n/a	1.0	2	238655	n/a
466.138671875	n/a	0.0	1	238663	n/a
466.15625	n/a	0.0	1	238672	n/a
466.171875	n/a	1.0	2	238680	n/a
466.189453125	n/a	1.0	2	238689	n/a
466.205078125	n/a	0.0	1	238697	n/a
466.22265625	n/a	0.0	1	238706	n/a
466.23828125	n/a	1.0	2	238714	n/a
466.255859375	n/a	1.0	2	238723	n/a
466.271484375	n/a	0.0	1	238731	n/a
466.2890625	n/a	1.0	2	238740	n/a
466.3046875	n/a	0.0	1	238748	n/a
466.322265625	n/a	1.0	2	238757	n/a
466.337890625	n/a	0.0	1	238765	n/a
466.35546875	n/a	0.0	1	238774	n/a
466.373046875	n/a	1.0	2	238783	n/a
466.388671875	n/a	0.0	1	238791	n/a
466.40625	n/a	1.0	2	238800	n/a
466.421875	n/a	0.0	1	238808	n/a
466.439453125	n/a	1.0	2	238817	n/a
466.455078125	n/a	1.0	2	238825	n/a
466.47265625	n/a	0.0	1	238834	n/a
466.48828125	n/a	1.0	2	238842	n/a
466.505859375	n/a	0.0	1	238851	n/a
466.521484375	n/a	1.0	2	238859	n/a
466.5390625	n/a	0.0	1	238868	n/a
466.5546875	n/a	1.0	2	238876	n/a
466.572265625	n/a	0.0	1	238885	n/a
466.587890625	n/a	1.0	2	238893	n/a
466.60546875	n/a	0.0	1	238902	n/a
466.623046875	n/a	1.0	2	238911	n/a
466.638671875	n/a	0.0	1	238919	n/a
466.65625	n/a	1.0	2	238928	n/a
466.671875	n/a	0.0	1	238936	n/a
466.689453125	n/a	1.0	2	238945	n/a
466.705078125	n/a	0.0	1	238953	n/a
466.72265625	n/a	1.0	2	238962	n/a
466.73828125	n/a	0.0	1	238970	n/a
466.755859375	n/a	0.0	1	238979	n/a
466.771484375	n/a	1.0	2	238987	n/a
466.7890625	n/a	0.0	1	238996	n/a
466.8046875	n/a	1.0	2	239004	n/a
466.822265625	n/a	1.0	2	239013	n/a
466.837890625	n/a	0.0	1	239021	n/a
466.85546875	n/a	1.0	2	239030	n/a
466.873046875	n/a	0.0	1	239039	n/a
466.888671875	n/a	1.0	2	239047	n/a
466.90625	n/a	0.0	1	239056	n/a
466.921875	n/a	1.0	2	239064	n/a
466.939453125	n/a	0.0	1	239073	n/a
466.955078125	n/a	0.0	1	239081	n/a
466.97265625	n/a	1.0	2	239090	n/a
466.98828125	n/a	1.0	2	239098	n/a
467.005859375	n/a	0.0	1	239107	n/a
467.021484375	n/a	1.0	2	239115	n/a
467.0390625	n/a	0.0	1	239124	n/a
467.0546875	n/a	0.0	1	239132	n/a
467.072265625	n/a	1.0	2	239141	n/a
467.087890625	n/a	0.0	1	239149	n/a
467.10546875	n/a	1.0	2	239158	n/a
467.123046875	n/a	0.0	1	239167	n/a
467.138671875	n/a	1.0	2	239175	n/a
467.15625	n/a	0.0	1	239184	n/a
467.171875	n/a	1.0	2	239192	n/a
467.189453125	n/a	0.0	1	239201	n/a
467.205078125	n/a	1.0	2	239209	n/a
467.22265625	n/a	1.0	2	239218	n/a
467.23828125	n/a	0.0	1	239226	n/a
467.255859375	n/a	1.0	2	239235	n/a
467.271484375	n/a	0.0	1	239243	n/a
467.2890625	n/a	1.0	2	239252	n/a
467.3046875	n/a	0.0	1	239260	n/a
467.322265625	n/a	0.0	1	239269	n/a
467.337890625	n/a	1.0	2	239277	n/a
467.35546875	n/a	0.0	1	239286	n/a
467.373046875	n/a	1.0	2	239295	n/a
467.388671875	n/a	0.0	1	239303	n/a
467.40625	n/a	1.0	2	239312	n/a
467.421875	n/a	1.0	2	239320	n/a
467.439453125	n/a	0.0	1	239329	n/a
467.455078125	n/a	0.0	1	239337	n/a
467.47265625	n/a	1.0	2	239346	n/a
467.48828125	n/a	0.0	1	239354	n/a
467.505859375	n/a	1.0	2	239363	n/a
467.521484375	n/a	0.0	1	239371	n/a
467.5390625	n/a	1.0	2	239380	n/a
467.5546875	n/a	1.0	2	239388	n/a
467.572265625	n/a	0.0	1	239397	n/a
467.587890625	n/a	0.0	1	239405	n/a
467.60546875	n/a	1.0	2	239414	n/a
467.623046875	n/a	1.0	2	239423	n/a
467.638671875	n/a	0.0	1	239431	n/a
467.65625	n/a	1.0	2	239440	n/a
467.671875	n/a	0.0	1	239448	n/a
467.689453125	n/a	0.0	1	239457	n/a
467.705078125	n/a	1.0	2	239465	n/a
467.72265625	n/a	0.0	1	239474	n/a
467.73828125	n/a	1.0	2	239482	n/a
467.755859375	n/a	0.0	1	239491	n/a
467.771484375	n/a	1.0	2	239499	n/a
467.7890625	n/a	0.0	1	239508	n/a
467.8046875	n/a	1.0	2	239516	n/a
467.822265625	n/a	0.0	1	239525	n/a
467.837890625	n/a	1.0	2	239533	n/a
467.85546875	n/a	1.0	2	239542	n/a
467.873046875	n/a	0.0	1	239551	n/a
467.888671875	n/a	1.0	2	239559	n/a
467.90625	n/a	0.0	1	239568	n/a
467.921875	n/a	0.0	1	239576	n/a
467.939453125	n/a	1.0	2	239585	n/a
467.955078125	n/a	0.0	1	239593	n/a
467.97265625	n/a	1.0	2	239602	n/a
467.98828125	n/a	0.0	1	239610	n/a
468.005859375	n/a	1.0	2	239619	n/a
468.021484375	n/a	1.0	2	239627	n/a
468.0390625	n/a	0.0	1	239636	n/a
468.0546875	n/a	1.0	2	239644	n/a
468.072265625	n/a	0.0	1	239653	n/a
468.087890625	n/a	1.0	2	239661	n/a
468.10546875	n/a	0.0	1	239670	n/a
468.123046875	n/a	0.0	1	239679	n/a
468.138671875	n/a	1.0	2	239687	n/a
468.15625	n/a	0.0	1	239696	n/a
468.171875	n/a	1.0	2	239704	n/a
468.189453125	n/a	0.0	1	239713	n/a
468.205078125	n/a	1.0	2	239721	n/a
468.22265625	n/a	1.0	2	239730	n/a
468.23828125	n/a	0.0	1	239738	n/a
468.255859375	n/a	0.0	1	239747	n/a
468.271484375	n/a	1.0	2	239755	n/a
468.2890625	n/a	1.0	2	239764	n/a
468.3046875	n/a	0.0	1	239772	n/a
468.322265625	n/a	0.0	1	239781	n/a
468.337890625	n/a	1.0	2	239789	n/a
468.35546875	n/a	1.0	2	239798	n/a
468.373046875	n/a	0.0	1	239807	n/a
468.388671875	n/a	1.0	2	239815	n/a
468.40625	n/a	0.0	1	239824	n/a
468.421875	n/a	1.0	2	239832	n/a
468.439453125	n/a	0.0	1	239841	n/a
468.455078125	n/a	0.0	1	239849	n/a
468.47265625	n/a	1.0	2	239858	n/a
468.48828125	n/a	0.0	1	239866	n/a
468.505859375	n/a	1.0	2	239875	n/a
468.521484375	n/a	0.0	1	239883	n/a
468.5390625	n/a	1.0	2	239892	n/a
468.5546875	n/a	1.0	2	239900	n/a
468.572265625	n/a	0.0	1	239909	n/a
468.587890625	n/a	1.0	2	239917	n/a
468.60546875	n/a	0.0	1	239926	n/a
468.623046875	n/a	1.0	2	239935	n/a
468.638671875	n/a	0.0	1	239943	n/a
468.65625	n/a	1.0	2	239952	n/a
468.671875	n/a	0.0	1	239960	n/a
468.689453125	n/a	1.0	2	239969	n/a
468.705078125	n/a	0.0	1	239977	n/a
468.72265625	n/a	1.0	2	239986	n/a
468.73828125	n/a	0.0	1	239994	n/a
468.755859375	n/a	1.0	2	240003	n/a
468.771484375	n/a	0.0	1	240011	n/a
468.7890625	n/a	1.0	2	240020	n/a
468.8046875	n/a	0.0	1	240028	n/a
468.822265625	n/a	1.0	2	240037	n/a
468.837890625	n/a	0.0	1	240045	n/a
468.85546875	n/a	0.0	1	240054	n/a
468.873046875	n/a	1.0	2	240063	n/a
468.888671875	n/a	0.0	1	240071	n/a
468.90625	n/a	1.0	2	240080	n/a
468.921875	n/a	1.0	2	240088	n/a
468.939453125	n/a	0.0	1	240097	n/a
468.955078125	n/a	1.0	2	240105	n/a
468.97265625	n/a	0.0	1	240114	n/a
468.98828125	n/a	1.0	2	240122	n/a
469.005859375	n/a	0.0	1	240131	n/a
469.021484375	n/a	1.0	2	240139	n/a
469.0390625	n/a	0.0	1	240148	n/a
469.0546875	n/a	0.0	1	240156	n/a
469.072265625	n/a	1.0	2	240165	n/a
469.087890625	n/a	1.0	2	240173	n/a
469.10546875	n/a	0.0	1	240182	n/a
469.123046875	n/a	1.0	2	240191	n/a
469.138671875	n/a	0.0	1	240199	n/a
469.15625	n/a	0.0	1	240208	n/a
469.171875	n/a	1.0	2	240216	n/a
469.189453125	n/a	0.0	1	240225	n/a
469.205078125	n/a	1.0	2	240233	n/a
469.22265625	n/a	0.0	1	240242	n/a
469.23828125	n/a	1.0	2	240250	n/a
469.255859375	n/a	0.0	1	240259	n/a
469.271484375	n/a	1.0	2	240267	n/a
469.2890625	n/a	0.0	1	240276	n/a
469.3046875	n/a	1.0	2	240284	n/a
469.322265625	n/a	1.0	2	240293	n/a
469.337890625	n/a	0.0	1	240301	n/a
470.640625	n/a	1.0	2	240968	9.0
470.658203125	n/a	0.0	1	240977	n/a
470.673828125	n/a	1.0	2	240985	n/a
470.69140625	n/a	0.0	1	240994	n/a
470.70703125	n/a	0.0	1	241002	n/a
470.724609375	n/a	1.0	2	241011	n/a
470.740234375	n/a	1.0	2	241019	n/a
470.7578125	n/a	0.0	1	241028	n/a
470.7734375	n/a	0.0	1	241036	n/a
470.791015625	n/a	1.0	2	241045	n/a
470.806640625	n/a	1.0	2	241053	n/a
470.82421875	n/a	0.0	1	241062	n/a
470.83984375	n/a	0.0	1	241070	n/a
470.857421875	n/a	1.0	2	241079	n/a
470.873046875	n/a	0.0	1	241087	n/a
470.890625	n/a	1.0	2	241096	n/a
470.908203125	n/a	0.0	1	241105	n/a
470.923828125	n/a	1.0	2	241113	n/a
470.94140625	n/a	0.0	1	241122	n/a
470.95703125	n/a	1.0	2	241130	n/a
470.974609375	n/a	1.0	2	241139	n/a
470.990234375	n/a	0.0	1	241147	n/a
471.0078125	n/a	0.0	1	241156	n/a
471.0234375	n/a	1.0	2	241164	n/a
471.041015625	n/a	0.0	1	241173	n/a
471.056640625	n/a	1.0	2	241181	n/a
471.07421875	n/a	1.0	2	241190	n/a
471.08984375	n/a	0.0	1	241198	n/a
471.107421875	n/a	1.0	2	241207	n/a
471.123046875	n/a	0.0	1	241215	n/a
471.140625	n/a	0.0	1	241224	n/a
471.158203125	n/a	1.0	2	241233	n/a
471.173828125	n/a	1.0	2	241241	n/a
471.19140625	n/a	0.0	1	241250	n/a
471.20703125	n/a	0.0	1	241258	n/a
471.224609375	n/a	1.0	2	241267	n/a
471.240234375	n/a	0.0	1	241275	n/a
471.2578125	n/a	1.0	2	241284	n/a
471.2734375	n/a	1.0	2	241292	n/a
471.291015625	n/a	0.0	1	241301	n/a
471.306640625	n/a	1.0	2	241309	n/a
471.32421875	n/a	0.0	1	241318	n/a
471.33984375	n/a	1.0	2	241326	n/a
471.357421875	n/a	0.0	1	241335	n/a
471.373046875	n/a	0.0	1	241343	n/a
471.390625	n/a	1.0	2	241352	n/a
471.408203125	n/a	1.0	2	241361	n/a
471.423828125	n/a	0.0	1	241369	n/a
471.44140625	n/a	0.0	1	241378	n/a
471.45703125	n/a	1.0	2	241386	n/a
471.474609375	n/a	0.0	1	241395	n/a
471.490234375	n/a	1.0	2	241403	n/a
471.5078125	n/a	0.0	1	241412	n/a
471.5234375	n/a	1.0	2	241420	n/a
471.541015625	n/a	1.0	2	241429	n/a
471.556640625	n/a	0.0	1	241437	n/a
471.57421875	n/a	1.0	2	241446	n/a
471.58984375	n/a	0.0	1	241454	n/a
471.607421875	n/a	0.0	1	241463	n/a
471.623046875	n/a	1.0	2	241471	n/a
471.640625	n/a	0.0	1	241480	n/a
471.658203125	n/a	1.0	2	241489	n/a
471.673828125	n/a	0.0	1	241497	n/a
471.69140625	n/a	1.0	2	241506	n/a
471.70703125	n/a	1.0	2	241514	n/a
471.724609375	n/a	0.0	1	241523	n/a
471.740234375	n/a	1.0	2	241531	n/a
471.7578125	n/a	0.0	1	241540	n/a
471.7734375	n/a	0.0	1	241548	n/a
471.791015625	n/a	1.0	2	241557	n/a
471.806640625	n/a	1.0	2	241565	n/a
471.82421875	n/a	0.0	1	241574	n/a
471.83984375	n/a	0.0	1	241582	n/a
471.857421875	n/a	1.0	2	241591	n/a
471.873046875	n/a	1.0	2	241599	n/a
471.890625	n/a	0.0	1	241608	n/a
471.908203125	n/a	0.0	1	241617	n/a
471.923828125	n/a	1.0	2	241625	n/a
471.94140625	n/a	1.0	2	241634	n/a
471.95703125	n/a	0.0	1	241642	n/a
471.974609375	n/a	0.0	1	241651	n/a
471.990234375	n/a	1.0	2	241659	n/a
472.0078125	n/a	0.0	1	241668	n/a
472.0234375	n/a	1.0	2	241676	n/a
472.041015625	n/a	0.0	1	241685	n/a
472.056640625	n/a	1.0	2	241693	n/a
472.07421875	n/a	1.0	2	241702	n/a
472.08984375	n/a	0.0	1	241710	n/a
472.107421875	n/a	1.0	2	241719	n/a
472.123046875	n/a	0.0	1	241727	n/a
472.140625	n/a	1.0	2	241736	n/a
472.158203125	n/a	0.0	1	241745	n/a
472.173828125	n/a	0.0	1	241753	n/a
472.19140625	n/a	1.0	2	241762	n/a
472.20703125	n/a	1.0	2	241770	n/a
472.224609375	n/a	0.0	1	241779	n/a
472.240234375	n/a	1.0	2	241787	n/a
472.2578125	n/a	0.0	1	241796	n/a
472.2734375	n/a	1.0	2	241804	n/a
472.291015625	n/a	0.0	1	241813	n/a
472.306640625	n/a	0.0	1	241821	n/a
472.32421875	n/a	1.0	2	241830	n/a
472.33984375	n/a	0.0	1	241838	n/a
472.357421875	n/a	1.0	2	241847	n/a
472.373046875	n/a	1.0	2	241855	n/a
472.390625	n/a	0.0	1	241864	n/a
472.408203125	n/a	1.0	2	241873	n/a
472.423828125	n/a	0.0	1	241881	n/a
472.44140625	n/a	1.0	2	241890	n/a
472.45703125	n/a	0.0	1	241898	n/a
472.474609375	n/a	1.0	2	241907	n/a
472.490234375	n/a	0.0	1	241915	n/a
472.5078125	n/a	0.0	1	241924	n/a
472.5234375	n/a	1.0	2	241932	n/a
472.541015625	n/a	0.0	1	241941	n/a
472.556640625	n/a	1.0	2	241949	n/a
472.57421875	n/a	0.0	1	241958	n/a
472.58984375	n/a	1.0	2	241966	n/a
472.607421875	n/a	0.0	1	241975	n/a
472.623046875	n/a	1.0	2	241983	n/a
472.640625	n/a	1.0	2	241992	n/a
472.658203125	n/a	0.0	1	242001	n/a
472.673828125	n/a	1.0	2	242009	n/a
472.69140625	n/a	0.0	1	242018	n/a
472.70703125	n/a	1.0	2	242026	n/a
472.724609375	n/a	0.0	1	242035	n/a
472.740234375	n/a	1.0	2	242043	n/a
472.7578125	n/a	0.0	1	242052	n/a
472.7734375	n/a	1.0	2	242060	n/a
472.791015625	n/a	0.0	1	242069	n/a
472.806640625	n/a	0.0	1	242077	n/a
472.82421875	n/a	1.0	2	242086	n/a
472.83984375	n/a	1.0	2	242094	n/a
472.857421875	n/a	0.0	1	242103	n/a
472.873046875	n/a	0.0	1	242111	n/a
472.890625	n/a	1.0	2	242120	n/a
472.908203125	n/a	1.0	2	242129	n/a
472.923828125	n/a	0.0	1	242137	n/a
472.94140625	n/a	0.0	1	242146	n/a
472.95703125	n/a	1.0	2	242154	n/a
472.974609375	n/a	0.0	1	242163	n/a
472.990234375	n/a	1.0	2	242171	n/a
473.0078125	n/a	0.0	1	242180	n/a
473.0234375	n/a	1.0	2	242188	n/a
473.041015625	n/a	0.0	1	242197	n/a
473.056640625	n/a	1.0	2	242205	n/a
473.07421875	n/a	1.0	2	242214	n/a
473.08984375	n/a	0.0	1	242222	n/a
473.107421875	n/a	0.0	1	242231	n/a
473.123046875	n/a	1.0	2	242239	n/a
473.140625	n/a	0.0	1	242248	n/a
473.158203125	n/a	1.0	2	242257	n/a
473.173828125	n/a	1.0	2	242265	n/a
473.19140625	n/a	0.0	1	242274	n/a
473.20703125	n/a	1.0	2	242282	n/a
473.224609375	n/a	0.0	1	242291	n/a
473.240234375	n/a	0.0	1	242299	n/a
473.2578125	n/a	1.0	2	242308	n/a
473.2734375	n/a	1.0	2	242316	n/a
473.291015625	n/a	0.0	1	242325	n/a
473.306640625	n/a	0.0	1	242333	n/a
473.32421875	n/a	1.0	2	242342	n/a
473.33984375	n/a	0.0	1	242350	n/a
473.357421875	n/a	1.0	2	242359	n/a
473.373046875	n/a	1.0	2	242367	n/a
473.390625	n/a	0.0	1	242376	n/a
473.408203125	n/a	1.0	2	242385	n/a
473.423828125	n/a	0.0	1	242393	n/a
473.44140625	n/a	1.0	2	242402	n/a
473.45703125	n/a	0.0	1	242410	n/a
473.474609375	n/a	0.0	1	242419	n/a
473.490234375	n/a	1.0	2	242427	n/a
473.5078125	n/a	1.0	2	242436	n/a
473.5234375	n/a	0.0	1	242444	n/a
473.541015625	n/a	0.0	1	242453	n/a
473.556640625	n/a	1.0	2	242461	n/a
473.57421875	n/a	0.0	1	242470	n/a
473.58984375	n/a	1.0	2	242478	n/a
473.607421875	n/a	0.0	1	242487	n/a
473.623046875	n/a	1.0	2	242495	n/a
473.640625	n/a	1.0	2	242504	n/a
473.658203125	n/a	0.0	1	242513	n/a
473.673828125	n/a	1.0	2	242521	n/a
473.69140625	n/a	0.0	1	242530	n/a
473.70703125	n/a	0.0	1	242538	n/a
473.724609375	n/a	1.0	2	242547	n/a
473.740234375	n/a	0.0	1	242555	n/a
473.7578125	n/a	1.0	2	242564	n/a
473.7734375	n/a	0.0	1	242572	n/a
473.791015625	n/a	1.0	2	242581	n/a
473.806640625	n/a	1.0	2	242589	n/a
473.82421875	n/a	0.0	1	242598	n/a
473.83984375	n/a	1.0	2	242606	n/a
473.857421875	n/a	0.0	1	242615	n/a
473.873046875	n/a	0.0	1	242623	n/a
473.890625	n/a	1.0	2	242632	n/a
473.908203125	n/a	1.0	2	242641	n/a
473.923828125	n/a	0.0	1	242649	n/a
473.94140625	n/a	0.0	1	242658	n/a
473.95703125	n/a	1.0	2	242666	n/a
473.974609375	n/a	1.0	2	242675	n/a
473.990234375	n/a	0.0	1	242683	n/a
474.0078125	n/a	0.0	1	242692	n/a
474.0234375	n/a	1.0	2	242700	n/a
474.041015625	n/a	1.0	2	242709	n/a
474.056640625	n/a	0.0	1	242717	n/a
474.07421875	n/a	0.0	1	242726	n/a
474.08984375	n/a	1.0	2	242734	n/a
474.107421875	n/a	0.0	1	242743	n/a
474.123046875	n/a	1.0	2	242751	n/a
474.140625	n/a	0.0	1	242760	n/a
474.158203125	n/a	1.0	2	242769	n/a
474.173828125	n/a	1.0	2	242777	n/a
474.19140625	n/a	0.0	1	242786	n/a
474.20703125	n/a	1.0	2	242794	n/a
474.224609375	n/a	0.0	1	242803	n/a
474.240234375	n/a	1.0	2	242811	n/a
474.2578125	n/a	0.0	1	242820	n/a
474.2734375	n/a	0.0	1	242828	n/a
474.291015625	n/a	1.0	2	242837	n/a
474.306640625	n/a	1.0	2	242845	n/a
474.32421875	n/a	0.0	1	242854	n/a
474.33984375	n/a	1.0	2	242862	n/a
474.357421875	n/a	0.0	1	242871	n/a
474.373046875	n/a	1.0	2	242879	n/a
474.390625	n/a	0.0	1	242888	n/a
474.408203125	n/a	0.0	1	242897	n/a
474.423828125	n/a	1.0	2	242905	n/a
474.44140625	n/a	0.0	1	242914	n/a
474.45703125	n/a	1.0	2	242922	n/a
474.474609375	n/a	1.0	2	242931	n/a
474.490234375	n/a	0.0	1	242939	n/a
474.5078125	n/a	1.0	2	242948	n/a
474.5234375	n/a	0.0	1	242956	n/a
474.541015625	n/a	1.0	2	242965	n/a
474.556640625	n/a	0.0	1	242973	n/a
474.57421875	n/a	1.0	2	242982	n/a
474.58984375	n/a	0.0	1	242990	n/a
474.607421875	n/a	0.0	1	242999	n/a
474.623046875	n/a	1.0	2	243007	n/a
474.640625	n/a	0.0	1	243016	n/a
474.658203125	n/a	1.0	2	243025	n/a
474.673828125	n/a	0.0	1	243033	n/a
474.69140625	n/a	1.0	2	243042	n/a
474.70703125	n/a	0.0	1	243050	n/a
474.724609375	n/a	1.0	2	243059	n/a
474.740234375	n/a	1.0	2	243067	n/a
474.7578125	n/a	0.0	1	243076	n/a
474.7734375	n/a	1.0	2	243084	n/a
474.791015625	n/a	0.0	1	243093	n/a
474.806640625	n/a	1.0	2	243101	n/a
474.82421875	n/a	0.0	1	243110	n/a
474.83984375	n/a	1.0	2	243118	n/a
474.857421875	n/a	0.0	1	243127	n/a
474.873046875	n/a	1.0	2	243135	n/a
474.890625	n/a	0.0	1	243144	n/a
474.908203125	n/a	0.0	1	243153	n/a
474.923828125	n/a	1.0	2	243161	n/a
474.94140625	n/a	1.0	2	243170	n/a
474.95703125	n/a	0.0	1	243178	n/a
474.974609375	n/a	0.0	1	243187	n/a
474.990234375	n/a	1.0	2	243195	n/a
475.0078125	n/a	1.0	2	243204	n/a
475.0234375	n/a	0.0	1	243212	n/a
475.041015625	n/a	0.0	1	243221	n/a
475.056640625	n/a	1.0	2	243229	n/a
475.07421875	n/a	0.0	1	243238	n/a
475.08984375	n/a	1.0	2	243246	n/a
475.107421875	n/a	0.0	1	243255	n/a
475.123046875	n/a	1.0	2	243263	n/a
475.140625	n/a	0.0	1	243272	n/a
475.158203125	n/a	1.0	2	243281	n/a
475.173828125	n/a	1.0	2	243289	n/a
475.19140625	n/a	0.0	1	243298	n/a
475.20703125	n/a	0.0	1	243306	n/a
475.224609375	n/a	1.0	2	243315	n/a
475.240234375	n/a	0.0	1	243323	n/a
475.2578125	n/a	1.0	2	243332	n/a
475.2734375	n/a	1.0	2	243340	n/a
475.291015625	n/a	0.0	1	243349	n/a
475.306640625	n/a	1.0	2	243357	n/a
475.32421875	n/a	0.0	1	243366	n/a
475.33984375	n/a	0.0	1	243374	n/a
475.357421875	n/a	1.0	2	243383	n/a
475.373046875	n/a	1.0	2	243391	n/a
475.390625	n/a	0.0	1	243400	n/a
475.408203125	n/a	0.0	1	243409	n/a
475.423828125	n/a	1.0	2	243417	n/a
475.44140625	n/a	0.0	1	243426	n/a
475.45703125	n/a	1.0	2	243434	n/a
475.474609375	n/a	1.0	2	243443	n/a
475.490234375	n/a	0.0	1	243451	n/a
475.5078125	n/a	1.0	2	243460	n/a
475.5234375	n/a	0.0	1	243468	n/a
475.541015625	n/a	1.0	2	243477	n/a
475.556640625	n/a	0.0	1	243485	n/a
475.57421875	n/a	0.0	1	243494	n/a
475.58984375	n/a	1.0	2	243502	n/a
475.607421875	n/a	1.0	2	243511	n/a
475.623046875	n/a	0.0	1	243519	n/a
475.640625	n/a	0.0	1	243528	n/a
475.658203125	n/a	1.0	2	243537	n/a
475.673828125	n/a	0.0	1	243545	n/a
475.69140625	n/a	1.0	2	243554	n/a
475.70703125	n/a	0.0	1	243562	n/a
475.724609375	n/a	1.0	2	243571	n/a
475.740234375	n/a	1.0	2	243579	n/a
475.7578125	n/a	0.0	1	243588	n/a
475.7734375	n/a	1.0	2	243596	n/a
475.791015625	n/a	0.0	1	243605	n/a
475.806640625	n/a	0.0	1	243613	n/a
475.82421875	n/a	1.0	2	243622	n/a
475.83984375	n/a	0.0	1	243630	n/a
475.857421875	n/a	1.0	2	243639	n/a
475.873046875	n/a	0.0	1	243647	n/a
475.890625	n/a	1.0	2	243656	n/a
475.908203125	n/a	1.0	2	243665	n/a
475.923828125	n/a	0.0	1	243673	n/a
475.94140625	n/a	1.0	2	243682	n/a
475.95703125	n/a	0.0	1	243690	n/a
475.974609375	n/a	0.0	1	243699	n/a
475.990234375	n/a	1.0	2	243707	n/a
476.0078125	n/a	1.0	2	243716	n/a
476.0234375	n/a	0.0	1	243724	n/a
476.041015625	n/a	0.0	1	243733	n/a
476.056640625	n/a	1.0	2	243741	n/a
476.07421875	n/a	1.0	2	243750	n/a
476.08984375	n/a	0.0	1	243758	n/a
476.107421875	n/a	0.0	1	243767	n/a
476.123046875	n/a	1.0	2	243775	n/a
476.140625	n/a	1.0	2	243784	n/a
476.158203125	n/a	0.0	1	243793	n/a
476.173828125	n/a	0.0	1	243801	n/a
476.19140625	n/a	1.0	2	243810	n/a
476.20703125	n/a	0.0	1	243818	n/a
476.224609375	n/a	1.0	2	243827	n/a
476.240234375	n/a	0.0	1	243835	n/a
476.2578125	n/a	1.0	2	243844	n/a
476.2734375	n/a	1.0	2	243852	n/a
476.291015625	n/a	0.0	1	243861	n/a
476.306640625	n/a	1.0	2	243869	n/a
476.32421875	n/a	0.0	1	243878	n/a
476.33984375	n/a	1.0	2	243886	n/a
476.357421875	n/a	0.0	1	243895	n/a
476.373046875	n/a	0.0	1	243903	n/a
476.390625	n/a	1.0	2	243912	n/a
476.408203125	n/a	1.0	2	243921	n/a
476.423828125	n/a	0.0	1	243929	n/a
476.44140625	n/a	1.0	2	243938	n/a
476.45703125	n/a	0.0	1	243946	n/a
476.474609375	n/a	1.0	2	243955	n/a
476.490234375	n/a	0.0	1	243963	n/a
476.5078125	n/a	0.0	1	243972	n/a
476.5234375	n/a	1.0	2	243980	n/a
476.541015625	n/a	0.0	1	243989	n/a
476.556640625	n/a	1.0	2	243997	n/a
476.57421875	n/a	1.0	2	244006	n/a
476.58984375	n/a	0.0	1	244014	n/a
476.607421875	n/a	1.0	2	244023	n/a
476.623046875	n/a	0.0	1	244031	n/a
476.640625	n/a	1.0	2	244040	n/a
476.658203125	n/a	0.0	1	244049	n/a
476.673828125	n/a	1.0	2	244057	n/a
476.69140625	n/a	0.0	1	244066	n/a
476.70703125	n/a	0.0	1	244074	n/a
476.724609375	n/a	1.0	2	244083	n/a
476.740234375	n/a	0.0	1	244091	n/a
476.7578125	n/a	1.0	2	244100	n/a
476.7734375	n/a	0.0	1	244108	n/a
476.791015625	n/a	1.0	2	244117	n/a
476.806640625	n/a	0.0	1	244125	n/a
476.82421875	n/a	1.0	2	244134	n/a
476.83984375	n/a	1.0	2	244142	n/a
476.857421875	n/a	0.0	1	244151	n/a
476.873046875	n/a	1.0	2	244159	n/a
476.890625	n/a	0.0	1	244168	n/a
476.908203125	n/a	1.0	2	244177	n/a
476.923828125	n/a	0.0	1	244185	n/a
476.94140625	n/a	1.0	2	244194	n/a
476.95703125	n/a	0.0	1	244202	n/a
476.974609375	n/a	1.0	2	244211	n/a
476.990234375	n/a	0.0	1	244219	n/a
477.0078125	n/a	0.0	1	244228	n/a
477.0234375	n/a	1.0	2	244236	n/a
477.041015625	n/a	1.0	2	244245	n/a
477.056640625	n/a	0.0	1	244253	n/a
477.07421875	n/a	0.0	1	244262	n/a
477.08984375	n/a	1.0	2	244270	n/a
477.107421875	n/a	1.0	2	244279	n/a
477.123046875	n/a	0.0	1	244287	n/a
477.140625	n/a	0.0	1	244296	n/a
477.158203125	n/a	1.0	2	244305	n/a
477.173828125	n/a	0.0	1	244313	n/a
477.19140625	n/a	1.0	2	244322	n/a
477.20703125	n/a	0.0	1	244330	n/a
477.224609375	n/a	1.0	2	244339	n/a
477.240234375	n/a	0.0	1	244347	n/a
477.2578125	n/a	1.0	2	244356	n/a
477.2734375	n/a	1.0	2	244364	n/a
477.291015625	n/a	0.0	1	244373	n/a
477.306640625	n/a	0.0	1	244381	n/a
477.32421875	n/a	1.0	2	244390	n/a
477.33984375	n/a	0.0	1	244398	n/a
477.357421875	n/a	1.0	2	244407	n/a
477.373046875	n/a	1.0	2	244415	n/a
477.390625	n/a	0.0	1	244424	n/a
477.408203125	n/a	1.0	2	244433	n/a
477.423828125	n/a	0.0	1	244441	n/a
477.44140625	n/a	0.0	1	244450	n/a
477.45703125	n/a	1.0	2	244458	n/a
477.474609375	n/a	1.0	2	244467	n/a
477.490234375	n/a	0.0	1	244475	n/a
477.5078125	n/a	0.0	1	244484	n/a
477.5234375	n/a	1.0	2	244492	n/a
477.541015625	n/a	0.0	1	244501	n/a
477.556640625	n/a	1.0	2	244509	n/a
477.57421875	n/a	1.0	2	244518	n/a
477.58984375	n/a	0.0	1	244526	n/a
477.607421875	n/a	1.0	2	244535	n/a
477.623046875	n/a	0.0	1	244543	n/a
477.640625	n/a	1.0	2	244552	n/a
477.658203125	n/a	0.0	1	244561	n/a
477.673828125	n/a	0.0	1	244569	n/a
477.69140625	n/a	1.0	2	244578	n/a
477.70703125	n/a	1.0	2	244586	n/a
477.724609375	n/a	0.0	1	244595	n/a
477.740234375	n/a	0.0	1	244603	n/a
477.7578125	n/a	1.0	2	244612	n/a
477.7734375	n/a	0.0	1	244620	n/a
477.791015625	n/a	1.0	2	244629	n/a
477.806640625	n/a	0.0	1	244637	n/a
477.82421875	n/a	1.0	2	244646	n/a
477.83984375	n/a	1.0	2	244654	n/a
477.857421875	n/a	0.0	1	244663	n/a
477.873046875	n/a	1.0	2	244671	n/a
477.890625	n/a	0.0	1	244680	n/a
477.908203125	n/a	0.0	1	244689	n/a
477.923828125	n/a	1.0	2	244697	n/a
477.94140625	n/a	0.0	1	244706	n/a
477.95703125	n/a	1.0	2	244714	n/a
477.974609375	n/a	0.0	1	244723	n/a
477.990234375	n/a	1.0	2	244731	n/a
478.0078125	n/a	1.0	2	244740	n/a
478.0234375	n/a	0.0	1	244748	n/a
478.041015625	n/a	1.0	2	244757	n/a
478.056640625	n/a	0.0	1	244765	n/a
478.07421875	n/a	0.0	1	244774	n/a
478.08984375	n/a	1.0	2	244782	n/a
478.107421875	n/a	1.0	2	244791	n/a
478.123046875	n/a	0.0	1	244799	n/a
478.140625	n/a	0.0	1	244808	n/a
478.158203125	n/a	1.0	2	244817	n/a
478.173828125	n/a	1.0	2	244825	n/a
478.19140625	n/a	0.0	1	244834	n/a
478.20703125	n/a	0.0	1	244842	n/a
478.224609375	n/a	1.0	2	244851	n/a
478.240234375	n/a	1.0	2	244859	n/a
478.2578125	n/a	0.0	1	244868	n/a
478.2734375	n/a	0.0	1	244876	n/a
478.291015625	n/a	1.0	2	244885	n/a
478.306640625	n/a	0.0	1	244893	n/a
478.32421875	n/a	1.0	2	244902	n/a
478.33984375	n/a	0.0	1	244910	n/a
478.357421875	n/a	1.0	2	244919	n/a
478.373046875	n/a	1.0	2	244927	n/a
478.390625	n/a	0.0	1	244936	n/a
478.408203125	n/a	1.0	2	244945	n/a
478.423828125	n/a	0.0	1	244953	n/a
478.44140625	n/a	1.0	2	244962	n/a
478.45703125	n/a	0.0	1	244970	n/a
478.474609375	n/a	0.0	1	244979	n/a
478.490234375	n/a	1.0	2	244987	n/a
478.5078125	n/a	1.0	2	244996	n/a
478.5234375	n/a	0.0	1	245004	n/a
478.541015625	n/a	1.0	2	245013	n/a
478.556640625	n/a	0.0	1	245021	n/a
478.57421875	n/a	1.0	2	245030	n/a
478.58984375	n/a	0.0	1	245038	n/a
478.607421875	n/a	0.0	1	245047	n/a
478.623046875	n/a	1.0	2	245055	n/a
478.640625	n/a	0.0	1	245064	n/a
478.658203125	n/a	1.0	2	245073	n/a
478.673828125	n/a	1.0	2	245081	n/a
478.69140625	n/a	0.0	1	245090	n/a
478.70703125	n/a	1.0	2	245098	n/a
478.724609375	n/a	0.0	1	245107	n/a
478.740234375	n/a	1.0	2	245115	n/a
478.7578125	n/a	0.0	1	245124	n/a
478.7734375	n/a	1.0	2	245132	n/a
478.791015625	n/a	0.0	1	245141	n/a
478.806640625	n/a	0.0	1	245149	n/a
478.82421875	n/a	1.0	2	245158	n/a
478.83984375	n/a	0.0	1	245166	n/a
478.857421875	n/a	1.0	2	245175	n/a
478.873046875	n/a	0.0	1	245183	n/a
478.890625	n/a	1.0	2	245192	n/a
478.908203125	n/a	0.0	1	245201	n/a
478.923828125	n/a	1.0	2	245209	n/a
478.94140625	n/a	1.0	2	245218	n/a
478.95703125	n/a	0.0	1	245226	n/a
478.974609375	n/a	1.0	2	245235	n/a
478.990234375	n/a	0.0	1	245243	n/a
479.0078125	n/a	1.0	2	245252	n/a
479.0234375	n/a	0.0	1	245260	n/a
479.041015625	n/a	1.0	2	245269	n/a
479.056640625	n/a	0.0	1	245277	n/a
479.07421875	n/a	1.0	2	245286	n/a
479.08984375	n/a	0.0	1	245294	n/a
479.107421875	n/a	0.0	1	245303	n/a
479.123046875	n/a	1.0	2	245311	n/a
479.140625	n/a	1.0	2	245320	n/a
479.158203125	n/a	0.0	1	245329	n/a
479.173828125	n/a	0.0	1	245337	n/a
479.19140625	n/a	1.0	2	245346	n/a
479.20703125	n/a	1.0	2	245354	n/a
479.224609375	n/a	0.0	1	245363	n/a
479.240234375	n/a	0.0	1	245371	n/a
479.2578125	n/a	1.0	2	245380	n/a
479.2734375	n/a	0.0	1	245388	n/a
479.291015625	n/a	1.0	2	245397	n/a
479.306640625	n/a	0.0	1	245405	n/a
479.32421875	n/a	1.0	2	245414	n/a
479.33984375	n/a	0.0	1	245422	n/a
479.357421875	n/a	1.0	2	245431	n/a
479.373046875	n/a	1.0	2	245439	n/a
479.390625	n/a	0.0	1	245448	n/a
479.408203125	n/a	0.0	1	245457	n/a
479.423828125	n/a	1.0	2	245465	n/a
479.44140625	n/a	0.0	1	245474	n/a
479.45703125	n/a	1.0	2	245482	n/a
479.474609375	n/a	1.0	2	245491	n/a
479.490234375	n/a	0.0	1	245499	n/a
479.5078125	n/a	1.0	2	245508	n/a
479.5234375	n/a	0.0	1	245516	n/a
479.541015625	n/a	0.0	1	245525	n/a
479.556640625	n/a	1.0	2	245533	n/a
479.57421875	n/a	1.0	2	245542	n/a
479.58984375	n/a	0.0	1	245550	n/a
479.607421875	n/a	0.0	1	245559	n/a
479.623046875	n/a	1.0	2	245567	n/a
479.640625	n/a	0.0	1	245576	n/a
479.658203125	n/a	1.0	2	245585	n/a
479.673828125	n/a	1.0	2	245593	n/a
479.69140625	n/a	0.0	1	245602	n/a
479.70703125	n/a	1.0	2	245610	n/a
479.724609375	n/a	0.0	1	245619	n/a
479.740234375	n/a	1.0	2	245627	n/a
479.7578125	n/a	0.0	1	245636	n/a
479.7734375	n/a	0.0	1	245644	n/a
479.791015625	n/a	1.0	2	245653	n/a
479.806640625	n/a	1.0	2	245661	n/a
479.82421875	n/a	0.0	1	245670	n/a
479.83984375	n/a	0.0	1	245678	n/a
479.857421875	n/a	1.0	2	245687	n/a
479.873046875	n/a	0.0	1	245695	n/a
479.890625	n/a	1.0	2	245704	n/a
479.908203125	n/a	0.0	1	245713	n/a
479.923828125	n/a	1.0	2	245721	n/a
479.94140625	n/a	1.0	2	245730	n/a
479.95703125	n/a	0.0	1	245738	n/a
479.974609375	n/a	1.0	2	245747	n/a
479.990234375	n/a	0.0	1	245755	n/a
480.0078125	n/a	0.0	1	245764	n/a
480.0234375	n/a	1.0	2	245772	n/a
480.041015625	n/a	0.0	1	245781	n/a
480.056640625	n/a	1.0	2	245789	n/a
480.07421875	n/a	0.0	1	245798	n/a
480.08984375	n/a	1.0	2	245806	n/a
480.107421875	n/a	1.0	2	245815	n/a
480.123046875	n/a	0.0	1	245823	n/a
480.140625	n/a	1.0	2	245832	n/a
480.158203125	n/a	0.0	1	245841	n/a
480.173828125	n/a	0.0	1	245849	n/a
480.19140625	n/a	1.0	2	245858	n/a
480.20703125	n/a	1.0	2	245866	n/a
480.224609375	n/a	0.0	1	245875	n/a
480.240234375	n/a	0.0	1	245883	n/a
480.2578125	n/a	1.0	2	245892	n/a
480.2734375	n/a	1.0	2	245900	n/a
480.291015625	n/a	0.0	1	245909	n/a
480.306640625	n/a	0.0	1	245917	n/a
480.32421875	n/a	1.0	2	245926	n/a
480.33984375	n/a	1.0	2	245934	n/a
480.357421875	n/a	0.0	1	245943	n/a
480.373046875	n/a	0.0	1	245951	n/a
480.390625	n/a	1.0	2	245960	n/a
480.408203125	n/a	0.0	1	245969	n/a
480.423828125	n/a	1.0	2	245977	n/a
480.44140625	n/a	0.0	1	245986	n/a
480.45703125	n/a	1.0	2	245994	n/a
480.474609375	n/a	1.0	2	246003	n/a
480.490234375	n/a	0.0	1	246011	n/a
480.5078125	n/a	1.0	2	246020	n/a
480.5234375	n/a	0.0	1	246028	n/a
480.541015625	n/a	1.0	2	246037	n/a
480.556640625	n/a	0.0	1	246045	n/a
480.57421875	n/a	0.0	1	246054	n/a
480.58984375	n/a	1.0	2	246062	n/a
480.607421875	n/a	1.0	2	246071	n/a
480.623046875	n/a	0.0	1	246079	n/a
480.640625	n/a	1.0	2	246088	n/a
480.658203125	n/a	0.0	1	246097	n/a
480.673828125	n/a	1.0	2	246105	n/a
480.69140625	n/a	0.0	1	246114	n/a
480.70703125	n/a	0.0	1	246122	n/a
480.724609375	n/a	1.0	2	246131	n/a
480.740234375	n/a	0.0	1	246139	n/a
480.7578125	n/a	1.0	2	246148	n/a
480.7734375	n/a	1.0	2	246156	n/a
480.791015625	n/a	0.0	1	246165	n/a
480.806640625	n/a	1.0	2	246173	n/a
480.82421875	n/a	0.0	1	246182	n/a
480.83984375	n/a	1.0	2	246190	n/a
480.857421875	n/a	0.0	1	246199	n/a
480.873046875	n/a	1.0	2	246207	n/a
480.890625	n/a	0.0	1	246216	n/a
480.908203125	n/a	0.0	1	246225	n/a
480.923828125	n/a	1.0	2	246233	n/a
480.94140625	n/a	0.0	1	246242	n/a
480.95703125	n/a	1.0	2	246250	n/a
480.974609375	n/a	0.0	1	246259	n/a
480.990234375	n/a	1.0	2	246267	n/a
481.0078125	n/a	0.0	1	246276	n/a
481.0234375	n/a	1.0	2	246284	n/a
481.041015625	n/a	1.0	2	246293	n/a
481.056640625	n/a	0.0	1	246301	n/a
481.07421875	n/a	1.0	2	246310	n/a
481.08984375	n/a	0.0	1	246318	n/a
481.107421875	n/a	1.0	2	246327	n/a
481.123046875	n/a	0.0	1	246335	n/a
481.140625	n/a	1.0	2	246344	n/a
481.158203125	n/a	0.0	1	246353	n/a
481.173828125	n/a	1.0	2	246361	n/a
481.19140625	n/a	0.0	1	246370	n/a
481.20703125	n/a	0.0	1	246378	n/a
481.224609375	n/a	1.0	2	246387	n/a
481.240234375	n/a	1.0	2	246395	n/a
481.2578125	n/a	0.0	1	246404	n/a
481.2734375	n/a	0.0	1	246412	n/a
481.291015625	n/a	1.0	2	246421	n/a
481.306640625	n/a	1.0	2	246429	n/a
481.32421875	n/a	0.0	1	246438	n/a
481.33984375	n/a	0.0	1	246446	n/a
481.357421875	n/a	1.0	2	246455	n/a
481.373046875	n/a	0.0	1	246463	n/a
481.390625	n/a	1.0	2	246472	n/a
481.408203125	n/a	0.0	1	246481	n/a
481.423828125	n/a	1.0	2	246489	n/a
481.44140625	n/a	0.0	1	246498	n/a
481.45703125	n/a	1.0	2	246506	n/a
481.474609375	n/a	1.0	2	246515	n/a
481.490234375	n/a	0.0	1	246523	n/a
481.5078125	n/a	0.0	1	246532	n/a
481.5234375	n/a	1.0	2	246540	n/a
481.541015625	n/a	0.0	1	246549	n/a
481.556640625	n/a	1.0	2	246557	n/a
481.57421875	n/a	1.0	2	246566	n/a
481.58984375	n/a	0.0	1	246574	n/a
481.607421875	n/a	1.0	2	246583	n/a
481.623046875	n/a	0.0	1	246591	n/a
481.640625	n/a	0.0	1	246600	n/a
481.658203125	n/a	1.0	2	246609	n/a
481.673828125	n/a	1.0	2	246617	n/a
481.69140625	n/a	0.0	1	246626	n/a
481.70703125	n/a	0.0	1	246634	n/a
481.724609375	n/a	1.0	2	246643	n/a
481.740234375	n/a	0.0	1	246651	n/a
481.7578125	n/a	1.0	2	246660	n/a
481.7734375	n/a	1.0	2	246668	n/a
481.791015625	n/a	0.0	1	246677	n/a
481.806640625	n/a	1.0	2	246685	n/a
481.82421875	n/a	0.0	1	246694	n/a
481.83984375	n/a	1.0	2	246702	n/a
481.857421875	n/a	0.0	1	246711	n/a
481.873046875	n/a	0.0	1	246719	n/a
481.890625	n/a	1.0	2	246728	n/a
481.908203125	n/a	1.0	2	246737	n/a
481.923828125	n/a	0.0	1	246745	n/a
481.94140625	n/a	0.0	1	246754	n/a
481.95703125	n/a	1.0	2	246762	n/a
481.974609375	n/a	0.0	1	246771	n/a
481.990234375	n/a	1.0	2	246779	n/a
482.0078125	n/a	0.0	1	246788	n/a
482.0234375	n/a	1.0	2	246796	n/a
482.041015625	n/a	1.0	2	246805	n/a
482.056640625	n/a	0.0	1	246813	n/a
482.07421875	n/a	1.0	2	246822	n/a
482.08984375	n/a	0.0	1	246830	n/a
482.107421875	n/a	0.0	1	246839	n/a
482.123046875	n/a	1.0	2	246847	n/a
482.140625	n/a	0.0	1	246856	n/a
482.158203125	n/a	1.0	2	246865	n/a
482.173828125	n/a	0.0	1	246873	n/a
482.19140625	n/a	1.0	2	246882	n/a
482.20703125	n/a	1.0	2	246890	n/a
482.224609375	n/a	0.0	1	246899	n/a
482.240234375	n/a	1.0	2	246907	n/a
482.2578125	n/a	0.0	1	246916	n/a
482.2734375	n/a	0.0	1	246924	n/a
482.291015625	n/a	1.0	2	246933	n/a
482.306640625	n/a	1.0	2	246941	n/a
482.32421875	n/a	0.0	1	246950	n/a
482.33984375	n/a	0.0	1	246958	n/a
482.357421875	n/a	1.0	2	246967	n/a
482.373046875	n/a	1.0	2	246975	n/a
482.390625	n/a	0.0	1	246984	n/a
482.408203125	n/a	0.0	1	246993	n/a
482.423828125	n/a	1.0	2	247001	n/a
482.44140625	n/a	1.0	2	247010	n/a
482.45703125	n/a	0.0	1	247018	n/a
482.474609375	n/a	0.0	1	247027	n/a
482.490234375	n/a	1.0	2	247035	n/a
482.5078125	n/a	0.0	1	247044	n/a
482.5234375	n/a	1.0	2	247052	n/a
482.541015625	n/a	0.0	1	247061	n/a
482.556640625	n/a	1.0	2	247069	n/a
482.57421875	n/a	1.0	2	247078	n/a
482.58984375	n/a	0.0	1	247086	n/a
482.607421875	n/a	1.0	2	247095	n/a
482.623046875	n/a	0.0	1	247103	n/a
482.640625	n/a	1.0	2	247112	n/a
482.658203125	n/a	0.0	1	247121	n/a
482.673828125	n/a	0.0	1	247129	n/a
482.69140625	n/a	1.0	2	247138	n/a
482.70703125	n/a	1.0	2	247146	n/a
482.724609375	n/a	0.0	1	247155	n/a
482.740234375	n/a	1.0	2	247163	n/a
482.7578125	n/a	0.0	1	247172	n/a
482.7734375	n/a	1.0	2	247180	n/a
482.791015625	n/a	0.0	1	247189	n/a
482.806640625	n/a	0.0	1	247197	n/a
482.82421875	n/a	1.0	2	247206	n/a
482.83984375	n/a	0.0	1	247214	n/a
482.857421875	n/a	1.0	2	247223	n/a
482.873046875	n/a	1.0	2	247231	n/a
482.890625	n/a	0.0	1	247240	n/a
482.908203125	n/a	1.0	2	247249	n/a
482.923828125	n/a	0.0	1	247257	n/a
482.94140625	n/a	1.0	2	247266	n/a
482.95703125	n/a	0.0	1	247274	n/a
482.974609375	n/a	1.0	2	247283	n/a
482.990234375	n/a	0.0	1	247291	n/a
483.0078125	n/a	0.0	1	247300	n/a
483.0234375	n/a	1.0	2	247308	n/a
483.041015625	n/a	0.0	1	247317	n/a
483.056640625	n/a	1.0	2	247325	n/a
483.07421875	n/a	0.0	1	247334	n/a
483.08984375	n/a	1.0	2	247342	n/a
483.107421875	n/a	0.0	1	247351	n/a
483.123046875	n/a	1.0	2	247359	n/a
483.140625	n/a	1.0	2	247368	n/a
483.158203125	n/a	0.0	1	247377	n/a
483.173828125	n/a	1.0	2	247385	n/a
483.19140625	n/a	0.0	1	247394	n/a
483.20703125	n/a	1.0	2	247402	n/a
483.224609375	n/a	0.0	1	247411	n/a
483.240234375	n/a	1.0	2	247419	n/a
483.2578125	n/a	0.0	1	247428	n/a
483.2734375	n/a	1.0	2	247436	n/a
483.291015625	n/a	0.0	1	247445	n/a
483.306640625	n/a	0.0	1	247453	n/a
483.32421875	n/a	1.0	2	247462	n/a
483.33984375	n/a	1.0	2	247470	n/a
483.357421875	n/a	0.0	1	247479	n/a
483.373046875	n/a	0.0	1	247487	n/a
483.390625	n/a	1.0	2	247496	n/a
483.408203125	n/a	1.0	2	247505	n/a
483.423828125	n/a	0.0	1	247513	n/a
483.44140625	n/a	0.0	1	247522	n/a
483.45703125	n/a	1.0	2	247530	n/a
483.474609375	n/a	0.0	1	247539	n/a
483.490234375	n/a	1.0	2	247547	n/a
483.5078125	n/a	0.0	1	247556	n/a
483.5234375	n/a	1.0	2	247564	n/a
483.541015625	n/a	0.0	1	247573	n/a
483.556640625	n/a	1.0	2	247581	n/a
483.57421875	n/a	1.0	2	247590	n/a
483.58984375	n/a	0.0	1	247598	n/a
483.607421875	n/a	0.0	1	247607	n/a
483.623046875	n/a	1.0	2	247615	n/a
483.640625	n/a	0.0	1	247624	n/a
483.658203125	n/a	1.0	2	247633	n/a
483.673828125	n/a	1.0	2	247641	n/a
483.69140625	n/a	0.0	1	247650	n/a
483.70703125	n/a	1.0	2	247658	n/a
483.724609375	n/a	0.0	1	247667	n/a
483.740234375	n/a	0.0	1	247675	n/a
483.7578125	n/a	1.0	2	247684	n/a
483.7734375	n/a	1.0	2	247692	n/a
483.791015625	n/a	0.0	1	247701	n/a
483.806640625	n/a	0.0	1	247709	n/a
483.82421875	n/a	1.0	2	247718	n/a
483.83984375	n/a	0.0	1	247726	n/a
483.857421875	n/a	1.0	2	247735	n/a
483.873046875	n/a	1.0	2	247743	n/a
483.890625	n/a	0.0	1	247752	n/a
483.908203125	n/a	1.0	2	247761	n/a
483.923828125	n/a	0.0	1	247769	n/a
483.94140625	n/a	1.0	2	247778	n/a
483.95703125	n/a	0.0	1	247786	n/a
483.974609375	n/a	0.0	1	247795	n/a
483.990234375	n/a	1.0	2	247803	n/a
484.0078125	n/a	1.0	2	247812	n/a
484.0234375	n/a	0.0	1	247820	n/a
484.041015625	n/a	0.0	1	247829	n/a
484.056640625	n/a	1.0	2	247837	n/a
484.07421875	n/a	0.0	1	247846	n/a
484.08984375	n/a	1.0	2	247854	n/a
484.107421875	n/a	0.0	1	247863	n/a
484.123046875	n/a	1.0	2	247871	n/a
484.140625	n/a	1.0	2	247880	n/a
484.158203125	n/a	0.0	1	247889	n/a
484.173828125	n/a	1.0	2	247897	n/a
484.19140625	n/a	0.0	1	247906	n/a
484.20703125	n/a	0.0	1	247914	n/a
484.224609375	n/a	1.0	2	247923	n/a
484.240234375	n/a	0.0	1	247931	n/a
484.2578125	n/a	1.0	2	247940	n/a
484.2734375	n/a	0.0	1	247948	n/a
484.291015625	n/a	1.0	2	247957	n/a
484.306640625	n/a	1.0	2	247965	n/a
484.32421875	n/a	0.0	1	247974	n/a
484.33984375	n/a	1.0	2	247982	n/a
484.357421875	n/a	0.0	1	247991	n/a
484.373046875	n/a	0.0	1	247999	n/a
484.390625	n/a	1.0	2	248008	n/a
484.408203125	n/a	1.0	2	248017	n/a
484.423828125	n/a	0.0	1	248025	n/a
484.44140625	n/a	0.0	1	248034	n/a
484.45703125	n/a	1.0	2	248042	n/a
484.474609375	n/a	1.0	2	248051	n/a
484.490234375	n/a	0.0	1	248059	n/a
484.5078125	n/a	0.0	1	248068	n/a
484.5234375	n/a	1.0	2	248076	n/a
484.541015625	n/a	1.0	2	248085	n/a
484.556640625	n/a	0.0	1	248093	n/a
484.57421875	n/a	0.0	1	248102	n/a
484.58984375	n/a	1.0	2	248110	n/a
484.607421875	n/a	0.0	1	248119	n/a
484.623046875	n/a	1.0	2	248127	n/a
484.640625	n/a	0.0	1	248136	n/a
484.658203125	n/a	1.0	2	248145	n/a
484.673828125	n/a	1.0	2	248153	n/a
484.69140625	n/a	0.0	1	248162	n/a
484.70703125	n/a	1.0	2	248170	n/a
484.724609375	n/a	0.0	1	248179	n/a
484.740234375	n/a	1.0	2	248187	n/a
484.7578125	n/a	0.0	1	248196	n/a
484.7734375	n/a	0.0	1	248204	n/a
484.791015625	n/a	1.0	2	248213	n/a
484.806640625	n/a	1.0	2	248221	n/a
484.82421875	n/a	0.0	1	248230	n/a
484.83984375	n/a	1.0	2	248238	n/a
484.857421875	n/a	0.0	1	248247	n/a
484.873046875	n/a	1.0	2	248255	n/a
484.890625	n/a	0.0	1	248264	n/a
484.908203125	n/a	0.0	1	248273	n/a
484.923828125	n/a	1.0	2	248281	n/a
484.94140625	n/a	0.0	1	248290	n/a
484.95703125	n/a	1.0	2	248298	n/a
484.974609375	n/a	1.0	2	248307	n/a
484.990234375	n/a	0.0	1	248315	n/a
485.0078125	n/a	1.0	2	248324	n/a
485.0234375	n/a	0.0	1	248332	n/a
485.041015625	n/a	1.0	2	248341	n/a
485.056640625	n/a	0.0	1	248349	n/a
485.07421875	n/a	1.0	2	248358	n/a
485.08984375	n/a	0.0	1	248366	n/a
485.107421875	n/a	0.0	1	248375	n/a
485.123046875	n/a	1.0	2	248383	n/a
485.140625	n/a	0.0	1	248392	n/a
485.158203125	n/a	1.0	2	248401	n/a
485.173828125	n/a	0.0	1	248409	n/a
485.19140625	n/a	1.0	2	248418	n/a
485.20703125	n/a	0.0	1	248426	n/a
485.224609375	n/a	1.0	2	248435	n/a
485.240234375	n/a	1.0	2	248443	n/a
485.2578125	n/a	0.0	1	248452	n/a
485.2734375	n/a	1.0	2	248460	n/a
485.291015625	n/a	0.0	1	248469	n/a
485.306640625	n/a	1.0	2	248477	n/a
485.32421875	n/a	0.0	1	248486	n/a
485.33984375	n/a	1.0	2	248494	n/a
485.357421875	n/a	0.0	1	248503	n/a
485.373046875	n/a	1.0	2	248511	n/a
485.390625	n/a	0.0	1	248520	n/a
485.408203125	n/a	0.0	1	248529	n/a
485.423828125	n/a	1.0	2	248537	n/a
485.44140625	n/a	1.0	2	248546	n/a
485.45703125	n/a	0.0	1	248554	n/a
485.474609375	n/a	0.0	1	248563	n/a
485.490234375	n/a	1.0	2	248571	n/a
485.5078125	n/a	1.0	2	248580	n/a
485.5234375	n/a	0.0	1	248588	n/a
485.541015625	n/a	0.0	1	248597	n/a
485.556640625	n/a	1.0	2	248605	n/a
485.57421875	n/a	0.0	1	248614	n/a
485.58984375	n/a	1.0	2	248622	n/a
485.607421875	n/a	0.0	1	248631	n/a
485.623046875	n/a	1.0	2	248639	n/a
485.640625	n/a	0.0	1	248648	n/a
485.658203125	n/a	1.0	2	248657	n/a
485.673828125	n/a	1.0	2	248665	n/a
485.69140625	n/a	0.0	1	248674	n/a
485.70703125	n/a	0.0	1	248682	n/a
485.724609375	n/a	1.0	2	248691	n/a
485.740234375	n/a	0.0	1	248699	n/a
485.7578125	n/a	1.0	2	248708	n/a
485.7734375	n/a	1.0	2	248716	n/a
485.791015625	n/a	0.0	1	248725	n/a
485.806640625	n/a	1.0	2	248733	n/a
485.82421875	n/a	0.0	1	248742	n/a
485.83984375	n/a	0.0	1	248750	n/a
485.857421875	n/a	1.0	2	248759	n/a
485.873046875	n/a	1.0	2	248767	n/a
485.890625	n/a	0.0	1	248776	n/a
485.908203125	n/a	0.0	1	248785	n/a
485.923828125	n/a	1.0	2	248793	n/a
485.94140625	n/a	0.0	1	248802	n/a
485.95703125	n/a	1.0	2	248810	n/a
485.974609375	n/a	1.0	2	248819	n/a
485.990234375	n/a	0.0	1	248827	n/a
486.0078125	n/a	1.0	2	248836	n/a
486.0234375	n/a	0.0	1	248844	n/a
486.041015625	n/a	1.0	2	248853	n/a
486.056640625	n/a	0.0	1	248861	n/a
486.07421875	n/a	0.0	1	248870	n/a
486.08984375	n/a	1.0	2	248878	n/a
486.107421875	n/a	1.0	2	248887	n/a
486.123046875	n/a	0.0	1	248895	n/a
486.140625	n/a	0.0	1	248904	n/a
486.158203125	n/a	1.0	2	248913	n/a
486.173828125	n/a	0.0	1	248921	n/a
486.19140625	n/a	1.0	2	248930	n/a
486.20703125	n/a	0.0	1	248938	n/a
486.224609375	n/a	1.0	2	248947	n/a
486.240234375	n/a	1.0	2	248955	n/a
486.2578125	n/a	0.0	1	248964	n/a
486.2734375	n/a	1.0	2	248972	n/a
486.291015625	n/a	0.0	1	248981	n/a
486.306640625	n/a	0.0	1	248989	n/a
486.32421875	n/a	1.0	2	248998	n/a
486.33984375	n/a	0.0	1	249006	n/a
486.357421875	n/a	1.0	2	249015	n/a
486.373046875	n/a	0.0	1	249023	n/a
486.390625	n/a	1.0	2	249032	n/a
486.408203125	n/a	1.0	2	249041	n/a
486.423828125	n/a	0.0	1	249049	n/a
486.44140625	n/a	1.0	2	249058	n/a
486.45703125	n/a	0.0	1	249066	n/a
486.474609375	n/a	0.0	1	249075	n/a
486.490234375	n/a	1.0	2	249083	n/a
486.5078125	n/a	1.0	2	249092	n/a
486.5234375	n/a	0.0	1	249100	n/a
486.541015625	n/a	0.0	1	249109	n/a
486.556640625	n/a	1.0	2	249117	n/a
486.57421875	n/a	1.0	2	249126	n/a
486.58984375	n/a	0.0	1	249134	n/a
486.607421875	n/a	0.0	1	249143	n/a
486.623046875	n/a	1.0	2	249151	n/a
486.640625	n/a	1.0	2	249160	n/a
486.658203125	n/a	0.0	1	249169	n/a
486.673828125	n/a	0.0	1	249177	n/a
486.69140625	n/a	1.0	2	249186	n/a
486.70703125	n/a	0.0	1	249194	n/a
486.724609375	n/a	1.0	2	249203	n/a
486.740234375	n/a	0.0	1	249211	n/a
486.7578125	n/a	1.0	2	249220	n/a
486.7734375	n/a	1.0	2	249228	n/a
486.791015625	n/a	0.0	1	249237	n/a
486.806640625	n/a	1.0	2	249245	n/a
486.82421875	n/a	0.0	1	249254	n/a
486.83984375	n/a	1.0	2	249262	n/a
486.857421875	n/a	0.0	1	249271	n/a
486.873046875	n/a	0.0	1	249279	n/a
486.890625	n/a	1.0	2	249288	n/a
486.908203125	n/a	1.0	2	249297	n/a
486.923828125	n/a	0.0	1	249305	n/a
486.94140625	n/a	1.0	2	249314	n/a
486.95703125	n/a	0.0	1	249322	n/a
486.974609375	n/a	1.0	2	249331	n/a
486.990234375	n/a	0.0	1	249339	n/a
487.0078125	n/a	0.0	1	249348	n/a
487.0234375	n/a	1.0	2	249356	n/a
487.041015625	n/a	0.0	1	249365	n/a
487.056640625	n/a	1.0	2	249373	n/a
487.07421875	n/a	1.0	2	249382	n/a
487.08984375	n/a	0.0	1	249390	n/a
487.107421875	n/a	1.0	2	249399	n/a
487.123046875	n/a	0.0	1	249407	n/a
487.140625	n/a	1.0	2	249416	n/a
487.158203125	n/a	0.0	1	249425	n/a
487.173828125	n/a	1.0	2	249433	n/a
487.19140625	n/a	0.0	1	249442	n/a
487.20703125	n/a	0.0	1	249450	n/a
487.224609375	n/a	1.0	2	249459	n/a
487.240234375	n/a	0.0	1	249467	n/a
487.2578125	n/a	1.0	2	249476	n/a
487.2734375	n/a	0.0	1	249484	n/a
487.291015625	n/a	1.0	2	249493	n/a
487.306640625	n/a	0.0	1	249501	n/a
487.32421875	n/a	1.0	2	249510	n/a
487.33984375	n/a	1.0	2	249518	n/a
487.357421875	n/a	0.0	1	249527	n/a
487.373046875	n/a	1.0	2	249535	n/a
487.390625	n/a	0.0	1	249544	n/a
487.408203125	n/a	1.0	2	249553	n/a
487.423828125	n/a	0.0	1	249561	n/a
487.44140625	n/a	1.0	2	249570	n/a
487.45703125	n/a	0.0	1	249578	n/a
487.474609375	n/a	1.0	2	249587	n/a
487.490234375	n/a	0.0	1	249595	n/a
487.5078125	n/a	0.0	1	249604	n/a
487.5234375	n/a	1.0	2	249612	n/a
487.541015625	n/a	1.0	2	249621	n/a
487.556640625	n/a	0.0	1	249629	n/a
487.57421875	n/a	0.0	1	249638	n/a
487.58984375	n/a	1.0	2	249646	n/a
487.607421875	n/a	1.0	2	249655	n/a
487.623046875	n/a	0.0	1	249663	n/a
487.640625	n/a	0.0	1	249672	n/a
487.658203125	n/a	1.0	2	249681	n/a
487.673828125	n/a	0.0	1	249689	n/a
487.69140625	n/a	1.0	2	249698	n/a
487.70703125	n/a	0.0	1	249706	n/a
487.724609375	n/a	1.0	2	249715	n/a
487.740234375	n/a	0.0	1	249723	n/a
487.7578125	n/a	1.0	2	249732	n/a
487.7734375	n/a	1.0	2	249740	n/a
487.791015625	n/a	0.0	1	249749	n/a
487.806640625	n/a	0.0	1	249757	n/a
487.82421875	n/a	1.0	2	249766	n/a
487.83984375	n/a	0.0	1	249774	n/a
487.857421875	n/a	1.0	2	249783	n/a
487.873046875	n/a	1.0	2	249791	n/a
487.890625	n/a	0.0	1	249800	n/a
487.908203125	n/a	1.0	2	249809	n/a
487.923828125	n/a	0.0	1	249817	n/a
487.94140625	n/a	0.0	1	249826	n/a
487.95703125	n/a	1.0	2	249834	n/a
487.974609375	n/a	1.0	2	249843	n/a
487.990234375	n/a	0.0	1	249851	n/a
488.0078125	n/a	0.0	1	249860	n/a
488.0234375	n/a	1.0	2	249868	n/a
488.041015625	n/a	0.0	1	249877	n/a
488.056640625	n/a	1.0	2	249885	n/a
488.07421875	n/a	1.0	2	249894	n/a
488.08984375	n/a	0.0	1	249902	n/a
488.107421875	n/a	1.0	2	249911	n/a
488.123046875	n/a	0.0	1	249919	n/a
488.140625	n/a	1.0	2	249928	n/a
488.158203125	n/a	0.0	1	249937	n/a
488.173828125	n/a	0.0	1	249945	n/a
488.19140625	n/a	1.0	2	249954	n/a
488.20703125	n/a	1.0	2	249962	n/a
488.224609375	n/a	0.0	1	249971	n/a
488.240234375	n/a	0.0	1	249979	n/a
488.2578125	n/a	1.0	2	249988	n/a
488.2734375	n/a	0.0	1	249996	n/a
488.291015625	n/a	1.0	2	250005	n/a
488.306640625	n/a	0.0	1	250013	n/a
488.32421875	n/a	1.0	2	250022	n/a
488.33984375	n/a	1.0	2	250030	n/a
488.357421875	n/a	0.0	1	250039	n/a
488.373046875	n/a	1.0	2	250047	n/a
488.390625	n/a	0.0	1	250056	n/a
488.408203125	n/a	0.0	1	250065	n/a
488.423828125	n/a	1.0	2	250073	n/a
488.44140625	n/a	0.0	1	250082	n/a
488.45703125	n/a	1.0	2	250090	n/a
488.474609375	n/a	0.0	1	250099	n/a
488.490234375	n/a	1.0	2	250107	n/a
488.5078125	n/a	1.0	2	250116	n/a
488.5234375	n/a	0.0	1	250124	n/a
488.541015625	n/a	1.0	2	250133	n/a
488.556640625	n/a	0.0	1	250141	n/a
488.57421875	n/a	0.0	1	250150	n/a
488.58984375	n/a	1.0	2	250158	n/a
488.607421875	n/a	1.0	2	250167	n/a
488.623046875	n/a	0.0	1	250175	n/a
488.640625	n/a	0.0	1	250184	n/a
488.658203125	n/a	1.0	2	250193	n/a
488.673828125	n/a	1.0	2	250201	n/a
488.69140625	n/a	0.0	1	250210	n/a
488.70703125	n/a	0.0	1	250218	n/a
488.724609375	n/a	1.0	2	250227	n/a
488.740234375	n/a	1.0	2	250235	n/a
488.7578125	n/a	0.0	1	250244	n/a
488.7734375	n/a	0.0	1	250252	n/a
488.791015625	n/a	1.0	2	250261	n/a
488.806640625	n/a	0.0	1	250269	n/a
488.82421875	n/a	1.0	2	250278	n/a
488.83984375	n/a	0.0	1	250286	n/a
488.857421875	n/a	1.0	2	250295	n/a
488.873046875	n/a	1.0	2	250303	n/a
488.890625	n/a	0.0	1	250312	n/a
488.908203125	n/a	1.0	2	250321	n/a
488.923828125	n/a	0.0	1	250329	n/a
488.94140625	n/a	1.0	2	250338	n/a
488.95703125	n/a	0.0	1	250346	n/a
488.974609375	n/a	0.0	1	250355	n/a
488.990234375	n/a	1.0	2	250363	n/a
489.0078125	n/a	1.0	2	250372	n/a
489.0234375	n/a	0.0	1	250380	n/a
489.041015625	n/a	1.0	2	250389	n/a
489.056640625	n/a	0.0	1	250397	n/a
489.07421875	n/a	1.0	2	250406	n/a
489.08984375	n/a	0.0	1	250414	n/a
489.107421875	n/a	0.0	1	250423	n/a
489.123046875	n/a	1.0	2	250431	n/a
489.140625	n/a	0.0	1	250440	n/a
489.158203125	n/a	1.0	2	250449	n/a
489.173828125	n/a	1.0	2	250457	n/a
489.19140625	n/a	0.0	1	250466	n/a
489.20703125	n/a	1.0	2	250474	n/a
489.224609375	n/a	0.0	1	250483	n/a
489.240234375	n/a	1.0	2	250491	n/a
489.2578125	n/a	0.0	1	250500	n/a
489.2734375	n/a	1.0	2	250508	n/a
489.291015625	n/a	0.0	1	250517	n/a
489.306640625	n/a	0.0	1	250525	n/a
489.32421875	n/a	1.0	2	250534	n/a
489.33984375	n/a	0.0	1	250542	n/a
489.357421875	n/a	1.0	2	250551	n/a
489.373046875	n/a	0.0	1	250559	n/a
489.390625	n/a	1.0	2	250568	n/a
489.408203125	n/a	0.0	1	250577	n/a
489.423828125	n/a	1.0	2	250585	n/a
489.44140625	n/a	1.0	2	250594	n/a
489.45703125	n/a	0.0	1	250602	n/a
489.474609375	n/a	1.0	2	250611	n/a
489.490234375	n/a	0.0	1	250619	n/a
489.5078125	n/a	1.0	2	250628	n/a
489.5234375	n/a	0.0	1	250636	n/a
489.541015625	n/a	1.0	2	250645	n/a
489.556640625	n/a	0.0	1	250653	n/a
489.57421875	n/a	1.0	2	250662	n/a
489.58984375	n/a	0.0	1	250670	n/a
489.607421875	n/a	0.0	1	250679	n/a
489.623046875	n/a	1.0	2	250687	n/a
489.640625	n/a	1.0	2	250696	n/a
489.658203125	n/a	0.0	1	250705	n/a
489.673828125	n/a	0.0	1	250713	n/a
489.69140625	n/a	1.0	2	250722	n/a
489.70703125	n/a	1.0	2	250730	n/a
489.724609375	n/a	0.0	1	250739	n/a
489.740234375	n/a	0.0	1	250747	n/a
489.7578125	n/a	1.0	2	250756	n/a
489.7734375	n/a	0.0	1	250764	n/a
489.791015625	n/a	1.0	2	250773	n/a
489.806640625	n/a	0.0	1	250781	n/a
489.82421875	n/a	1.0	2	250790	n/a
489.83984375	n/a	0.0	1	250798	n/a
489.857421875	n/a	1.0	2	250807	n/a
489.873046875	n/a	1.0	2	250815	n/a
489.890625	n/a	0.0	1	250824	n/a
489.908203125	n/a	0.0	1	250833	n/a
489.923828125	n/a	1.0	2	250841	n/a
489.94140625	n/a	0.0	1	250850	n/a
489.95703125	n/a	1.0	2	250858	n/a
489.974609375	n/a	1.0	2	250867	n/a
489.990234375	n/a	0.0	1	250875	n/a
490.0078125	n/a	1.0	2	250884	n/a
490.0234375	n/a	0.0	1	250892	n/a
490.041015625	n/a	0.0	1	250901	n/a
490.056640625	n/a	1.0	2	250909	n/a
490.07421875	n/a	1.0	2	250918	n/a
490.08984375	n/a	0.0	1	250926	n/a
490.107421875	n/a	0.0	1	250935	n/a
490.123046875	n/a	1.0	2	250943	n/a
490.140625	n/a	0.0	1	250952	n/a
490.158203125	n/a	1.0	2	250961	n/a
490.173828125	n/a	1.0	2	250969	n/a
490.19140625	n/a	0.0	1	250978	n/a
490.20703125	n/a	1.0	2	250986	n/a
490.224609375	n/a	0.0	1	250995	n/a
490.240234375	n/a	1.0	2	251003	n/a
490.2578125	n/a	0.0	1	251012	n/a
490.2734375	n/a	0.0	1	251020	n/a
490.291015625	n/a	1.0	2	251029	n/a
490.306640625	n/a	1.0	2	251037	n/a
490.32421875	n/a	0.0	1	251046	n/a
490.33984375	n/a	0.0	1	251054	n/a
490.357421875	n/a	1.0	2	251063	n/a
490.373046875	n/a	0.0	1	251071	n/a
490.390625	n/a	1.0	2	251080	n/a
490.408203125	n/a	0.0	1	251089	n/a
490.423828125	n/a	1.0	2	251097	n/a
490.44140625	n/a	1.0	2	251106	n/a
490.45703125	n/a	0.0	1	251114	n/a
490.474609375	n/a	1.0	2	251123	n/a
490.490234375	n/a	0.0	1	251131	n/a
490.5078125	n/a	0.0	1	251140	n/a
490.5234375	n/a	1.0	2	251148	n/a
490.541015625	n/a	0.0	1	251157	n/a
490.556640625	n/a	1.0	2	251165	n/a
490.57421875	n/a	0.0	1	251174	n/a
490.58984375	n/a	1.0	2	251182	n/a
490.607421875	n/a	1.0	2	251191	n/a
490.623046875	n/a	0.0	1	251199	n/a
490.640625	n/a	1.0	2	251208	n/a
490.658203125	n/a	0.0	1	251217	n/a
490.673828125	n/a	0.0	1	251225	n/a
490.69140625	n/a	1.0	2	251234	n/a
490.70703125	n/a	1.0	2	251242	n/a
490.724609375	n/a	0.0	1	251251	n/a
490.740234375	n/a	0.0	1	251259	n/a
490.7578125	n/a	1.0	2	251268	n/a
490.7734375	n/a	1.0	2	251276	n/a
490.791015625	n/a	0.0	1	251285	n/a
490.806640625	n/a	0.0	1	251293	n/a
490.82421875	n/a	1.0	2	251302	n/a
490.83984375	n/a	1.0	2	251310	n/a
490.857421875	n/a	0.0	1	251319	n/a
490.873046875	n/a	0.0	1	251327	n/a
490.890625	n/a	1.0	2	251336	n/a
490.908203125	n/a	0.0	1	251345	n/a
490.923828125	n/a	1.0	2	251353	n/a
490.94140625	n/a	0.0	1	251362	n/a
490.95703125	n/a	1.0	2	251370	n/a
490.974609375	n/a	1.0	2	251379	n/a
490.990234375	n/a	0.0	1	251387	n/a
491.0078125	n/a	1.0	2	251396	n/a
491.0234375	n/a	0.0	1	251404	n/a
491.041015625	n/a	1.0	2	251413	n/a
491.056640625	n/a	0.0	1	251421	n/a
491.07421875	n/a	0.0	1	251430	n/a
491.08984375	n/a	1.0	2	251438	n/a
491.107421875	n/a	1.0	2	251447	n/a
491.123046875	n/a	0.0	1	251455	n/a
491.140625	n/a	1.0	2	251464	n/a
491.158203125	n/a	0.0	1	251473	n/a
491.173828125	n/a	1.0	2	251481	n/a
491.19140625	n/a	0.0	1	251490	n/a
491.20703125	n/a	0.0	1	251498	n/a
491.224609375	n/a	1.0	2	251507	n/a
491.240234375	n/a	0.0	1	251515	n/a
491.2578125	n/a	1.0	2	251524	n/a
491.2734375	n/a	1.0	2	251532	n/a
491.291015625	n/a	0.0	1	251541	n/a
491.306640625	n/a	1.0	2	251549	n/a
491.32421875	n/a	0.0	1	251558	n/a
491.33984375	n/a	1.0	2	251566	n/a
491.357421875	n/a	0.0	1	251575	n/a
491.373046875	n/a	1.0	2	251583	n/a
491.390625	n/a	0.0	1	251592	n/a
491.408203125	n/a	0.0	1	251601	n/a
491.423828125	n/a	1.0	2	251609	n/a
491.44140625	n/a	0.0	1	251618	n/a
491.45703125	n/a	1.0	2	251626	n/a
491.474609375	n/a	0.0	1	251635	n/a
491.490234375	n/a	1.0	2	251643	n/a
491.5078125	n/a	0.0	1	251652	n/a
491.5234375	n/a	1.0	2	251660	n/a
491.541015625	n/a	1.0	2	251669	n/a
491.556640625	n/a	0.0	1	251677	n/a
491.57421875	n/a	1.0	2	251686	n/a
491.58984375	n/a	0.0	1	251694	n/a
491.607421875	n/a	1.0	2	251703	n/a
491.623046875	n/a	0.0	1	251711	n/a
491.640625	n/a	1.0	2	251720	n/a
491.658203125	n/a	0.0	1	251729	n/a
491.673828125	n/a	1.0	2	251737	n/a
491.69140625	n/a	0.0	1	251746	n/a
491.70703125	n/a	0.0	1	251754	n/a
491.724609375	n/a	1.0	2	251763	n/a
491.740234375	n/a	1.0	2	251771	n/a
491.7578125	n/a	0.0	1	251780	n/a
491.7734375	n/a	0.0	1	251788	n/a
491.791015625	n/a	1.0	2	251797	n/a
491.806640625	n/a	1.0	2	251805	n/a
491.82421875	n/a	0.0	1	251814	n/a
491.83984375	n/a	0.0	1	251822	n/a
491.857421875	n/a	1.0	2	251831	n/a
491.873046875	n/a	0.0	1	251839	n/a
491.890625	n/a	1.0	2	251848	n/a
491.908203125	n/a	0.0	1	251857	n/a
491.923828125	n/a	1.0	2	251865	n/a
491.94140625	n/a	0.0	1	251874	n/a
491.95703125	n/a	1.0	2	251882	n/a
491.974609375	n/a	1.0	2	251891	n/a
491.990234375	n/a	0.0	1	251899	n/a
492.0078125	n/a	0.0	1	251908	n/a
492.0234375	n/a	1.0	2	251916	n/a
492.041015625	n/a	0.0	1	251925	n/a
492.056640625	n/a	1.0	2	251933	n/a
492.07421875	n/a	1.0	2	251942	n/a
492.08984375	n/a	0.0	1	251950	n/a
492.107421875	n/a	1.0	2	251959	n/a
492.123046875	n/a	0.0	1	251967	n/a
492.140625	n/a	0.0	1	251976	n/a
492.158203125	n/a	1.0	2	251985	n/a
492.173828125	n/a	1.0	2	251993	n/a
492.19140625	n/a	0.0	1	252002	n/a
492.20703125	n/a	0.0	1	252010	n/a
492.224609375	n/a	1.0	2	252019	n/a
492.240234375	n/a	0.0	1	252027	n/a
492.2578125	n/a	1.0	2	252036	n/a
492.2734375	n/a	1.0	2	252044	n/a
492.291015625	n/a	0.0	1	252053	n/a
492.306640625	n/a	1.0	2	252061	n/a
492.32421875	n/a	0.0	1	252070	n/a
492.33984375	n/a	1.0	2	252078	n/a
492.357421875	n/a	0.0	1	252087	n/a
492.373046875	n/a	0.0	1	252095	n/a
492.390625	n/a	1.0	2	252104	n/a
492.408203125	n/a	1.0	2	252113	n/a
492.423828125	n/a	0.0	1	252121	n/a
492.44140625	n/a	0.0	1	252130	n/a
492.45703125	n/a	1.0	2	252138	n/a
492.474609375	n/a	0.0	1	252147	n/a
492.490234375	n/a	1.0	2	252155	n/a
492.5078125	n/a	0.0	1	252164	n/a
492.5234375	n/a	1.0	2	252172	n/a
492.541015625	n/a	1.0	2	252181	n/a
492.556640625	n/a	0.0	1	252189	n/a
492.57421875	n/a	1.0	2	252198	n/a
492.58984375	n/a	0.0	1	252206	n/a
492.607421875	n/a	0.0	1	252215	n/a
492.623046875	n/a	1.0	2	252223	n/a
492.640625	n/a	0.0	1	252232	n/a
492.658203125	n/a	1.0	2	252241	n/a
492.673828125	n/a	0.0	1	252249	n/a
492.69140625	n/a	1.0	2	252258	n/a
492.70703125	n/a	1.0	2	252266	n/a
492.724609375	n/a	0.0	1	252275	n/a
492.740234375	n/a	1.0	2	252283	n/a
492.7578125	n/a	0.0	1	252292	n/a
492.7734375	n/a	0.0	1	252300	n/a
492.791015625	n/a	1.0	2	252309	n/a
492.806640625	n/a	1.0	2	252317	n/a
492.82421875	n/a	0.0	1	252326	n/a
492.83984375	n/a	0.0	1	252334	n/a
492.857421875	n/a	1.0	2	252343	n/a
492.873046875	n/a	1.0	2	252351	n/a
492.890625	n/a	0.0	1	252360	n/a
492.908203125	n/a	0.0	1	252369	n/a
492.923828125	n/a	1.0	2	252377	n/a
492.94140625	n/a	1.0	2	252386	n/a
492.95703125	n/a	0.0	1	252394	n/a
492.974609375	n/a	0.0	1	252403	n/a
492.990234375	n/a	1.0	2	252411	n/a
493.0078125	n/a	0.0	1	252420	n/a
493.0234375	n/a	1.0	2	252428	n/a
493.041015625	n/a	0.0	1	252437	n/a
493.056640625	n/a	1.0	2	252445	n/a
493.07421875	n/a	1.0	2	252454	n/a
493.08984375	n/a	0.0	1	252462	n/a
493.107421875	n/a	1.0	2	252471	n/a
493.123046875	n/a	0.0	1	252479	n/a
493.140625	n/a	1.0	2	252488	n/a
493.158203125	n/a	0.0	1	252497	n/a
493.173828125	n/a	0.0	1	252505	n/a
493.19140625	n/a	1.0	2	252514	n/a
493.20703125	n/a	1.0	2	252522	n/a
493.224609375	n/a	0.0	1	252531	n/a
493.240234375	n/a	1.0	2	252539	n/a
493.2578125	n/a	0.0	1	252548	n/a
493.2734375	n/a	1.0	2	252556	n/a
493.291015625	n/a	0.0	1	252565	n/a
493.306640625	n/a	0.0	1	252573	n/a
493.32421875	n/a	1.0	2	252582	n/a
493.33984375	n/a	0.0	1	252590	n/a
493.357421875	n/a	1.0	2	252599	n/a
493.373046875	n/a	1.0	2	252607	n/a
493.390625	n/a	0.0	1	252616	n/a
493.408203125	n/a	1.0	2	252625	n/a
493.423828125	n/a	0.0	1	252633	n/a
493.44140625	n/a	1.0	2	252642	n/a
493.45703125	n/a	0.0	1	252650	n/a
493.474609375	n/a	1.0	2	252659	n/a
493.490234375	n/a	0.0	1	252667	n/a
493.5078125	n/a	0.0	1	252676	n/a
493.5234375	n/a	1.0	2	252684	n/a
493.541015625	n/a	0.0	1	252693	n/a
493.556640625	n/a	1.0	2	252701	n/a
493.57421875	n/a	0.0	1	252710	n/a
493.58984375	n/a	1.0	2	252718	n/a
493.607421875	n/a	0.0	1	252727	n/a
493.623046875	n/a	1.0	2	252735	n/a
493.640625	n/a	1.0	2	252744	n/a
493.658203125	n/a	0.0	1	252753	n/a
493.673828125	n/a	1.0	2	252761	n/a
493.69140625	n/a	0.0	1	252770	n/a
493.70703125	n/a	1.0	2	252778	n/a
493.724609375	n/a	0.0	1	252787	n/a
493.740234375	n/a	1.0	2	252795	n/a
493.7578125	n/a	0.0	1	252804	n/a
493.7734375	n/a	1.0	2	252812	n/a
493.791015625	n/a	0.0	1	252821	n/a
493.806640625	n/a	0.0	1	252829	n/a
493.82421875	n/a	1.0	2	252838	n/a
493.83984375	n/a	1.0	2	252846	n/a
493.857421875	n/a	0.0	1	252855	n/a
493.873046875	n/a	0.0	1	252863	n/a
493.890625	n/a	1.0	2	252872	n/a
493.908203125	n/a	1.0	2	252881	n/a
493.923828125	n/a	0.0	1	252889	n/a
493.94140625	n/a	0.0	1	252898	n/a
493.95703125	n/a	1.0	2	252906	n/a
493.974609375	n/a	0.0	1	252915	n/a
493.990234375	n/a	1.0	2	252923	n/a
494.0078125	n/a	0.0	1	252932	n/a
494.0234375	n/a	1.0	2	252940	n/a
494.041015625	n/a	0.0	1	252949	n/a
494.056640625	n/a	1.0	2	252957	n/a
494.07421875	n/a	1.0	2	252966	n/a
494.08984375	n/a	0.0	1	252974	n/a
494.107421875	n/a	0.0	1	252983	n/a
494.123046875	n/a	1.0	2	252991	n/a
494.140625	n/a	0.0	1	253000	n/a
494.158203125	n/a	1.0	2	253009	n/a
494.173828125	n/a	1.0	2	253017	n/a
494.19140625	n/a	0.0	1	253026	n/a
494.20703125	n/a	1.0	2	253034	n/a
494.224609375	n/a	0.0	1	253043	n/a
494.240234375	n/a	0.0	1	253051	n/a
494.2578125	n/a	1.0	2	253060	n/a
494.2734375	n/a	1.0	2	253068	n/a
494.291015625	n/a	0.0	1	253077	n/a
494.306640625	n/a	0.0	1	253085	n/a
494.32421875	n/a	1.0	2	253094	n/a
494.33984375	n/a	0.0	1	253102	n/a
494.357421875	n/a	1.0	2	253111	n/a
494.373046875	n/a	1.0	2	253119	n/a
494.390625	n/a	0.0	1	253128	n/a
494.408203125	n/a	1.0	2	253137	n/a
494.423828125	n/a	0.0	1	253145	n/a
494.44140625	n/a	1.0	2	253154	n/a
494.45703125	n/a	0.0	1	253162	n/a
494.474609375	n/a	0.0	1	253171	n/a
494.490234375	n/a	1.0	2	253179	n/a
494.5078125	n/a	1.0	2	253188	n/a
494.5234375	n/a	0.0	1	253196	n/a
494.541015625	n/a	0.0	1	253205	n/a
494.556640625	n/a	1.0	2	253213	n/a
494.57421875	n/a	0.0	1	253222	n/a
494.58984375	n/a	1.0	2	253230	n/a
494.607421875	n/a	0.0	1	253239	n/a
494.623046875	n/a	1.0	2	253247	n/a
494.640625	n/a	1.0	2	253256	n/a
494.658203125	n/a	0.0	1	253265	n/a
494.673828125	n/a	1.0	2	253273	n/a
494.69140625	n/a	0.0	1	253282	n/a
494.70703125	n/a	0.0	1	253290	n/a
494.724609375	n/a	1.0	2	253299	n/a
494.740234375	n/a	0.0	1	253307	n/a
494.7578125	n/a	1.0	2	253316	n/a
494.7734375	n/a	0.0	1	253324	n/a
494.791015625	n/a	1.0	2	253333	n/a
494.806640625	n/a	1.0	2	253341	n/a
494.82421875	n/a	0.0	1	253350	n/a
494.83984375	n/a	1.0	2	253358	n/a
494.857421875	n/a	0.0	1	253367	n/a
494.873046875	n/a	0.0	1	253375	n/a
494.890625	n/a	1.0	2	253384	n/a
494.908203125	n/a	1.0	2	253393	n/a
494.923828125	n/a	0.0	1	253401	n/a
494.94140625	n/a	0.0	1	253410	n/a
494.95703125	n/a	1.0	2	253418	n/a
494.974609375	n/a	1.0	2	253427	n/a
494.990234375	n/a	0.0	1	253435	n/a
495.0078125	n/a	0.0	1	253444	n/a
495.0234375	n/a	1.0	2	253452	n/a
495.041015625	n/a	1.0	2	253461	n/a
495.056640625	n/a	0.0	1	253469	n/a
495.07421875	n/a	0.0	1	253478	n/a
495.08984375	n/a	1.0	2	253486	n/a
495.107421875	n/a	0.0	1	253495	n/a
495.123046875	n/a	1.0	2	253503	n/a
495.140625	n/a	0.0	1	253512	n/a
495.158203125	n/a	1.0	2	253521	n/a
495.173828125	n/a	1.0	2	253529	n/a
495.19140625	n/a	0.0	1	253538	n/a
495.20703125	n/a	1.0	2	253546	n/a
495.224609375	n/a	0.0	1	253555	n/a
495.240234375	n/a	1.0	2	253563	n/a
495.2578125	n/a	0.0	1	253572	n/a
495.2734375	n/a	0.0	1	253580	n/a
495.291015625	n/a	1.0	2	253589	n/a
495.306640625	n/a	1.0	2	253597	n/a
495.32421875	n/a	0.0	1	253606	n/a
495.33984375	n/a	1.0	2	253614	n/a
495.357421875	n/a	0.0	1	253623	n/a
495.373046875	n/a	1.0	2	253631	n/a
495.390625	n/a	0.0	1	253640	n/a
495.408203125	n/a	0.0	1	253649	n/a
495.423828125	n/a	1.0	2	253657	n/a
495.44140625	n/a	0.0	1	253666	n/a
495.45703125	n/a	1.0	2	253674	n/a
495.474609375	n/a	1.0	2	253683	n/a
495.490234375	n/a	0.0	1	253691	n/a
495.5078125	n/a	1.0	2	253700	n/a
495.5234375	n/a	0.0	1	253708	n/a
495.541015625	n/a	1.0	2	253717	n/a
495.556640625	n/a	0.0	1	253725	n/a
495.57421875	n/a	1.0	2	253734	n/a
495.58984375	n/a	0.0	1	253742	n/a
495.607421875	n/a	0.0	1	253751	n/a
495.623046875	n/a	1.0	2	253759	n/a
495.640625	n/a	0.0	1	253768	n/a
495.658203125	n/a	1.0	2	253777	n/a
495.673828125	n/a	0.0	1	253785	n/a
495.69140625	n/a	1.0	2	253794	n/a
495.70703125	n/a	0.0	1	253802	n/a
495.724609375	n/a	1.0	2	253811	n/a
495.740234375	n/a	1.0	2	253819	n/a
495.7578125	n/a	0.0	1	253828	n/a
495.7734375	n/a	1.0	2	253836	n/a
495.791015625	n/a	0.0	1	253845	n/a
495.806640625	n/a	1.0	2	253853	n/a
495.82421875	n/a	0.0	1	253862	n/a
495.83984375	n/a	1.0	2	253870	n/a
495.857421875	n/a	0.0	1	253879	n/a
495.873046875	n/a	1.0	2	253887	n/a
495.890625	n/a	0.0	1	253896	n/a
495.908203125	n/a	0.0	1	253905	n/a
495.923828125	n/a	1.0	2	253913	n/a
495.94140625	n/a	1.0	2	253922	n/a
495.95703125	n/a	0.0	1	253930	n/a
495.974609375	n/a	0.0	1	253939	n/a
495.990234375	n/a	1.0	2	253947	n/a
496.0078125	n/a	1.0	2	253956	n/a
496.0234375	n/a	0.0	1	253964	n/a
496.041015625	n/a	0.0	1	253973	n/a
496.056640625	n/a	1.0	2	253981	n/a
496.07421875	n/a	0.0	1	253990	n/a
496.08984375	n/a	1.0	2	253998	n/a
496.107421875	n/a	0.0	1	254007	n/a
496.123046875	n/a	1.0	2	254015	n/a
496.140625	n/a	0.0	1	254024	n/a
496.158203125	n/a	1.0	2	254033	n/a
496.173828125	n/a	1.0	2	254041	n/a
496.19140625	n/a	0.0	1	254050	n/a
496.20703125	n/a	0.0	1	254058	n/a
496.224609375	n/a	1.0	2	254067	n/a
496.240234375	n/a	0.0	1	254075	n/a
496.2578125	n/a	1.0	2	254084	n/a
496.2734375	n/a	1.0	2	254092	n/a
496.291015625	n/a	0.0	1	254101	n/a
496.306640625	n/a	1.0	2	254109	n/a
496.32421875	n/a	0.0	1	254118	n/a
496.33984375	n/a	0.0	1	254126	n/a
496.357421875	n/a	1.0	2	254135	n/a
496.373046875	n/a	1.0	2	254143	n/a
496.390625	n/a	0.0	1	254152	n/a
496.408203125	n/a	0.0	1	254161	n/a
496.423828125	n/a	1.0	2	254169	n/a
496.44140625	n/a	0.0	1	254178	n/a
496.45703125	n/a	1.0	2	254186	n/a
496.474609375	n/a	1.0	2	254195	n/a
496.490234375	n/a	0.0	1	254203	n/a
496.5078125	n/a	1.0	2	254212	n/a
496.5234375	n/a	0.0	1	254220	n/a
496.541015625	n/a	1.0	2	254229	n/a
496.556640625	n/a	0.0	1	254237	n/a
496.57421875	n/a	0.0	1	254246	n/a
496.58984375	n/a	1.0	2	254254	n/a
496.607421875	n/a	1.0	2	254263	n/a
496.623046875	n/a	0.0	1	254271	n/a
496.640625	n/a	0.0	1	254280	n/a
496.658203125	n/a	1.0	2	254289	n/a
496.673828125	n/a	0.0	1	254297	n/a
496.69140625	n/a	1.0	2	254306	n/a
496.70703125	n/a	0.0	1	254314	n/a
496.724609375	n/a	1.0	2	254323	n/a
496.740234375	n/a	1.0	2	254331	n/a
496.7578125	n/a	0.0	1	254340	n/a
496.7734375	n/a	1.0	2	254348	n/a
496.791015625	n/a	0.0	1	254357	n/a
496.806640625	n/a	0.0	1	254365	n/a
496.82421875	n/a	1.0	2	254374	n/a
496.83984375	n/a	0.0	1	254382	n/a
496.857421875	n/a	1.0	2	254391	n/a
496.873046875	n/a	0.0	1	254399	n/a
496.890625	n/a	1.0	2	254408	n/a
496.908203125	n/a	1.0	2	254417	n/a
496.923828125	n/a	0.0	1	254425	n/a
496.94140625	n/a	1.0	2	254434	n/a
496.95703125	n/a	0.0	1	254442	n/a
496.974609375	n/a	0.0	1	254451	n/a
496.990234375	n/a	1.0	2	254459	n/a
497.0078125	n/a	1.0	2	254468	n/a
497.0234375	n/a	0.0	1	254476	n/a
497.041015625	n/a	0.0	1	254485	n/a
497.056640625	n/a	1.0	2	254493	n/a
497.07421875	n/a	1.0	2	254502	n/a
497.08984375	n/a	0.0	1	254510	n/a
497.107421875	n/a	0.0	1	254519	n/a
497.123046875	n/a	1.0	2	254527	n/a
497.140625	n/a	1.0	2	254536	n/a
497.158203125	n/a	0.0	1	254545	n/a
497.173828125	n/a	0.0	1	254553	n/a
497.19140625	n/a	1.0	2	254562	n/a
497.20703125	n/a	0.0	1	254570	n/a
497.224609375	n/a	1.0	2	254579	n/a
497.240234375	n/a	0.0	1	254587	n/a
497.2578125	n/a	1.0	2	254596	n/a
497.2734375	n/a	1.0	2	254604	n/a
497.291015625	n/a	0.0	1	254613	n/a
497.306640625	n/a	1.0	2	254621	n/a
497.32421875	n/a	0.0	1	254630	n/a
497.33984375	n/a	1.0	2	254638	n/a
497.357421875	n/a	0.0	1	254647	n/a
497.373046875	n/a	0.0	1	254655	n/a
497.390625	n/a	1.0	2	254664	n/a
497.408203125	n/a	1.0	2	254673	n/a
497.423828125	n/a	0.0	1	254681	n/a
497.44140625	n/a	1.0	2	254690	n/a
497.45703125	n/a	0.0	1	254698	n/a
497.474609375	n/a	1.0	2	254707	n/a
497.490234375	n/a	0.0	1	254715	n/a
497.5078125	n/a	0.0	1	254724	n/a
497.5234375	n/a	1.0	2	254732	n/a
497.541015625	n/a	0.0	1	254741	n/a
497.556640625	n/a	1.0	2	254749	n/a
497.57421875	n/a	1.0	2	254758	n/a
497.58984375	n/a	0.0	1	254766	n/a
497.607421875	n/a	1.0	2	254775	n/a
497.623046875	n/a	0.0	1	254783	n/a
497.640625	n/a	1.0	2	254792	n/a
497.658203125	n/a	0.0	1	254801	n/a
497.673828125	n/a	1.0	2	254809	n/a
497.69140625	n/a	0.0	1	254818	n/a
497.70703125	n/a	0.0	1	254826	n/a
497.724609375	n/a	1.0	2	254835	n/a
497.740234375	n/a	0.0	1	254843	n/a
497.7578125	n/a	1.0	2	254852	n/a
497.7734375	n/a	0.0	1	254860	n/a
497.791015625	n/a	1.0	2	254869	n/a
497.806640625	n/a	0.0	1	254877	n/a
497.82421875	n/a	1.0	2	254886	n/a
497.83984375	n/a	1.0	2	254894	n/a
497.857421875	n/a	0.0	1	254903	n/a
497.873046875	n/a	1.0	2	254911	n/a
497.890625	n/a	0.0	1	254920	n/a
497.908203125	n/a	1.0	2	254929	n/a
497.923828125	n/a	0.0	1	254937	n/a
497.94140625	n/a	1.0	2	254946	n/a
497.95703125	n/a	0.0	1	254954	n/a
497.974609375	n/a	1.0	2	254963	n/a
497.990234375	n/a	0.0	1	254971	n/a
498.0078125	n/a	0.0	1	254980	n/a
498.0234375	n/a	1.0	2	254988	n/a
498.041015625	n/a	1.0	2	254997	n/a
498.056640625	n/a	0.0	1	255005	n/a
498.07421875	n/a	0.0	1	255014	n/a
498.08984375	n/a	1.0	2	255022	n/a
498.107421875	n/a	1.0	2	255031	n/a
498.123046875	n/a	0.0	1	255039	n/a
498.140625	n/a	0.0	1	255048	n/a
498.158203125	n/a	1.0	2	255057	n/a
498.173828125	n/a	0.0	1	255065	n/a
498.19140625	n/a	1.0	2	255074	n/a
498.20703125	n/a	0.0	1	255082	n/a
498.224609375	n/a	1.0	2	255091	n/a
498.240234375	n/a	0.0	1	255099	n/a
498.2578125	n/a	1.0	2	255108	n/a
498.2734375	n/a	1.0	2	255116	n/a
498.291015625	n/a	0.0	1	255125	n/a
498.306640625	n/a	0.0	1	255133	n/a
498.32421875	n/a	1.0	2	255142	n/a
498.33984375	n/a	0.0	1	255150	n/a
498.357421875	n/a	1.0	2	255159	n/a
498.373046875	n/a	1.0	2	255167	n/a
498.390625	n/a	0.0	1	255176	n/a
498.408203125	n/a	1.0	2	255185	n/a
498.423828125	n/a	0.0	1	255193	n/a
498.44140625	n/a	0.0	1	255202	n/a
498.45703125	n/a	1.0	2	255210	n/a
498.474609375	n/a	1.0	2	255219	n/a
498.490234375	n/a	0.0	1	255227	n/a
498.5078125	n/a	0.0	1	255236	n/a
498.5234375	n/a	1.0	2	255244	n/a
498.541015625	n/a	0.0	1	255253	n/a
498.556640625	n/a	1.0	2	255261	n/a
498.57421875	n/a	1.0	2	255270	n/a
498.58984375	n/a	0.0	1	255278	n/a
498.607421875	n/a	1.0	2	255287	n/a
498.623046875	n/a	0.0	1	255295	n/a
498.640625	n/a	1.0	2	255304	n/a
498.658203125	n/a	0.0	1	255313	n/a
498.673828125	n/a	0.0	1	255321	n/a
498.69140625	n/a	1.0	2	255330	n/a
498.70703125	n/a	1.0	2	255338	n/a
498.724609375	n/a	0.0	1	255347	n/a
498.740234375	n/a	0.0	1	255355	n/a
498.7578125	n/a	1.0	2	255364	n/a
498.7734375	n/a	0.0	1	255372	n/a
498.791015625	n/a	1.0	2	255381	n/a
498.806640625	n/a	0.0	1	255389	n/a
498.82421875	n/a	1.0	2	255398	n/a
498.83984375	n/a	1.0	2	255406	n/a
498.857421875	n/a	0.0	1	255415	n/a
498.873046875	n/a	1.0	2	255423	n/a
498.890625	n/a	0.0	1	255432	n/a
498.908203125	n/a	0.0	1	255441	n/a
498.923828125	n/a	1.0	2	255449	n/a
498.94140625	n/a	0.0	1	255458	n/a
498.95703125	n/a	1.0	2	255466	n/a
498.974609375	n/a	0.0	1	255475	n/a
498.990234375	n/a	1.0	2	255483	n/a
499.0078125	n/a	1.0	2	255492	n/a
499.0234375	n/a	0.0	1	255500	n/a
499.041015625	n/a	1.0	2	255509	n/a
499.056640625	n/a	0.0	1	255517	n/a
499.07421875	n/a	0.0	1	255526	n/a
499.08984375	n/a	1.0	2	255534	n/a
499.107421875	n/a	1.0	2	255543	n/a
499.123046875	n/a	0.0	1	255551	n/a
499.140625	n/a	0.0	1	255560	n/a
499.158203125	n/a	1.0	2	255569	n/a
499.173828125	n/a	1.0	2	255577	n/a
499.19140625	n/a	0.0	1	255586	n/a
499.20703125	n/a	0.0	1	255594	n/a
499.224609375	n/a	1.0	2	255603	n/a
499.240234375	n/a	1.0	2	255611	n/a
499.2578125	n/a	0.0	1	255620	n/a
499.2734375	n/a	0.0	1	255628	n/a
499.291015625	n/a	1.0	2	255637	n/a
499.306640625	n/a	0.0	1	255645	n/a
499.32421875	n/a	1.0	2	255654	n/a
499.33984375	n/a	0.0	1	255662	n/a
499.357421875	n/a	1.0	2	255671	n/a
499.373046875	n/a	1.0	2	255679	n/a
499.390625	n/a	0.0	1	255688	n/a
499.408203125	n/a	1.0	2	255697	n/a
499.423828125	n/a	0.0	1	255705	n/a
499.44140625	n/a	1.0	2	255714	n/a
499.45703125	n/a	0.0	1	255722	n/a
499.474609375	n/a	0.0	1	255731	n/a
499.490234375	n/a	1.0	2	255739	n/a
499.5078125	n/a	1.0	2	255748	n/a
499.5234375	n/a	0.0	1	255756	n/a
499.541015625	n/a	1.0	2	255765	n/a
499.556640625	n/a	0.0	1	255773	n/a
499.57421875	n/a	1.0	2	255782	n/a
499.58984375	n/a	0.0	1	255790	n/a
499.607421875	n/a	0.0	1	255799	n/a
499.623046875	n/a	1.0	2	255807	n/a
499.640625	n/a	0.0	1	255816	n/a
499.658203125	n/a	1.0	2	255825	n/a
499.673828125	n/a	1.0	2	255833	n/a
499.69140625	n/a	0.0	1	255842	n/a
499.70703125	n/a	1.0	2	255850	n/a
499.724609375	n/a	0.0	1	255859	n/a
499.740234375	n/a	1.0	2	255867	n/a
499.7578125	n/a	0.0	1	255876	n/a
499.7734375	n/a	1.0	2	255884	n/a
499.791015625	n/a	0.0	1	255893	n/a
499.806640625	n/a	0.0	1	255901	n/a
499.82421875	n/a	1.0	2	255910	n/a
499.83984375	n/a	0.0	1	255918	n/a
499.857421875	n/a	1.0	2	255927	n/a
499.873046875	n/a	0.0	1	255935	n/a
499.890625	n/a	1.0	2	255944	n/a
499.908203125	n/a	0.0	1	255953	n/a
499.923828125	n/a	1.0	2	255961	n/a
499.94140625	n/a	1.0	2	255970	n/a
499.95703125	n/a	0.0	1	255978	n/a
499.974609375	n/a	1.0	2	255987	n/a
499.990234375	n/a	0.0	1	255995	n/a
500.0078125	n/a	1.0	2	256004	n/a
500.0234375	n/a	0.0	1	256012	n/a
500.041015625	n/a	1.0	2	256021	n/a
500.056640625	n/a	0.0	1	256029	n/a
500.07421875	n/a	1.0	2	256038	n/a
500.08984375	n/a	0.0	1	256046	n/a
500.107421875	n/a	0.0	1	256055	n/a
500.123046875	n/a	1.0	2	256063	n/a
500.140625	n/a	1.0	2	256072	n/a
500.158203125	n/a	0.0	1	256081	n/a
500.173828125	n/a	0.0	1	256089	n/a
500.19140625	n/a	1.0	2	256098	n/a
500.20703125	n/a	1.0	2	256106	n/a
500.224609375	n/a	0.0	1	256115	n/a
500.240234375	n/a	0.0	1	256123	n/a
500.2578125	n/a	1.0	2	256132	n/a
500.2734375	n/a	0.0	1	256140	n/a
500.291015625	n/a	1.0	2	256149	n/a
500.306640625	n/a	0.0	1	256157	n/a
500.32421875	n/a	1.0	2	256166	n/a
500.33984375	n/a	0.0	1	256174	n/a
500.357421875	n/a	1.0	2	256183	n/a
500.373046875	n/a	1.0	2	256191	n/a
500.390625	n/a	0.0	1	256200	n/a
500.408203125	n/a	0.0	1	256209	n/a
500.423828125	n/a	1.0	2	256217	n/a
500.44140625	n/a	0.0	1	256226	n/a
500.45703125	n/a	1.0	2	256234	n/a
500.474609375	n/a	1.0	2	256243	n/a
500.490234375	n/a	0.0	1	256251	n/a
500.5078125	n/a	1.0	2	256260	n/a
500.5234375	n/a	0.0	1	256268	n/a
500.541015625	n/a	0.0	1	256277	n/a
500.556640625	n/a	1.0	2	256285	n/a
500.57421875	n/a	1.0	2	256294	n/a
500.58984375	n/a	0.0	1	256302	n/a
500.607421875	n/a	0.0	1	256311	n/a
500.623046875	n/a	1.0	2	256319	n/a
500.640625	n/a	0.0	1	256328	n/a
500.658203125	n/a	1.0	2	256337	n/a
500.673828125	n/a	1.0	2	256345	n/a
500.69140625	n/a	0.0	1	256354	n/a
500.70703125	n/a	1.0	2	256362	n/a
500.724609375	n/a	0.0	1	256371	n/a
500.740234375	n/a	1.0	2	256379	n/a
500.7578125	n/a	0.0	1	256388	n/a
500.7734375	n/a	0.0	1	256396	n/a
500.791015625	n/a	1.0	2	256405	n/a
500.806640625	n/a	1.0	2	256413	n/a
500.82421875	n/a	0.0	1	256422	n/a
500.83984375	n/a	0.0	1	256430	n/a
500.857421875	n/a	1.0	2	256439	n/a
500.873046875	n/a	0.0	1	256447	n/a
500.890625	n/a	1.0	2	256456	n/a
500.908203125	n/a	0.0	1	256465	n/a
500.923828125	n/a	1.0	2	256473	n/a
500.94140625	n/a	1.0	2	256482	n/a
500.95703125	n/a	0.0	1	256490	n/a
500.974609375	n/a	1.0	2	256499	n/a
500.990234375	n/a	0.0	1	256507	n/a
501.0078125	n/a	0.0	1	256516	n/a
501.0234375	n/a	1.0	2	256524	n/a
501.041015625	n/a	0.0	1	256533	n/a
501.056640625	n/a	1.0	2	256541	n/a
501.07421875	n/a	0.0	1	256550	n/a
501.08984375	n/a	1.0	2	256558	n/a
501.107421875	n/a	1.0	2	256567	n/a
501.123046875	n/a	0.0	1	256575	n/a
501.140625	n/a	1.0	2	256584	n/a
501.158203125	n/a	0.0	1	256593	n/a
501.173828125	n/a	0.0	1	256601	n/a
501.19140625	n/a	1.0	2	256610	n/a
501.20703125	n/a	1.0	2	256618	n/a
501.224609375	n/a	0.0	1	256627	n/a
501.240234375	n/a	0.0	1	256635	n/a
501.2578125	n/a	1.0	2	256644	n/a
501.2734375	n/a	1.0	2	256652	n/a
501.291015625	n/a	0.0	1	256661	n/a
501.306640625	n/a	0.0	1	256669	n/a
501.32421875	n/a	1.0	2	256678	n/a
501.33984375	n/a	1.0	2	256686	n/a
501.357421875	n/a	0.0	1	256695	n/a
501.373046875	n/a	0.0	1	256703	n/a
501.390625	n/a	1.0	2	256712	n/a
501.408203125	n/a	0.0	1	256721	n/a
501.423828125	n/a	1.0	2	256729	n/a
501.44140625	n/a	0.0	1	256738	n/a
501.45703125	n/a	1.0	2	256746	n/a
501.474609375	n/a	1.0	2	256755	n/a
501.490234375	n/a	0.0	1	256763	n/a
501.5078125	n/a	1.0	2	256772	n/a
501.5234375	n/a	0.0	1	256780	n/a
501.541015625	n/a	1.0	2	256789	n/a
501.556640625	n/a	0.0	1	256797	n/a
501.57421875	n/a	0.0	1	256806	n/a
501.58984375	n/a	1.0	2	256814	n/a
501.607421875	n/a	1.0	2	256823	n/a
501.623046875	n/a	0.0	1	256831	n/a
501.640625	n/a	1.0	2	256840	n/a
501.658203125	n/a	0.0	1	256849	n/a
501.673828125	n/a	1.0	2	256857	n/a
501.69140625	n/a	0.0	1	256866	n/a
501.70703125	n/a	0.0	1	256874	n/a
501.724609375	n/a	1.0	2	256883	n/a
501.740234375	n/a	0.0	1	256891	n/a
501.7578125	n/a	1.0	2	256900	n/a
501.7734375	n/a	1.0	2	256908	n/a
501.791015625	n/a	0.0	1	256917	n/a
501.806640625	n/a	1.0	2	256925	n/a
501.82421875	n/a	0.0	1	256934	n/a
501.83984375	n/a	1.0	2	256942	n/a
501.857421875	n/a	0.0	1	256951	n/a
501.873046875	n/a	1.0	2	256959	n/a
501.890625	n/a	0.0	1	256968	n/a
501.908203125	n/a	0.0	1	256977	n/a
501.923828125	n/a	1.0	2	256985	n/a
501.94140625	n/a	0.0	1	256994	n/a
501.95703125	n/a	1.0	2	257002	n/a
501.974609375	n/a	0.0	1	257011	n/a
501.990234375	n/a	1.0	2	257019	n/a
502.0078125	n/a	0.0	1	257028	n/a
502.0234375	n/a	1.0	2	257036	n/a
502.041015625	n/a	1.0	2	257045	n/a
502.056640625	n/a	0.0	1	257053	n/a
502.07421875	n/a	1.0	2	257062	n/a
502.08984375	n/a	0.0	1	257070	n/a
502.107421875	n/a	1.0	2	257079	n/a
502.123046875	n/a	0.0	1	257087	n/a
503.494140625	n/a	1.0	2	257789	11.0
503.51171875	n/a	0.0	1	257798	n/a
503.52734375	n/a	0.0	1	257806	n/a
503.544921875	n/a	1.0	2	257815	n/a
503.560546875	n/a	0.0	1	257823	n/a
503.578125	n/a	1.0	2	257832	n/a
503.59375	n/a	0.0	1	257840	n/a
503.611328125	n/a	1.0	2	257849	n/a
503.626953125	n/a	1.0	2	257857	n/a
503.64453125	n/a	0.0	1	257866	n/a
503.66015625	n/a	0.0	1	257874	n/a
503.677734375	n/a	1.0	2	257883	n/a
503.693359375	n/a	1.0	2	257891	n/a
503.7109375	n/a	0.0	1	257900	n/a
503.7265625	n/a	0.0	1	257908	n/a
503.744140625	n/a	1.0	2	257917	n/a
503.76171875	n/a	0.0	1	257926	n/a
503.77734375	n/a	1.0	2	257934	n/a
503.794921875	n/a	1.0	2	257943	n/a
503.810546875	n/a	0.0	1	257951	n/a
503.828125	n/a	1.0	2	257960	n/a
503.84375	n/a	0.0	1	257968	n/a
503.861328125	n/a	1.0	2	257977	n/a
503.876953125	n/a	0.0	1	257985	n/a
503.89453125	n/a	0.0	1	257994	n/a
503.91015625	n/a	1.0	2	258002	n/a
503.927734375	n/a	1.0	2	258011	n/a
503.943359375	n/a	0.0	1	258019	n/a
503.9609375	n/a	1.0	2	258028	n/a
503.9765625	n/a	0.0	1	258036	n/a
503.994140625	n/a	1.0	2	258045	n/a
504.01171875	n/a	0.0	1	258054	n/a
504.02734375	n/a	0.0	1	258062	n/a
504.044921875	n/a	1.0	2	258071	n/a
504.060546875	n/a	0.0	1	258079	n/a
504.078125	n/a	1.0	2	258088	n/a
504.09375	n/a	0.0	1	258096	n/a
504.111328125	n/a	1.0	2	258105	n/a
504.126953125	n/a	1.0	2	258113	n/a
504.14453125	n/a	0.0	1	258122	n/a
504.16015625	n/a	1.0	2	258130	n/a
504.177734375	n/a	0.0	1	258139	n/a
504.193359375	n/a	0.0	1	258147	n/a
504.2109375	n/a	1.0	2	258156	n/a
504.2265625	n/a	0.0	1	258164	n/a
504.244140625	n/a	1.0	2	258173	n/a
504.26171875	n/a	1.0	2	258182	n/a
504.27734375	n/a	0.0	1	258190	n/a
504.294921875	n/a	0.0	1	258199	n/a
504.310546875	n/a	1.0	2	258207	n/a
504.328125	n/a	0.0	1	258216	n/a
504.34375	n/a	1.0	2	258224	n/a
504.361328125	n/a	0.0	1	258233	n/a
504.376953125	n/a	1.0	2	258241	n/a
504.39453125	n/a	0.0	1	258250	n/a
504.41015625	n/a	1.0	2	258258	n/a
504.427734375	n/a	0.0	1	258267	n/a
504.443359375	n/a	1.0	2	258275	n/a
504.4609375	n/a	1.0	2	258284	n/a
504.4765625	n/a	0.0	1	258292	n/a
504.494140625	n/a	1.0	2	258301	n/a
504.51171875	n/a	0.0	1	258310	n/a
504.52734375	n/a	1.0	2	258318	n/a
504.544921875	n/a	0.0	1	258327	n/a
504.560546875	n/a	0.0	1	258335	n/a
504.578125	n/a	1.0	2	258344	n/a
504.59375	n/a	1.0	2	258352	n/a
504.611328125	n/a	0.0	1	258361	n/a
504.626953125	n/a	1.0	2	258369	n/a
504.64453125	n/a	0.0	1	258378	n/a
504.66015625	n/a	1.0	2	258386	n/a
504.677734375	n/a	0.0	1	258395	n/a
504.693359375	n/a	1.0	2	258403	n/a
504.7109375	n/a	0.0	1	258412	n/a
504.7265625	n/a	1.0	2	258420	n/a
504.744140625	n/a	0.0	1	258429	n/a
504.76171875	n/a	1.0	2	258438	n/a
504.77734375	n/a	0.0	1	258446	n/a
504.794921875	n/a	0.0	1	258455	n/a
504.810546875	n/a	1.0	2	258463	n/a
504.828125	n/a	0.0	1	258472	n/a
504.84375	n/a	1.0	2	258480	n/a
504.861328125	n/a	0.0	1	258489	n/a
504.876953125	n/a	1.0	2	258497	n/a
504.89453125	n/a	1.0	2	258506	n/a
504.91015625	n/a	0.0	1	258514	n/a
504.927734375	n/a	0.0	1	258523	n/a
504.943359375	n/a	1.0	2	258531	n/a
504.9609375	n/a	1.0	2	258540	n/a
504.9765625	n/a	0.0	1	258548	n/a
504.994140625	n/a	0.0	1	258557	n/a
505.01171875	n/a	1.0	2	258566	n/a
505.02734375	n/a	1.0	2	258574	n/a
505.044921875	n/a	0.0	1	258583	n/a
505.060546875	n/a	0.0	1	258591	n/a
505.078125	n/a	1.0	2	258600	n/a
505.09375	n/a	1.0	2	258608	n/a
505.111328125	n/a	0.0	1	258617	n/a
505.126953125	n/a	0.0	1	258625	n/a
505.14453125	n/a	1.0	2	258634	n/a
505.16015625	n/a	1.0	2	258642	n/a
505.177734375	n/a	0.0	1	258651	n/a
505.193359375	n/a	0.0	1	258659	n/a
505.2109375	n/a	1.0	2	258668	n/a
505.2265625	n/a	0.0	1	258676	n/a
505.244140625	n/a	1.0	2	258685	n/a
505.26171875	n/a	1.0	2	258694	n/a
505.27734375	n/a	0.0	1	258702	n/a
505.294921875	n/a	1.0	2	258711	n/a
505.310546875	n/a	0.0	1	258719	n/a
505.328125	n/a	0.0	1	258728	n/a
505.34375	n/a	1.0	2	258736	n/a
505.361328125	n/a	0.0	1	258745	n/a
505.376953125	n/a	1.0	2	258753	n/a
505.39453125	n/a	0.0	1	258762	n/a
505.41015625	n/a	1.0	2	258770	n/a
505.427734375	n/a	1.0	2	258779	n/a
505.443359375	n/a	0.0	1	258787	n/a
505.4609375	n/a	1.0	2	258796	n/a
505.4765625	n/a	0.0	1	258804	n/a
505.494140625	n/a	0.0	1	258813	n/a
505.51171875	n/a	1.0	2	258822	n/a
505.52734375	n/a	1.0	2	258830	n/a
505.544921875	n/a	0.0	1	258839	n/a
505.560546875	n/a	1.0	2	258847	n/a
505.578125	n/a	0.0	1	258856	n/a
505.59375	n/a	1.0	2	258864	n/a
505.611328125	n/a	0.0	1	258873	n/a
505.626953125	n/a	0.0	1	258881	n/a
505.64453125	n/a	1.0	2	258890	n/a
505.66015625	n/a	0.0	1	258898	n/a
505.677734375	n/a	1.0	2	258907	n/a
505.693359375	n/a	0.0	1	258915	n/a
505.7109375	n/a	1.0	2	258924	n/a
505.7265625	n/a	1.0	2	258932	n/a
505.744140625	n/a	0.0	1	258941	n/a
505.76171875	n/a	0.0	1	258950	n/a
505.77734375	n/a	1.0	2	258958	n/a
505.794921875	n/a	1.0	2	258967	n/a
505.810546875	n/a	0.0	1	258975	n/a
505.828125	n/a	0.0	1	258984	n/a
505.84375	n/a	1.0	2	258992	n/a
505.861328125	n/a	0.0	1	259001	n/a
505.876953125	n/a	1.0	2	259009	n/a
505.89453125	n/a	1.0	2	259018	n/a
505.91015625	n/a	0.0	1	259026	n/a
505.927734375	n/a	1.0	2	259035	n/a
505.943359375	n/a	0.0	1	259043	n/a
505.9609375	n/a	1.0	2	259052	n/a
505.9765625	n/a	0.0	1	259060	n/a
505.994140625	n/a	0.0	1	259069	n/a
506.01171875	n/a	1.0	2	259078	n/a
506.02734375	n/a	1.0	2	259086	n/a
506.044921875	n/a	0.0	1	259095	n/a
506.060546875	n/a	1.0	2	259103	n/a
506.078125	n/a	0.0	1	259112	n/a
506.09375	n/a	1.0	2	259120	n/a
506.111328125	n/a	0.0	1	259129	n/a
506.126953125	n/a	0.0	1	259137	n/a
506.14453125	n/a	1.0	2	259146	n/a
506.16015625	n/a	0.0	1	259154	n/a
506.177734375	n/a	1.0	2	259163	n/a
506.193359375	n/a	0.0	1	259171	n/a
506.2109375	n/a	1.0	2	259180	n/a
506.2265625	n/a	1.0	2	259188	n/a
506.244140625	n/a	0.0	1	259197	n/a
506.26171875	n/a	1.0	2	259206	n/a
506.27734375	n/a	0.0	1	259214	n/a
506.294921875	n/a	0.0	1	259223	n/a
506.310546875	n/a	1.0	2	259231	n/a
506.328125	n/a	0.0	1	259240	n/a
506.34375	n/a	1.0	2	259248	n/a
506.361328125	n/a	1.0	2	259257	n/a
506.376953125	n/a	0.0	1	259265	n/a
506.39453125	n/a	0.0	1	259274	n/a
506.41015625	n/a	1.0	2	259282	n/a
506.427734375	n/a	0.0	1	259291	n/a
506.443359375	n/a	1.0	2	259299	n/a
506.4609375	n/a	0.0	1	259308	n/a
506.4765625	n/a	1.0	2	259316	n/a
506.494140625	n/a	0.0	1	259325	n/a
506.51171875	n/a	1.0	2	259334	n/a
506.52734375	n/a	0.0	1	259342	n/a
506.544921875	n/a	1.0	2	259351	n/a
506.560546875	n/a	1.0	2	259359	n/a
506.578125	n/a	0.0	1	259368	n/a
506.59375	n/a	1.0	2	259376	n/a
506.611328125	n/a	0.0	1	259385	n/a
506.626953125	n/a	1.0	2	259393	n/a
506.64453125	n/a	0.0	1	259402	n/a
506.66015625	n/a	0.0	1	259410	n/a
506.677734375	n/a	1.0	2	259419	n/a
506.693359375	n/a	1.0	2	259427	n/a
506.7109375	n/a	0.0	1	259436	n/a
506.7265625	n/a	1.0	2	259444	n/a
506.744140625	n/a	0.0	1	259453	n/a
506.76171875	n/a	1.0	2	259462	n/a
506.77734375	n/a	0.0	1	259470	n/a
506.794921875	n/a	1.0	2	259479	n/a
506.810546875	n/a	0.0	1	259487	n/a
506.828125	n/a	1.0	2	259496	n/a
506.84375	n/a	0.0	1	259504	n/a
506.861328125	n/a	1.0	2	259513	n/a
506.876953125	n/a	0.0	1	259521	n/a
506.89453125	n/a	0.0	1	259530	n/a
506.91015625	n/a	1.0	2	259538	n/a
506.927734375	n/a	0.0	1	259547	n/a
506.943359375	n/a	1.0	2	259555	n/a
506.9609375	n/a	0.0	1	259564	n/a
506.9765625	n/a	1.0	2	259572	n/a
506.994140625	n/a	1.0	2	259581	n/a
507.01171875	n/a	0.0	1	259590	n/a
507.02734375	n/a	0.0	1	259598	n/a
507.044921875	n/a	1.0	2	259607	n/a
507.060546875	n/a	1.0	2	259615	n/a
507.078125	n/a	0.0	1	259624	n/a
507.09375	n/a	0.0	1	259632	n/a
507.111328125	n/a	1.0	2	259641	n/a
507.126953125	n/a	1.0	2	259649	n/a
507.14453125	n/a	0.0	1	259658	n/a
507.16015625	n/a	0.0	1	259666	n/a
507.177734375	n/a	1.0	2	259675	n/a
507.193359375	n/a	1.0	2	259683	n/a
507.2109375	n/a	0.0	1	259692	n/a
507.2265625	n/a	0.0	1	259700	n/a
507.244140625	n/a	1.0	2	259709	n/a
507.26171875	n/a	1.0	2	259718	n/a
507.27734375	n/a	0.0	1	259726	n/a
507.294921875	n/a	0.0	1	259735	n/a
507.310546875	n/a	1.0	2	259743	n/a
507.328125	n/a	0.0	1	259752	n/a
507.34375	n/a	1.0	2	259760	n/a
507.361328125	n/a	1.0	2	259769	n/a
507.376953125	n/a	0.0	1	259777	n/a
507.39453125	n/a	1.0	2	259786	n/a
507.41015625	n/a	0.0	1	259794	n/a
507.427734375	n/a	0.0	1	259803	n/a
507.443359375	n/a	1.0	2	259811	n/a
507.4609375	n/a	0.0	1	259820	n/a
507.4765625	n/a	1.0	2	259828	n/a
507.494140625	n/a	0.0	1	259837	n/a
507.51171875	n/a	1.0	2	259846	n/a
507.52734375	n/a	1.0	2	259854	n/a
507.544921875	n/a	0.0	1	259863	n/a
507.560546875	n/a	1.0	2	259871	n/a
507.578125	n/a	0.0	1	259880	n/a
507.59375	n/a	0.0	1	259888	n/a
507.611328125	n/a	1.0	2	259897	n/a
507.626953125	n/a	1.0	2	259905	n/a
507.64453125	n/a	0.0	1	259914	n/a
507.66015625	n/a	1.0	2	259922	n/a
507.677734375	n/a	0.0	1	259931	n/a
507.693359375	n/a	1.0	2	259939	n/a
507.7109375	n/a	0.0	1	259948	n/a
507.7265625	n/a	0.0	1	259956	n/a
507.744140625	n/a	1.0	2	259965	n/a
507.76171875	n/a	0.0	1	259974	n/a
507.77734375	n/a	1.0	2	259982	n/a
507.794921875	n/a	0.0	1	259991	n/a
507.810546875	n/a	1.0	2	259999	n/a
507.828125	n/a	1.0	2	260008	n/a
507.84375	n/a	0.0	1	260016	n/a
507.861328125	n/a	0.0	1	260025	n/a
507.876953125	n/a	1.0	2	260033	n/a
507.89453125	n/a	1.0	2	260042	n/a
507.91015625	n/a	0.0	1	260050	n/a
507.927734375	n/a	0.0	1	260059	n/a
507.943359375	n/a	1.0	2	260067	n/a
507.9609375	n/a	0.0	1	260076	n/a
507.9765625	n/a	1.0	2	260084	n/a
507.994140625	n/a	1.0	2	260093	n/a
508.01171875	n/a	0.0	1	260102	n/a
508.02734375	n/a	1.0	2	260110	n/a
508.044921875	n/a	0.0	1	260119	n/a
508.060546875	n/a	1.0	2	260127	n/a
508.078125	n/a	0.0	1	260136	n/a
508.09375	n/a	0.0	1	260144	n/a
508.111328125	n/a	1.0	2	260153	n/a
508.126953125	n/a	1.0	2	260161	n/a
508.14453125	n/a	0.0	1	260170	n/a
508.16015625	n/a	1.0	2	260178	n/a
508.177734375	n/a	0.0	1	260187	n/a
508.193359375	n/a	1.0	2	260195	n/a
508.2109375	n/a	0.0	1	260204	n/a
508.2265625	n/a	0.0	1	260212	n/a
508.244140625	n/a	1.0	2	260221	n/a
508.26171875	n/a	0.0	1	260230	n/a
508.27734375	n/a	1.0	2	260238	n/a
508.294921875	n/a	0.0	1	260247	n/a
508.310546875	n/a	1.0	2	260255	n/a
508.328125	n/a	1.0	2	260264	n/a
508.34375	n/a	0.0	1	260272	n/a
508.361328125	n/a	1.0	2	260281	n/a
508.376953125	n/a	0.0	1	260289	n/a
508.39453125	n/a	0.0	1	260298	n/a
508.41015625	n/a	1.0	2	260306	n/a
508.427734375	n/a	0.0	1	260315	n/a
508.443359375	n/a	1.0	2	260323	n/a
508.4609375	n/a	1.0	2	260332	n/a
508.4765625	n/a	0.0	1	260340	n/a
508.494140625	n/a	0.0	1	260349	n/a
508.51171875	n/a	1.0	2	260358	n/a
508.52734375	n/a	0.0	1	260366	n/a
508.544921875	n/a	1.0	2	260375	n/a
508.560546875	n/a	0.0	1	260383	n/a
508.578125	n/a	1.0	2	260392	n/a
508.59375	n/a	0.0	1	260400	n/a
508.611328125	n/a	1.0	2	260409	n/a
508.626953125	n/a	0.0	1	260417	n/a
508.64453125	n/a	1.0	2	260426	n/a
508.66015625	n/a	1.0	2	260434	n/a
508.677734375	n/a	0.0	1	260443	n/a
508.693359375	n/a	1.0	2	260451	n/a
508.7109375	n/a	0.0	1	260460	n/a
508.7265625	n/a	1.0	2	260468	n/a
508.744140625	n/a	0.0	1	260477	n/a
508.76171875	n/a	0.0	1	260486	n/a
508.77734375	n/a	1.0	2	260494	n/a
508.794921875	n/a	1.0	2	260503	n/a
508.810546875	n/a	0.0	1	260511	n/a
508.828125	n/a	1.0	2	260520	n/a
508.84375	n/a	0.0	1	260528	n/a
508.861328125	n/a	1.0	2	260537	n/a
508.876953125	n/a	0.0	1	260545	n/a
508.89453125	n/a	1.0	2	260554	n/a
508.91015625	n/a	0.0	1	260562	n/a
508.927734375	n/a	1.0	2	260571	n/a
508.943359375	n/a	0.0	1	260579	n/a
508.9609375	n/a	1.0	2	260588	n/a
508.9765625	n/a	0.0	1	260596	n/a
508.994140625	n/a	0.0	1	260605	n/a
509.01171875	n/a	1.0	2	260614	n/a
509.02734375	n/a	0.0	1	260622	n/a
509.044921875	n/a	1.0	2	260631	n/a
509.060546875	n/a	0.0	1	260639	n/a
509.078125	n/a	1.0	2	260648	n/a
509.09375	n/a	1.0	2	260656	n/a
509.111328125	n/a	0.0	1	260665	n/a
509.126953125	n/a	0.0	1	260673	n/a
509.14453125	n/a	1.0	2	260682	n/a
509.16015625	n/a	1.0	2	260690	n/a
509.177734375	n/a	0.0	1	260699	n/a
509.193359375	n/a	0.0	1	260707	n/a
509.2109375	n/a	1.0	2	260716	n/a
509.2265625	n/a	1.0	2	260724	n/a
509.244140625	n/a	0.0	1	260733	n/a
509.26171875	n/a	0.0	1	260742	n/a
509.27734375	n/a	1.0	2	260750	n/a
509.294921875	n/a	1.0	2	260759	n/a
509.310546875	n/a	0.0	1	260767	n/a
509.328125	n/a	0.0	1	260776	n/a
509.34375	n/a	1.0	2	260784	n/a
509.361328125	n/a	1.0	2	260793	n/a
509.376953125	n/a	0.0	1	260801	n/a
509.39453125	n/a	0.0	1	260810	n/a
509.41015625	n/a	1.0	2	260818	n/a
509.427734375	n/a	0.0	1	260827	n/a
509.443359375	n/a	1.0	2	260835	n/a
509.4609375	n/a	1.0	2	260844	n/a
509.4765625	n/a	0.0	1	260852	n/a
509.494140625	n/a	1.0	2	260861	n/a
509.51171875	n/a	0.0	1	260870	n/a
509.52734375	n/a	0.0	1	260878	n/a
509.544921875	n/a	1.0	2	260887	n/a
509.560546875	n/a	0.0	1	260895	n/a
509.578125	n/a	1.0	2	260904	n/a
509.59375	n/a	0.0	1	260912	n/a
509.611328125	n/a	1.0	2	260921	n/a
509.626953125	n/a	1.0	2	260929	n/a
509.64453125	n/a	0.0	1	260938	n/a
509.66015625	n/a	1.0	2	260946	n/a
509.677734375	n/a	0.0	1	260955	n/a
509.693359375	n/a	0.0	1	260963	n/a
509.7109375	n/a	1.0	2	260972	n/a
509.7265625	n/a	1.0	2	260980	n/a
509.744140625	n/a	0.0	1	260989	n/a
509.76171875	n/a	1.0	2	260998	n/a
509.77734375	n/a	0.0	1	261006	n/a
509.794921875	n/a	1.0	2	261015	n/a
509.810546875	n/a	0.0	1	261023	n/a
509.828125	n/a	0.0	1	261032	n/a
509.84375	n/a	1.0	2	261040	n/a
509.861328125	n/a	0.0	1	261049	n/a
509.876953125	n/a	1.0	2	261057	n/a
509.89453125	n/a	0.0	1	261066	n/a
509.91015625	n/a	1.0	2	261074	n/a
509.927734375	n/a	1.0	2	261083	n/a
509.943359375	n/a	0.0	1	261091	n/a
509.9609375	n/a	0.0	1	261100	n/a
509.9765625	n/a	1.0	2	261108	n/a
509.994140625	n/a	1.0	2	261117	n/a
510.01171875	n/a	0.0	1	261126	n/a
510.02734375	n/a	0.0	1	261134	n/a
510.044921875	n/a	1.0	2	261143	n/a
510.060546875	n/a	0.0	1	261151	n/a
510.078125	n/a	1.0	2	261160	n/a
510.09375	n/a	1.0	2	261168	n/a
510.111328125	n/a	0.0	1	261177	n/a
510.126953125	n/a	1.0	2	261185	n/a
510.14453125	n/a	0.0	1	261194	n/a
510.16015625	n/a	1.0	2	261202	n/a
510.177734375	n/a	0.0	1	261211	n/a
510.193359375	n/a	0.0	1	261219	n/a
510.2109375	n/a	1.0	2	261228	n/a
510.2265625	n/a	1.0	2	261236	n/a
510.244140625	n/a	0.0	1	261245	n/a
510.26171875	n/a	1.0	2	261254	n/a
510.27734375	n/a	0.0	1	261262	n/a
510.294921875	n/a	1.0	2	261271	n/a
510.310546875	n/a	0.0	1	261279	n/a
510.328125	n/a	0.0	1	261288	n/a
510.34375	n/a	1.0	2	261296	n/a
510.361328125	n/a	0.0	1	261305	n/a
510.376953125	n/a	1.0	2	261313	n/a
510.39453125	n/a	0.0	1	261322	n/a
510.41015625	n/a	1.0	2	261330	n/a
510.427734375	n/a	1.0	2	261339	n/a
510.443359375	n/a	0.0	1	261347	n/a
510.4609375	n/a	1.0	2	261356	n/a
510.4765625	n/a	0.0	1	261364	n/a
510.494140625	n/a	0.0	1	261373	n/a
510.51171875	n/a	1.0	2	261382	n/a
510.52734375	n/a	0.0	1	261390	n/a
510.544921875	n/a	1.0	2	261399	n/a
510.560546875	n/a	1.0	2	261407	n/a
510.578125	n/a	0.0	1	261416	n/a
510.59375	n/a	0.0	1	261424	n/a
510.611328125	n/a	1.0	2	261433	n/a
510.626953125	n/a	0.0	1	261441	n/a
510.64453125	n/a	1.0	2	261450	n/a
510.66015625	n/a	0.0	1	261458	n/a
510.677734375	n/a	1.0	2	261467	n/a
510.693359375	n/a	0.0	1	261475	n/a
510.7109375	n/a	1.0	2	261484	n/a
510.7265625	n/a	0.0	1	261492	n/a
510.744140625	n/a	1.0	2	261501	n/a
510.76171875	n/a	1.0	2	261510	n/a
510.77734375	n/a	0.0	1	261518	n/a
510.794921875	n/a	1.0	2	261527	n/a
510.810546875	n/a	0.0	1	261535	n/a
510.828125	n/a	1.0	2	261544	n/a
510.84375	n/a	0.0	1	261552	n/a
510.861328125	n/a	0.0	1	261561	n/a
510.876953125	n/a	1.0	2	261569	n/a
510.89453125	n/a	1.0	2	261578	n/a
510.91015625	n/a	0.0	1	261586	n/a
510.927734375	n/a	1.0	2	261595	n/a
510.943359375	n/a	0.0	1	261603	n/a
510.9609375	n/a	1.0	2	261612	n/a
510.9765625	n/a	0.0	1	261620	n/a
510.994140625	n/a	1.0	2	261629	n/a
511.01171875	n/a	0.0	1	261638	n/a
511.02734375	n/a	1.0	2	261646	n/a
511.044921875	n/a	0.0	1	261655	n/a
511.060546875	n/a	1.0	2	261663	n/a
511.078125	n/a	0.0	1	261672	n/a
511.09375	n/a	0.0	1	261680	n/a
511.111328125	n/a	1.0	2	261689	n/a
511.126953125	n/a	0.0	1	261697	n/a
511.14453125	n/a	1.0	2	261706	n/a
511.16015625	n/a	0.0	1	261714	n/a
511.177734375	n/a	1.0	2	261723	n/a
511.193359375	n/a	1.0	2	261731	n/a
511.2109375	n/a	0.0	1	261740	n/a
511.2265625	n/a	0.0	1	261748	n/a
511.244140625	n/a	1.0	2	261757	n/a
511.26171875	n/a	1.0	2	261766	n/a
511.27734375	n/a	0.0	1	261774	n/a
511.294921875	n/a	0.0	1	261783	n/a
511.310546875	n/a	1.0	2	261791	n/a
511.328125	n/a	1.0	2	261800	n/a
511.34375	n/a	0.0	1	261808	n/a
511.361328125	n/a	0.0	1	261817	n/a
511.376953125	n/a	1.0	2	261825	n/a
511.39453125	n/a	1.0	2	261834	n/a
511.41015625	n/a	0.0	1	261842	n/a
511.427734375	n/a	0.0	1	261851	n/a
511.443359375	n/a	1.0	2	261859	n/a
511.4609375	n/a	1.0	2	261868	n/a
511.4765625	n/a	0.0	1	261876	n/a
511.494140625	n/a	0.0	1	261885	n/a
511.51171875	n/a	1.0	2	261894	n/a
511.52734375	n/a	0.0	1	261902	n/a
511.544921875	n/a	1.0	2	261911	n/a
511.560546875	n/a	1.0	2	261919	n/a
511.578125	n/a	0.0	1	261928	n/a
511.59375	n/a	1.0	2	261936	n/a
511.611328125	n/a	0.0	1	261945	n/a
511.626953125	n/a	0.0	1	261953	n/a
511.64453125	n/a	1.0	2	261962	n/a
511.66015625	n/a	0.0	1	261970	n/a
511.677734375	n/a	1.0	2	261979	n/a
511.693359375	n/a	0.0	1	261987	n/a
511.7109375	n/a	1.0	2	261996	n/a
511.7265625	n/a	1.0	2	262004	n/a
511.744140625	n/a	0.0	1	262013	n/a
511.76171875	n/a	1.0	2	262022	n/a
511.77734375	n/a	0.0	1	262030	n/a
511.794921875	n/a	0.0	1	262039	n/a
511.810546875	n/a	1.0	2	262047	n/a
511.828125	n/a	1.0	2	262056	n/a
511.84375	n/a	0.0	1	262064	n/a
511.861328125	n/a	1.0	2	262073	n/a
511.876953125	n/a	0.0	1	262081	n/a
511.89453125	n/a	1.0	2	262090	n/a
511.91015625	n/a	0.0	1	262098	n/a
511.927734375	n/a	0.0	1	262107	n/a
511.943359375	n/a	1.0	2	262115	n/a
511.9609375	n/a	0.0	1	262124	n/a
511.9765625	n/a	1.0	2	262132	n/a
511.994140625	n/a	0.0	1	262141	n/a
512.01171875	n/a	1.0	2	262150	n/a
512.02734375	n/a	1.0	2	262158	n/a
512.044921875	n/a	0.0	1	262167	n/a
512.060546875	n/a	0.0	1	262175	n/a
512.078125	n/a	1.0	2	262184	n/a
512.09375	n/a	1.0	2	262192	n/a
512.111328125	n/a	0.0	1	262201	n/a
512.126953125	n/a	0.0	1	262209	n/a
512.14453125	n/a	1.0	2	262218	n/a
512.16015625	n/a	0.0	1	262226	n/a
512.177734375	n/a	1.0	2	262235	n/a
512.193359375	n/a	1.0	2	262243	n/a
512.2109375	n/a	0.0	1	262252	n/a
512.2265625	n/a	1.0	2	262260	n/a
512.244140625	n/a	0.0	1	262269	n/a
512.26171875	n/a	1.0	2	262278	n/a
512.27734375	n/a	0.0	1	262286	n/a
512.294921875	n/a	0.0	1	262295	n/a
512.310546875	n/a	1.0	2	262303	n/a
512.328125	n/a	1.0	2	262312	n/a
512.34375	n/a	0.0	1	262320	n/a
512.361328125	n/a	1.0	2	262329	n/a
512.376953125	n/a	0.0	1	262337	n/a
512.39453125	n/a	1.0	2	262346	n/a
512.41015625	n/a	0.0	1	262354	n/a
512.427734375	n/a	0.0	1	262363	n/a
512.443359375	n/a	1.0	2	262371	n/a
512.4609375	n/a	0.0	1	262380	n/a
512.4765625	n/a	1.0	2	262388	n/a
512.494140625	n/a	0.0	1	262397	n/a
512.51171875	n/a	1.0	2	262406	n/a
512.52734375	n/a	1.0	2	262414	n/a
512.544921875	n/a	0.0	1	262423	n/a
512.560546875	n/a	1.0	2	262431	n/a
512.578125	n/a	0.0	1	262440	n/a
512.59375	n/a	0.0	1	262448	n/a
512.611328125	n/a	1.0	2	262457	n/a
512.626953125	n/a	0.0	1	262465	n/a
512.64453125	n/a	1.0	2	262474	n/a
512.66015625	n/a	1.0	2	262482	n/a
512.677734375	n/a	0.0	1	262491	n/a
512.693359375	n/a	0.0	1	262499	n/a
512.7109375	n/a	1.0	2	262508	n/a
512.7265625	n/a	0.0	1	262516	n/a
512.744140625	n/a	1.0	2	262525	n/a
512.76171875	n/a	0.0	1	262534	n/a
512.77734375	n/a	1.0	2	262542	n/a
512.794921875	n/a	0.0	1	262551	n/a
512.810546875	n/a	1.0	2	262559	n/a
512.828125	n/a	0.0	1	262568	n/a
512.84375	n/a	1.0	2	262576	n/a
512.861328125	n/a	1.0	2	262585	n/a
512.876953125	n/a	0.0	1	262593	n/a
512.89453125	n/a	1.0	2	262602	n/a
512.91015625	n/a	0.0	1	262610	n/a
512.927734375	n/a	1.0	2	262619	n/a
512.943359375	n/a	0.0	1	262627	n/a
512.9609375	n/a	0.0	1	262636	n/a
512.9765625	n/a	1.0	2	262644	n/a
512.994140625	n/a	1.0	2	262653	n/a
513.01171875	n/a	0.0	1	262662	n/a
513.02734375	n/a	1.0	2	262670	n/a
513.044921875	n/a	0.0	1	262679	n/a
513.060546875	n/a	1.0	2	262687	n/a
513.078125	n/a	0.0	1	262696	n/a
513.09375	n/a	1.0	2	262704	n/a
513.111328125	n/a	0.0	1	262713	n/a
513.126953125	n/a	1.0	2	262721	n/a
513.14453125	n/a	0.0	1	262730	n/a
513.16015625	n/a	1.0	2	262738	n/a
513.177734375	n/a	0.0	1	262747	n/a
513.193359375	n/a	0.0	1	262755	n/a
513.2109375	n/a	1.0	2	262764	n/a
513.2265625	n/a	0.0	1	262772	n/a
513.244140625	n/a	1.0	2	262781	n/a
513.26171875	n/a	0.0	1	262790	n/a
513.27734375	n/a	1.0	2	262798	n/a
513.294921875	n/a	1.0	2	262807	n/a
513.310546875	n/a	0.0	1	262815	n/a
513.328125	n/a	0.0	1	262824	n/a
513.34375	n/a	1.0	2	262832	n/a
513.361328125	n/a	1.0	2	262841	n/a
513.376953125	n/a	0.0	1	262849	n/a
513.39453125	n/a	0.0	1	262858	n/a
513.41015625	n/a	1.0	2	262866	n/a
513.427734375	n/a	1.0	2	262875	n/a
513.443359375	n/a	0.0	1	262883	n/a
513.4609375	n/a	0.0	1	262892	n/a
513.4765625	n/a	1.0	2	262900	n/a
513.494140625	n/a	1.0	2	262909	n/a
513.51171875	n/a	0.0	1	262918	n/a
513.52734375	n/a	0.0	1	262926	n/a
513.544921875	n/a	1.0	2	262935	n/a
513.560546875	n/a	1.0	2	262943	n/a
513.578125	n/a	0.0	1	262952	n/a
513.59375	n/a	0.0	1	262960	n/a
513.611328125	n/a	1.0	2	262969	n/a
513.626953125	n/a	0.0	1	262977	n/a
513.64453125	n/a	1.0	2	262986	n/a
513.66015625	n/a	1.0	2	262994	n/a
513.677734375	n/a	0.0	1	263003	n/a
513.693359375	n/a	1.0	2	263011	n/a
513.7109375	n/a	0.0	1	263020	n/a
513.7265625	n/a	0.0	1	263028	n/a
513.744140625	n/a	1.0	2	263037	n/a
513.76171875	n/a	0.0	1	263046	n/a
513.77734375	n/a	1.0	2	263054	n/a
513.794921875	n/a	0.0	1	263063	n/a
513.810546875	n/a	1.0	2	263071	n/a
513.828125	n/a	1.0	2	263080	n/a
513.84375	n/a	0.0	1	263088	n/a
513.861328125	n/a	1.0	2	263097	n/a
513.876953125	n/a	0.0	1	263105	n/a
513.89453125	n/a	0.0	1	263114	n/a
513.91015625	n/a	1.0	2	263122	n/a
513.927734375	n/a	1.0	2	263131	n/a
513.943359375	n/a	0.0	1	263139	n/a
513.9609375	n/a	1.0	2	263148	n/a
513.9765625	n/a	0.0	1	263156	n/a
513.994140625	n/a	1.0	2	263165	n/a
514.01171875	n/a	0.0	1	263174	n/a
514.02734375	n/a	0.0	1	263182	n/a
514.044921875	n/a	1.0	2	263191	n/a
514.060546875	n/a	0.0	1	263199	n/a
514.078125	n/a	1.0	2	263208	n/a
514.09375	n/a	0.0	1	263216	n/a
514.111328125	n/a	1.0	2	263225	n/a
514.126953125	n/a	1.0	2	263233	n/a
514.14453125	n/a	0.0	1	263242	n/a
514.16015625	n/a	0.0	1	263250	n/a
514.177734375	n/a	1.0	2	263259	n/a
514.193359375	n/a	1.0	2	263267	n/a
514.2109375	n/a	0.0	1	263276	n/a
514.2265625	n/a	0.0	1	263284	n/a
514.244140625	n/a	1.0	2	263293	n/a
514.26171875	n/a	0.0	1	263302	n/a
514.27734375	n/a	1.0	2	263310	n/a
514.294921875	n/a	1.0	2	263319	n/a
514.310546875	n/a	0.0	1	263327	n/a
514.328125	n/a	1.0	2	263336	n/a
514.34375	n/a	0.0	1	263344	n/a
514.361328125	n/a	1.0	2	263353	n/a
514.376953125	n/a	0.0	1	263361	n/a
514.39453125	n/a	0.0	1	263370	n/a
514.41015625	n/a	1.0	2	263378	n/a
514.427734375	n/a	1.0	2	263387	n/a
514.443359375	n/a	0.0	1	263395	n/a
514.4609375	n/a	1.0	2	263404	n/a
514.4765625	n/a	0.0	1	263412	n/a
514.494140625	n/a	1.0	2	263421	n/a
514.51171875	n/a	0.0	1	263430	n/a
514.52734375	n/a	0.0	1	263438	n/a
514.544921875	n/a	1.0	2	263447	n/a
514.560546875	n/a	0.0	1	263455	n/a
514.578125	n/a	1.0	2	263464	n/a
514.59375	n/a	0.0	1	263472	n/a
514.611328125	n/a	1.0	2	263481	n/a
514.626953125	n/a	1.0	2	263489	n/a
514.64453125	n/a	0.0	1	263498	n/a
514.66015625	n/a	1.0	2	263506	n/a
514.677734375	n/a	0.0	1	263515	n/a
514.693359375	n/a	0.0	1	263523	n/a
514.7109375	n/a	1.0	2	263532	n/a
514.7265625	n/a	0.0	1	263540	n/a
514.744140625	n/a	1.0	2	263549	n/a
514.76171875	n/a	1.0	2	263558	n/a
514.77734375	n/a	0.0	1	263566	n/a
514.794921875	n/a	0.0	1	263575	n/a
514.810546875	n/a	1.0	2	263583	n/a
514.828125	n/a	0.0	1	263592	n/a
514.84375	n/a	1.0	2	263600	n/a
514.861328125	n/a	0.0	1	263609	n/a
514.876953125	n/a	1.0	2	263617	n/a
514.89453125	n/a	0.0	1	263626	n/a
514.91015625	n/a	1.0	2	263634	n/a
514.927734375	n/a	0.0	1	263643	n/a
514.943359375	n/a	1.0	2	263651	n/a
514.9609375	n/a	1.0	2	263660	n/a
514.9765625	n/a	0.0	1	263668	n/a
514.994140625	n/a	1.0	2	263677	n/a
515.01171875	n/a	0.0	1	263686	n/a
515.02734375	n/a	1.0	2	263694	n/a
515.044921875	n/a	0.0	1	263703	n/a
515.060546875	n/a	0.0	1	263711	n/a
515.078125	n/a	1.0	2	263720	n/a
515.09375	n/a	1.0	2	263728	n/a
515.111328125	n/a	0.0	1	263737	n/a
515.126953125	n/a	1.0	2	263745	n/a
515.14453125	n/a	0.0	1	263754	n/a
515.16015625	n/a	1.0	2	263762	n/a
515.177734375	n/a	0.0	1	263771	n/a
515.193359375	n/a	1.0	2	263779	n/a
515.2109375	n/a	0.0	1	263788	n/a
515.2265625	n/a	1.0	2	263796	n/a
515.244140625	n/a	0.0	1	263805	n/a
515.26171875	n/a	1.0	2	263814	n/a
515.27734375	n/a	0.0	1	263822	n/a
515.294921875	n/a	0.0	1	263831	n/a
515.310546875	n/a	1.0	2	263839	n/a
515.328125	n/a	0.0	1	263848	n/a
515.34375	n/a	1.0	2	263856	n/a
515.361328125	n/a	0.0	1	263865	n/a
515.376953125	n/a	1.0	2	263873	n/a
515.39453125	n/a	1.0	2	263882	n/a
515.41015625	n/a	0.0	1	263890	n/a
515.427734375	n/a	0.0	1	263899	n/a
515.443359375	n/a	1.0	2	263907	n/a
515.4609375	n/a	1.0	2	263916	n/a
515.4765625	n/a	0.0	1	263924	n/a
515.494140625	n/a	0.0	1	263933	n/a
515.51171875	n/a	1.0	2	263942	n/a
515.52734375	n/a	1.0	2	263950	n/a
515.544921875	n/a	0.0	1	263959	n/a
515.560546875	n/a	0.0	1	263967	n/a
515.578125	n/a	1.0	2	263976	n/a
515.59375	n/a	1.0	2	263984	n/a
515.611328125	n/a	0.0	1	263993	n/a
515.626953125	n/a	0.0	1	264001	n/a
515.64453125	n/a	1.0	2	264010	n/a
515.66015625	n/a	1.0	2	264018	n/a
515.677734375	n/a	0.0	1	264027	n/a
515.693359375	n/a	0.0	1	264035	n/a
515.7109375	n/a	1.0	2	264044	n/a
515.7265625	n/a	0.0	1	264052	n/a
515.744140625	n/a	1.0	2	264061	n/a
515.76171875	n/a	1.0	2	264070	n/a
515.77734375	n/a	0.0	1	264078	n/a
515.794921875	n/a	1.0	2	264087	n/a
515.810546875	n/a	0.0	1	264095	n/a
515.828125	n/a	0.0	1	264104	n/a
515.84375	n/a	1.0	2	264112	n/a
515.861328125	n/a	0.0	1	264121	n/a
515.876953125	n/a	1.0	2	264129	n/a
515.89453125	n/a	0.0	1	264138	n/a
515.91015625	n/a	1.0	2	264146	n/a
515.927734375	n/a	1.0	2	264155	n/a
515.943359375	n/a	0.0	1	264163	n/a
515.9609375	n/a	1.0	2	264172	n/a
515.9765625	n/a	0.0	1	264180	n/a
515.994140625	n/a	0.0	1	264189	n/a
516.01171875	n/a	1.0	2	264198	n/a
516.02734375	n/a	1.0	2	264206	n/a
516.044921875	n/a	0.0	1	264215	n/a
516.060546875	n/a	1.0	2	264223	n/a
516.078125	n/a	0.0	1	264232	n/a
516.09375	n/a	1.0	2	264240	n/a
516.111328125	n/a	0.0	1	264249	n/a
516.126953125	n/a	0.0	1	264257	n/a
516.14453125	n/a	1.0	2	264266	n/a
516.16015625	n/a	0.0	1	264274	n/a
516.177734375	n/a	1.0	2	264283	n/a
516.193359375	n/a	0.0	1	264291	n/a
516.2109375	n/a	1.0	2	264300	n/a
516.2265625	n/a	1.0	2	264308	n/a
516.244140625	n/a	0.0	1	264317	n/a
516.26171875	n/a	0.0	1	264326	n/a
516.27734375	n/a	1.0	2	264334	n/a
516.294921875	n/a	1.0	2	264343	n/a
516.310546875	n/a	0.0	1	264351	n/a
516.328125	n/a	0.0	1	264360	n/a
516.34375	n/a	1.0	2	264368	n/a
516.361328125	n/a	0.0	1	264377	n/a
516.376953125	n/a	1.0	2	264385	n/a
516.39453125	n/a	1.0	2	264394	n/a
516.41015625	n/a	0.0	1	264402	n/a
516.427734375	n/a	1.0	2	264411	n/a
516.443359375	n/a	0.0	1	264419	n/a
516.4609375	n/a	1.0	2	264428	n/a
516.4765625	n/a	0.0	1	264436	n/a
516.494140625	n/a	0.0	1	264445	n/a
516.51171875	n/a	1.0	2	264454	n/a
516.52734375	n/a	1.0	2	264462	n/a
516.544921875	n/a	0.0	1	264471	n/a
516.560546875	n/a	1.0	2	264479	n/a
516.578125	n/a	0.0	1	264488	n/a
516.59375	n/a	1.0	2	264496	n/a
516.611328125	n/a	0.0	1	264505	n/a
516.626953125	n/a	0.0	1	264513	n/a
516.64453125	n/a	1.0	2	264522	n/a
516.66015625	n/a	0.0	1	264530	n/a
516.677734375	n/a	1.0	2	264539	n/a
516.693359375	n/a	0.0	1	264547	n/a
516.7109375	n/a	1.0	2	264556	n/a
516.7265625	n/a	1.0	2	264564	n/a
516.744140625	n/a	0.0	1	264573	n/a
516.76171875	n/a	1.0	2	264582	n/a
516.77734375	n/a	0.0	1	264590	n/a
516.794921875	n/a	0.0	1	264599	n/a
516.810546875	n/a	1.0	2	264607	n/a
516.828125	n/a	0.0	1	264616	n/a
516.84375	n/a	1.0	2	264624	n/a
516.861328125	n/a	1.0	2	264633	n/a
516.876953125	n/a	0.0	1	264641	n/a
516.89453125	n/a	0.0	1	264650	n/a
516.91015625	n/a	1.0	2	264658	n/a
516.927734375	n/a	0.0	1	264667	n/a
516.943359375	n/a	1.0	2	264675	n/a
516.9609375	n/a	0.0	1	264684	n/a
516.9765625	n/a	1.0	2	264692	n/a
516.994140625	n/a	0.0	1	264701	n/a
517.01171875	n/a	1.0	2	264710	n/a
517.02734375	n/a	0.0	1	264718	n/a
517.044921875	n/a	1.0	2	264727	n/a
517.060546875	n/a	1.0	2	264735	n/a
517.078125	n/a	0.0	1	264744	n/a
517.09375	n/a	1.0	2	264752	n/a
517.111328125	n/a	0.0	1	264761	n/a
517.126953125	n/a	1.0	2	264769	n/a
517.14453125	n/a	0.0	1	264778	n/a
517.16015625	n/a	0.0	1	264786	n/a
517.177734375	n/a	1.0	2	264795	n/a
517.193359375	n/a	1.0	2	264803	n/a
517.2109375	n/a	0.0	1	264812	n/a
517.2265625	n/a	1.0	2	264820	n/a
517.244140625	n/a	0.0	1	264829	n/a
517.26171875	n/a	1.0	2	264838	n/a
517.27734375	n/a	0.0	1	264846	n/a
517.294921875	n/a	1.0	2	264855	n/a
517.310546875	n/a	0.0	1	264863	n/a
517.328125	n/a	1.0	2	264872	n/a
517.34375	n/a	0.0	1	264880	n/a
517.361328125	n/a	1.0	2	264889	n/a
517.376953125	n/a	0.0	1	264897	n/a
517.39453125	n/a	0.0	1	264906	n/a
517.41015625	n/a	1.0	2	264914	n/a
517.427734375	n/a	0.0	1	264923	n/a
517.443359375	n/a	1.0	2	264931	n/a
517.4609375	n/a	0.0	1	264940	n/a
517.4765625	n/a	1.0	2	264948	n/a
517.494140625	n/a	1.0	2	264957	n/a
517.51171875	n/a	0.0	1	264966	n/a
517.52734375	n/a	0.0	1	264974	n/a
517.544921875	n/a	1.0	2	264983	n/a
517.560546875	n/a	1.0	2	264991	n/a
517.578125	n/a	0.0	1	265000	n/a
517.59375	n/a	0.0	1	265008	n/a
517.611328125	n/a	1.0	2	265017	n/a
517.626953125	n/a	1.0	2	265025	n/a
517.64453125	n/a	0.0	1	265034	n/a
517.66015625	n/a	0.0	1	265042	n/a
517.677734375	n/a	1.0	2	265051	n/a
517.693359375	n/a	1.0	2	265059	n/a
517.7109375	n/a	0.0	1	265068	n/a
517.7265625	n/a	0.0	1	265076	n/a
517.744140625	n/a	1.0	2	265085	n/a
517.76171875	n/a	1.0	2	265094	n/a
517.77734375	n/a	0.0	1	265102	n/a
517.794921875	n/a	0.0	1	265111	n/a
517.810546875	n/a	1.0	2	265119	n/a
517.828125	n/a	0.0	1	265128	n/a
517.84375	n/a	1.0	2	265136	n/a
517.861328125	n/a	1.0	2	265145	n/a
517.876953125	n/a	0.0	1	265153	n/a
517.89453125	n/a	1.0	2	265162	n/a
517.91015625	n/a	0.0	1	265170	n/a
517.927734375	n/a	0.0	1	265179	n/a
517.943359375	n/a	1.0	2	265187	n/a
517.9609375	n/a	0.0	1	265196	n/a
517.9765625	n/a	1.0	2	265204	n/a
517.994140625	n/a	0.0	1	265213	n/a
518.01171875	n/a	1.0	2	265222	n/a
518.02734375	n/a	1.0	2	265230	n/a
518.044921875	n/a	0.0	1	265239	n/a
518.060546875	n/a	1.0	2	265247	n/a
518.078125	n/a	0.0	1	265256	n/a
518.09375	n/a	0.0	1	265264	n/a
518.111328125	n/a	1.0	2	265273	n/a
518.126953125	n/a	1.0	2	265281	n/a
518.14453125	n/a	0.0	1	265290	n/a
518.16015625	n/a	1.0	2	265298	n/a
518.177734375	n/a	0.0	1	265307	n/a
518.193359375	n/a	1.0	2	265315	n/a
518.2109375	n/a	0.0	1	265324	n/a
518.2265625	n/a	0.0	1	265332	n/a
518.244140625	n/a	1.0	2	265341	n/a
518.26171875	n/a	0.0	1	265350	n/a
518.27734375	n/a	1.0	2	265358	n/a
518.294921875	n/a	0.0	1	265367	n/a
518.310546875	n/a	1.0	2	265375	n/a
518.328125	n/a	1.0	2	265384	n/a
518.34375	n/a	0.0	1	265392	n/a
518.361328125	n/a	0.0	1	265401	n/a
518.376953125	n/a	1.0	2	265409	n/a
518.39453125	n/a	1.0	2	265418	n/a
518.41015625	n/a	0.0	1	265426	n/a
518.427734375	n/a	0.0	1	265435	n/a
518.443359375	n/a	1.0	2	265443	n/a
518.4609375	n/a	0.0	1	265452	n/a
518.4765625	n/a	1.0	2	265460	n/a
518.494140625	n/a	1.0	2	265469	n/a
518.51171875	n/a	0.0	1	265478	n/a
518.52734375	n/a	1.0	2	265486	n/a
518.544921875	n/a	0.0	1	265495	n/a
518.560546875	n/a	1.0	2	265503	n/a
518.578125	n/a	0.0	1	265512	n/a
518.59375	n/a	0.0	1	265520	n/a
518.611328125	n/a	1.0	2	265529	n/a
518.626953125	n/a	1.0	2	265537	n/a
518.64453125	n/a	0.0	1	265546	n/a
518.66015625	n/a	1.0	2	265554	n/a
518.677734375	n/a	0.0	1	265563	n/a
518.693359375	n/a	1.0	2	265571	n/a
518.7109375	n/a	0.0	1	265580	n/a
518.7265625	n/a	0.0	1	265588	n/a
518.744140625	n/a	1.0	2	265597	n/a
518.76171875	n/a	0.0	1	265606	n/a
518.77734375	n/a	1.0	2	265614	n/a
518.794921875	n/a	0.0	1	265623	n/a
518.810546875	n/a	1.0	2	265631	n/a
518.828125	n/a	1.0	2	265640	n/a
518.84375	n/a	0.0	1	265648	n/a
518.861328125	n/a	1.0	2	265657	n/a
518.876953125	n/a	0.0	1	265665	n/a
518.89453125	n/a	0.0	1	265674	n/a
518.91015625	n/a	1.0	2	265682	n/a
518.927734375	n/a	0.0	1	265691	n/a
518.943359375	n/a	1.0	2	265699	n/a
518.9609375	n/a	1.0	2	265708	n/a
518.9765625	n/a	0.0	1	265716	n/a
518.994140625	n/a	0.0	1	265725	n/a
519.01171875	n/a	1.0	2	265734	n/a
519.02734375	n/a	0.0	1	265742	n/a
519.044921875	n/a	1.0	2	265751	n/a
519.060546875	n/a	0.0	1	265759	n/a
519.078125	n/a	1.0	2	265768	n/a
519.09375	n/a	0.0	1	265776	n/a
519.111328125	n/a	1.0	2	265785	n/a
519.126953125	n/a	0.0	1	265793	n/a
519.14453125	n/a	1.0	2	265802	n/a
519.16015625	n/a	1.0	2	265810	n/a
519.177734375	n/a	0.0	1	265819	n/a
519.193359375	n/a	1.0	2	265827	n/a
519.2109375	n/a	0.0	1	265836	n/a
519.2265625	n/a	1.0	2	265844	n/a
519.244140625	n/a	0.0	1	265853	n/a
519.26171875	n/a	0.0	1	265862	n/a
519.27734375	n/a	1.0	2	265870	n/a
519.294921875	n/a	1.0	2	265879	n/a
519.310546875	n/a	0.0	1	265887	n/a
519.328125	n/a	1.0	2	265896	n/a
519.34375	n/a	0.0	1	265904	n/a
519.361328125	n/a	1.0	2	265913	n/a
519.376953125	n/a	0.0	1	265921	n/a
519.39453125	n/a	1.0	2	265930	n/a
519.41015625	n/a	0.0	1	265938	n/a
519.427734375	n/a	1.0	2	265947	n/a
519.443359375	n/a	0.0	1	265955	n/a
519.4609375	n/a	1.0	2	265964	n/a
519.4765625	n/a	0.0	1	265972	n/a
519.494140625	n/a	0.0	1	265981	n/a
519.51171875	n/a	1.0	2	265990	n/a
519.52734375	n/a	0.0	1	265998	n/a
519.544921875	n/a	1.0	2	266007	n/a
519.560546875	n/a	0.0	1	266015	n/a
519.578125	n/a	1.0	2	266024	n/a
519.59375	n/a	1.0	2	266032	n/a
519.611328125	n/a	0.0	1	266041	n/a
519.626953125	n/a	0.0	1	266049	n/a
519.64453125	n/a	1.0	2	266058	n/a
519.66015625	n/a	1.0	2	266066	n/a
519.677734375	n/a	0.0	1	266075	n/a
519.693359375	n/a	0.0	1	266083	n/a
519.7109375	n/a	1.0	2	266092	n/a
519.7265625	n/a	1.0	2	266100	n/a
519.744140625	n/a	0.0	1	266109	n/a
519.76171875	n/a	0.0	1	266118	n/a
519.77734375	n/a	1.0	2	266126	n/a
519.794921875	n/a	1.0	2	266135	n/a
519.810546875	n/a	0.0	1	266143	n/a
519.828125	n/a	0.0	1	266152	n/a
519.84375	n/a	1.0	2	266160	n/a
519.861328125	n/a	1.0	2	266169	n/a
519.876953125	n/a	0.0	1	266177	n/a
519.89453125	n/a	0.0	1	266186	n/a
519.91015625	n/a	1.0	2	266194	n/a
519.927734375	n/a	0.0	1	266203	n/a
519.943359375	n/a	1.0	2	266211	n/a
519.9609375	n/a	1.0	2	266220	n/a
519.9765625	n/a	0.0	1	266228	n/a
519.994140625	n/a	1.0	2	266237	n/a
520.01171875	n/a	0.0	1	266246	n/a
520.02734375	n/a	0.0	1	266254	n/a
520.044921875	n/a	1.0	2	266263	n/a
520.060546875	n/a	0.0	1	266271	n/a
520.078125	n/a	1.0	2	266280	n/a
520.09375	n/a	0.0	1	266288	n/a
520.111328125	n/a	1.0	2	266297	n/a
520.126953125	n/a	1.0	2	266305	n/a
520.14453125	n/a	0.0	1	266314	n/a
520.16015625	n/a	1.0	2	266322	n/a
520.177734375	n/a	0.0	1	266331	n/a
520.193359375	n/a	0.0	1	266339	n/a
520.2109375	n/a	1.0	2	266348	n/a
520.2265625	n/a	1.0	2	266356	n/a
520.244140625	n/a	0.0	1	266365	n/a
520.26171875	n/a	1.0	2	266374	n/a
520.27734375	n/a	0.0	1	266382	n/a
520.294921875	n/a	1.0	2	266391	n/a
520.310546875	n/a	0.0	1	266399	n/a
520.328125	n/a	0.0	1	266408	n/a
520.34375	n/a	1.0	2	266416	n/a
520.361328125	n/a	0.0	1	266425	n/a
520.376953125	n/a	1.0	2	266433	n/a
520.39453125	n/a	0.0	1	266442	n/a
520.41015625	n/a	1.0	2	266450	n/a
520.427734375	n/a	1.0	2	266459	n/a
520.443359375	n/a	0.0	1	266467	n/a
520.4609375	n/a	0.0	1	266476	n/a
520.4765625	n/a	1.0	2	266484	n/a
520.494140625	n/a	1.0	2	266493	n/a
520.51171875	n/a	0.0	1	266502	n/a
520.52734375	n/a	0.0	1	266510	n/a
520.544921875	n/a	1.0	2	266519	n/a
520.560546875	n/a	0.0	1	266527	n/a
520.578125	n/a	1.0	2	266536	n/a
520.59375	n/a	1.0	2	266544	n/a
520.611328125	n/a	0.0	1	266553	n/a
520.626953125	n/a	1.0	2	266561	n/a
520.64453125	n/a	0.0	1	266570	n/a
520.66015625	n/a	1.0	2	266578	n/a
520.677734375	n/a	0.0	1	266587	n/a
520.693359375	n/a	0.0	1	266595	n/a
520.7109375	n/a	1.0	2	266604	n/a
520.7265625	n/a	1.0	2	266612	n/a
520.744140625	n/a	0.0	1	266621	n/a
520.76171875	n/a	1.0	2	266630	n/a
520.77734375	n/a	0.0	1	266638	n/a
520.794921875	n/a	1.0	2	266647	n/a
520.810546875	n/a	0.0	1	266655	n/a
520.828125	n/a	0.0	1	266664	n/a
520.84375	n/a	1.0	2	266672	n/a
520.861328125	n/a	0.0	1	266681	n/a
520.876953125	n/a	1.0	2	266689	n/a
520.89453125	n/a	0.0	1	266698	n/a
520.91015625	n/a	1.0	2	266706	n/a
520.927734375	n/a	1.0	2	266715	n/a
520.943359375	n/a	0.0	1	266723	n/a
520.9609375	n/a	1.0	2	266732	n/a
520.9765625	n/a	0.0	1	266740	n/a
520.994140625	n/a	0.0	1	266749	n/a
521.01171875	n/a	1.0	2	266758	n/a
521.02734375	n/a	0.0	1	266766	n/a
521.044921875	n/a	1.0	2	266775	n/a
521.060546875	n/a	1.0	2	266783	n/a
521.078125	n/a	0.0	1	266792	n/a
521.09375	n/a	0.0	1	266800	n/a
521.111328125	n/a	1.0	2	266809	n/a
521.126953125	n/a	0.0	1	266817	n/a
521.14453125	n/a	1.0	2	266826	n/a
521.16015625	n/a	0.0	1	266834	n/a
521.177734375	n/a	1.0	2	266843	n/a
521.193359375	n/a	0.0	1	266851	n/a
521.2109375	n/a	1.0	2	266860	n/a
521.2265625	n/a	0.0	1	266868	n/a
521.244140625	n/a	1.0	2	266877	n/a
521.26171875	n/a	1.0	2	266886	n/a
521.27734375	n/a	0.0	1	266894	n/a
521.294921875	n/a	1.0	2	266903	n/a
521.310546875	n/a	0.0	1	266911	n/a
521.328125	n/a	1.0	2	266920	n/a
521.34375	n/a	0.0	1	266928	n/a
521.361328125	n/a	0.0	1	266937	n/a
521.376953125	n/a	1.0	2	266945	n/a
521.39453125	n/a	1.0	2	266954	n/a
521.41015625	n/a	0.0	1	266962	n/a
521.427734375	n/a	1.0	2	266971	n/a
521.443359375	n/a	0.0	1	266979	n/a
521.4609375	n/a	1.0	2	266988	n/a
521.4765625	n/a	0.0	1	266996	n/a
521.494140625	n/a	1.0	2	267005	n/a
521.51171875	n/a	0.0	1	267014	n/a
521.52734375	n/a	1.0	2	267022	n/a
521.544921875	n/a	0.0	1	267031	n/a
521.560546875	n/a	1.0	2	267039	n/a
521.578125	n/a	0.0	1	267048	n/a
521.59375	n/a	0.0	1	267056	n/a
521.611328125	n/a	1.0	2	267065	n/a
521.626953125	n/a	0.0	1	267073	n/a
521.64453125	n/a	1.0	2	267082	n/a
521.66015625	n/a	0.0	1	267090	n/a
521.677734375	n/a	1.0	2	267099	n/a
521.693359375	n/a	1.0	2	267107	n/a
521.7109375	n/a	0.0	1	267116	n/a
521.7265625	n/a	0.0	1	267124	n/a
521.744140625	n/a	1.0	2	267133	n/a
521.76171875	n/a	1.0	2	267142	n/a
521.77734375	n/a	0.0	1	267150	n/a
521.794921875	n/a	0.0	1	267159	n/a
521.810546875	n/a	1.0	2	267167	n/a
521.828125	n/a	1.0	2	267176	n/a
521.84375	n/a	0.0	1	267184	n/a
521.861328125	n/a	0.0	1	267193	n/a
521.876953125	n/a	1.0	2	267201	n/a
521.89453125	n/a	1.0	2	267210	n/a
521.91015625	n/a	0.0	1	267218	n/a
521.927734375	n/a	0.0	1	267227	n/a
521.943359375	n/a	1.0	2	267235	n/a
521.9609375	n/a	1.0	2	267244	n/a
521.9765625	n/a	0.0	1	267252	n/a
521.994140625	n/a	0.0	1	267261	n/a
522.01171875	n/a	1.0	2	267270	n/a
522.02734375	n/a	0.0	1	267278	n/a
522.044921875	n/a	1.0	2	267287	n/a
522.060546875	n/a	1.0	2	267295	n/a
522.078125	n/a	0.0	1	267304	n/a
522.09375	n/a	1.0	2	267312	n/a
522.111328125	n/a	0.0	1	267321	n/a
522.126953125	n/a	0.0	1	267329	n/a
522.14453125	n/a	1.0	2	267338	n/a
522.16015625	n/a	0.0	1	267346	n/a
522.177734375	n/a	1.0	2	267355	n/a
522.193359375	n/a	0.0	1	267363	n/a
522.2109375	n/a	1.0	2	267372	n/a
522.2265625	n/a	1.0	2	267380	n/a
522.244140625	n/a	0.0	1	267389	n/a
522.26171875	n/a	1.0	2	267398	n/a
522.27734375	n/a	0.0	1	267406	n/a
522.294921875	n/a	0.0	1	267415	n/a
522.310546875	n/a	1.0	2	267423	n/a
522.328125	n/a	1.0	2	267432	n/a
522.34375	n/a	0.0	1	267440	n/a
522.361328125	n/a	1.0	2	267449	n/a
522.376953125	n/a	0.0	1	267457	n/a
522.39453125	n/a	1.0	2	267466	n/a
522.41015625	n/a	0.0	1	267474	n/a
522.427734375	n/a	0.0	1	267483	n/a
522.443359375	n/a	1.0	2	267491	n/a
522.4609375	n/a	0.0	1	267500	n/a
522.4765625	n/a	1.0	2	267508	n/a
522.494140625	n/a	0.0	1	267517	n/a
522.51171875	n/a	1.0	2	267526	n/a
522.52734375	n/a	1.0	2	267534	n/a
522.544921875	n/a	0.0	1	267543	n/a
522.560546875	n/a	0.0	1	267551	n/a
522.578125	n/a	1.0	2	267560	n/a
522.59375	n/a	1.0	2	267568	n/a
522.611328125	n/a	0.0	1	267577	n/a
522.626953125	n/a	0.0	1	267585	n/a
522.64453125	n/a	1.0	2	267594	n/a
522.66015625	n/a	0.0	1	267602	n/a
522.677734375	n/a	1.0	2	267611	n/a
522.693359375	n/a	1.0	2	267619	n/a
522.7109375	n/a	0.0	1	267628	n/a
522.7265625	n/a	1.0	2	267636	n/a
522.744140625	n/a	0.0	1	267645	n/a
522.76171875	n/a	1.0	2	267654	n/a
522.77734375	n/a	0.0	1	267662	n/a
522.794921875	n/a	0.0	1	267671	n/a
522.810546875	n/a	1.0	2	267679	n/a
522.828125	n/a	1.0	2	267688	n/a
522.84375	n/a	0.0	1	267696	n/a
522.861328125	n/a	1.0	2	267705	n/a
522.876953125	n/a	0.0	1	267713	n/a
522.89453125	n/a	1.0	2	267722	n/a
522.91015625	n/a	0.0	1	267730	n/a
522.927734375	n/a	0.0	1	267739	n/a
522.943359375	n/a	1.0	2	267747	n/a
522.9609375	n/a	0.0	1	267756	n/a
522.9765625	n/a	1.0	2	267764	n/a
522.994140625	n/a	0.0	1	267773	n/a
523.01171875	n/a	1.0	2	267782	n/a
523.02734375	n/a	1.0	2	267790	n/a
523.044921875	n/a	0.0	1	267799	n/a
523.060546875	n/a	1.0	2	267807	n/a
523.078125	n/a	0.0	1	267816	n/a
523.09375	n/a	0.0	1	267824	n/a
523.111328125	n/a	1.0	2	267833	n/a
523.126953125	n/a	0.0	1	267841	n/a
523.14453125	n/a	1.0	2	267850	n/a
523.16015625	n/a	1.0	2	267858	n/a
523.177734375	n/a	0.0	1	267867	n/a
523.193359375	n/a	0.0	1	267875	n/a
523.2109375	n/a	1.0	2	267884	n/a
523.2265625	n/a	0.0	1	267892	n/a
523.244140625	n/a	1.0	2	267901	n/a
523.26171875	n/a	0.0	1	267910	n/a
523.27734375	n/a	1.0	2	267918	n/a
523.294921875	n/a	0.0	1	267927	n/a
523.310546875	n/a	1.0	2	267935	n/a
523.328125	n/a	0.0	1	267944	n/a
523.34375	n/a	1.0	2	267952	n/a
523.361328125	n/a	1.0	2	267961	n/a
523.376953125	n/a	0.0	1	267969	n/a
523.39453125	n/a	1.0	2	267978	n/a
523.41015625	n/a	0.0	1	267986	n/a
523.427734375	n/a	1.0	2	267995	n/a
523.443359375	n/a	0.0	1	268003	n/a
523.4609375	n/a	0.0	1	268012	n/a
523.4765625	n/a	1.0	2	268020	n/a
523.494140625	n/a	1.0	2	268029	n/a
523.51171875	n/a	0.0	1	268038	n/a
523.52734375	n/a	1.0	2	268046	n/a
523.544921875	n/a	0.0	1	268055	n/a
523.560546875	n/a	1.0	2	268063	n/a
523.578125	n/a	0.0	1	268072	n/a
523.59375	n/a	1.0	2	268080	n/a
523.611328125	n/a	0.0	1	268089	n/a
523.626953125	n/a	1.0	2	268097	n/a
523.64453125	n/a	0.0	1	268106	n/a
523.66015625	n/a	1.0	2	268114	n/a
523.677734375	n/a	0.0	1	268123	n/a
523.693359375	n/a	0.0	1	268131	n/a
523.7109375	n/a	1.0	2	268140	n/a
523.7265625	n/a	0.0	1	268148	n/a
523.744140625	n/a	1.0	2	268157	n/a
523.76171875	n/a	0.0	1	268166	n/a
523.77734375	n/a	1.0	2	268174	n/a
523.794921875	n/a	1.0	2	268183	n/a
523.810546875	n/a	0.0	1	268191	n/a
523.828125	n/a	0.0	1	268200	n/a
523.84375	n/a	1.0	2	268208	n/a
523.861328125	n/a	1.0	2	268217	n/a
523.876953125	n/a	0.0	1	268225	n/a
523.89453125	n/a	0.0	1	268234	n/a
523.91015625	n/a	1.0	2	268242	n/a
523.927734375	n/a	1.0	2	268251	n/a
523.943359375	n/a	0.0	1	268259	n/a
523.9609375	n/a	0.0	1	268268	n/a
523.9765625	n/a	1.0	2	268276	n/a
523.994140625	n/a	1.0	2	268285	n/a
524.01171875	n/a	0.0	1	268294	n/a
524.02734375	n/a	0.0	1	268302	n/a
524.044921875	n/a	1.0	2	268311	n/a
524.060546875	n/a	1.0	2	268319	n/a
524.078125	n/a	0.0	1	268328	n/a
524.09375	n/a	0.0	1	268336	n/a
524.111328125	n/a	1.0	2	268345	n/a
524.126953125	n/a	0.0	1	268353	n/a
524.14453125	n/a	1.0	2	268362	n/a
524.16015625	n/a	1.0	2	268370	n/a
524.177734375	n/a	0.0	1	268379	n/a
524.193359375	n/a	1.0	2	268387	n/a
524.2109375	n/a	0.0	1	268396	n/a
524.2265625	n/a	0.0	1	268404	n/a
524.244140625	n/a	1.0	2	268413	n/a
524.26171875	n/a	0.0	1	268422	n/a
524.27734375	n/a	1.0	2	268430	n/a
524.294921875	n/a	0.0	1	268439	n/a
524.310546875	n/a	1.0	2	268447	n/a
524.328125	n/a	1.0	2	268456	n/a
524.34375	n/a	0.0	1	268464	n/a
524.361328125	n/a	1.0	2	268473	n/a
524.376953125	n/a	0.0	1	268481	n/a
524.39453125	n/a	0.0	1	268490	n/a
524.41015625	n/a	1.0	2	268498	n/a
524.427734375	n/a	1.0	2	268507	n/a
524.443359375	n/a	0.0	1	268515	n/a
524.4609375	n/a	1.0	2	268524	n/a
524.4765625	n/a	0.0	1	268532	n/a
524.494140625	n/a	1.0	2	268541	n/a
524.51171875	n/a	0.0	1	268550	n/a
524.52734375	n/a	0.0	1	268558	n/a
524.544921875	n/a	1.0	2	268567	n/a
524.560546875	n/a	0.0	1	268575	n/a
524.578125	n/a	1.0	2	268584	n/a
524.59375	n/a	0.0	1	268592	n/a
524.611328125	n/a	1.0	2	268601	n/a
524.626953125	n/a	1.0	2	268609	n/a
524.64453125	n/a	0.0	1	268618	n/a
524.66015625	n/a	0.0	1	268626	n/a
524.677734375	n/a	1.0	2	268635	n/a
524.693359375	n/a	1.0	2	268643	n/a
524.7109375	n/a	0.0	1	268652	n/a
524.7265625	n/a	0.0	1	268660	n/a
524.744140625	n/a	1.0	2	268669	n/a
524.76171875	n/a	0.0	1	268678	n/a
524.77734375	n/a	1.0	2	268686	n/a
524.794921875	n/a	1.0	2	268695	n/a
524.810546875	n/a	0.0	1	268703	n/a
524.828125	n/a	1.0	2	268712	n/a
524.84375	n/a	0.0	1	268720	n/a
524.861328125	n/a	1.0	2	268729	n/a
524.876953125	n/a	0.0	1	268737	n/a
524.89453125	n/a	0.0	1	268746	n/a
524.91015625	n/a	1.0	2	268754	n/a
524.927734375	n/a	1.0	2	268763	n/a
524.943359375	n/a	0.0	1	268771	n/a
524.9609375	n/a	1.0	2	268780	n/a
524.9765625	n/a	0.0	1	268788	n/a
524.994140625	n/a	1.0	2	268797	n/a
525.01171875	n/a	0.0	1	268806	n/a
525.02734375	n/a	0.0	1	268814	n/a
525.044921875	n/a	1.0	2	268823	n/a
525.060546875	n/a	0.0	1	268831	n/a
525.078125	n/a	1.0	2	268840	n/a
525.09375	n/a	0.0	1	268848	n/a
525.111328125	n/a	1.0	2	268857	n/a
525.126953125	n/a	1.0	2	268865	n/a
525.14453125	n/a	0.0	1	268874	n/a
525.16015625	n/a	1.0	2	268882	n/a
525.177734375	n/a	0.0	1	268891	n/a
525.193359375	n/a	0.0	1	268899	n/a
525.2109375	n/a	1.0	2	268908	n/a
525.2265625	n/a	0.0	1	268916	n/a
525.244140625	n/a	1.0	2	268925	n/a
525.26171875	n/a	1.0	2	268934	n/a
525.27734375	n/a	0.0	1	268942	n/a
525.294921875	n/a	0.0	1	268951	n/a
525.310546875	n/a	1.0	2	268959	n/a
525.328125	n/a	0.0	1	268968	n/a
525.34375	n/a	1.0	2	268976	n/a
525.361328125	n/a	0.0	1	268985	n/a
525.376953125	n/a	1.0	2	268993	n/a
525.39453125	n/a	0.0	1	269002	n/a
525.41015625	n/a	1.0	2	269010	n/a
525.427734375	n/a	0.0	1	269019	n/a
525.443359375	n/a	1.0	2	269027	n/a
525.4609375	n/a	1.0	2	269036	n/a
525.4765625	n/a	0.0	1	269044	n/a
525.494140625	n/a	1.0	2	269053	n/a
525.51171875	n/a	0.0	1	269062	n/a
525.52734375	n/a	1.0	2	269070	n/a
525.544921875	n/a	0.0	1	269079	n/a
525.560546875	n/a	0.0	1	269087	n/a
525.578125	n/a	1.0	2	269096	n/a
525.59375	n/a	1.0	2	269104	n/a
525.611328125	n/a	0.0	1	269113	n/a
525.626953125	n/a	1.0	2	269121	n/a
525.64453125	n/a	0.0	1	269130	n/a
525.66015625	n/a	1.0	2	269138	n/a
525.677734375	n/a	0.0	1	269147	n/a
525.693359375	n/a	1.0	2	269155	n/a
525.7109375	n/a	0.0	1	269164	n/a
525.7265625	n/a	1.0	2	269172	n/a
525.744140625	n/a	0.0	1	269181	n/a
525.76171875	n/a	1.0	2	269190	n/a
525.77734375	n/a	0.0	1	269198	n/a
525.794921875	n/a	0.0	1	269207	n/a
525.810546875	n/a	1.0	2	269215	n/a
525.828125	n/a	0.0	1	269224	n/a
525.84375	n/a	1.0	2	269232	n/a
525.861328125	n/a	0.0	1	269241	n/a
525.876953125	n/a	1.0	2	269249	n/a
525.89453125	n/a	1.0	2	269258	n/a
525.91015625	n/a	0.0	1	269266	n/a
525.927734375	n/a	0.0	1	269275	n/a
525.943359375	n/a	1.0	2	269283	n/a
525.9609375	n/a	1.0	2	269292	n/a
525.9765625	n/a	0.0	1	269300	n/a
525.994140625	n/a	0.0	1	269309	n/a
526.01171875	n/a	1.0	2	269318	n/a
526.02734375	n/a	1.0	2	269326	n/a
526.044921875	n/a	0.0	1	269335	n/a
526.060546875	n/a	0.0	1	269343	n/a
526.078125	n/a	1.0	2	269352	n/a
526.09375	n/a	1.0	2	269360	n/a
526.111328125	n/a	0.0	1	269369	n/a
526.126953125	n/a	0.0	1	269377	n/a
526.14453125	n/a	1.0	2	269386	n/a
526.16015625	n/a	1.0	2	269394	n/a
526.177734375	n/a	0.0	1	269403	n/a
526.193359375	n/a	0.0	1	269411	n/a
526.2109375	n/a	1.0	2	269420	n/a
526.2265625	n/a	0.0	1	269428	n/a
526.244140625	n/a	1.0	2	269437	n/a
526.26171875	n/a	1.0	2	269446	n/a
526.27734375	n/a	0.0	1	269454	n/a
526.294921875	n/a	1.0	2	269463	n/a
526.310546875	n/a	0.0	1	269471	n/a
526.328125	n/a	0.0	1	269480	n/a
526.34375	n/a	1.0	2	269488	n/a
526.361328125	n/a	0.0	1	269497	n/a
526.376953125	n/a	1.0	2	269505	n/a
526.39453125	n/a	0.0	1	269514	n/a
526.41015625	n/a	1.0	2	269522	n/a
526.427734375	n/a	1.0	2	269531	n/a
526.443359375	n/a	0.0	1	269539	n/a
526.4609375	n/a	1.0	2	269548	n/a
526.4765625	n/a	0.0	1	269556	n/a
526.494140625	n/a	0.0	1	269565	n/a
526.51171875	n/a	1.0	2	269574	n/a
526.52734375	n/a	1.0	2	269582	n/a
526.544921875	n/a	0.0	1	269591	n/a
526.560546875	n/a	1.0	2	269599	n/a
526.578125	n/a	0.0	1	269608	n/a
526.59375	n/a	1.0	2	269616	n/a
526.611328125	n/a	0.0	1	269625	n/a
526.626953125	n/a	0.0	1	269633	n/a
526.64453125	n/a	1.0	2	269642	n/a
526.66015625	n/a	0.0	1	269650	n/a
526.677734375	n/a	1.0	2	269659	n/a
526.693359375	n/a	0.0	1	269667	n/a
526.7109375	n/a	1.0	2	269676	n/a
526.7265625	n/a	1.0	2	269684	n/a
526.744140625	n/a	0.0	1	269693	n/a
526.76171875	n/a	0.0	1	269702	n/a
526.77734375	n/a	1.0	2	269710	n/a
526.794921875	n/a	1.0	2	269719	n/a
526.810546875	n/a	0.0	1	269727	n/a
526.828125	n/a	0.0	1	269736	n/a
526.84375	n/a	1.0	2	269744	n/a
526.861328125	n/a	0.0	1	269753	n/a
526.876953125	n/a	1.0	2	269761	n/a
526.89453125	n/a	1.0	2	269770	n/a
526.91015625	n/a	0.0	1	269778	n/a
526.927734375	n/a	1.0	2	269787	n/a
526.943359375	n/a	0.0	1	269795	n/a
526.9609375	n/a	1.0	2	269804	n/a
526.9765625	n/a	0.0	1	269812	n/a
526.994140625	n/a	0.0	1	269821	n/a
527.01171875	n/a	1.0	2	269830	n/a
527.02734375	n/a	1.0	2	269838	n/a
527.044921875	n/a	0.0	1	269847	n/a
527.060546875	n/a	1.0	2	269855	n/a
527.078125	n/a	0.0	1	269864	n/a
527.09375	n/a	1.0	2	269872	n/a
527.111328125	n/a	0.0	1	269881	n/a
527.126953125	n/a	0.0	1	269889	n/a
527.14453125	n/a	1.0	2	269898	n/a
527.16015625	n/a	0.0	1	269906	n/a
527.177734375	n/a	1.0	2	269915	n/a
527.193359375	n/a	0.0	1	269923	n/a
527.2109375	n/a	1.0	2	269932	n/a
527.2265625	n/a	1.0	2	269940	n/a
527.244140625	n/a	0.0	1	269949	n/a
527.26171875	n/a	1.0	2	269958	n/a
527.27734375	n/a	0.0	1	269966	n/a
527.294921875	n/a	0.0	1	269975	n/a
527.310546875	n/a	1.0	2	269983	n/a
527.328125	n/a	0.0	1	269992	n/a
527.34375	n/a	1.0	2	270000	n/a
527.361328125	n/a	1.0	2	270009	n/a
527.376953125	n/a	0.0	1	270017	n/a
527.39453125	n/a	0.0	1	270026	n/a
527.41015625	n/a	1.0	2	270034	n/a
527.427734375	n/a	0.0	1	270043	n/a
527.443359375	n/a	1.0	2	270051	n/a
527.4609375	n/a	0.0	1	270060	n/a
527.4765625	n/a	1.0	2	270068	n/a
527.494140625	n/a	0.0	1	270077	n/a
527.51171875	n/a	1.0	2	270086	n/a
527.52734375	n/a	0.0	1	270094	n/a
527.544921875	n/a	1.0	2	270103	n/a
527.560546875	n/a	1.0	2	270111	n/a
527.578125	n/a	0.0	1	270120	n/a
527.59375	n/a	1.0	2	270128	n/a
527.611328125	n/a	0.0	1	270137	n/a
527.626953125	n/a	1.0	2	270145	n/a
527.64453125	n/a	0.0	1	270154	n/a
527.66015625	n/a	0.0	1	270162	n/a
527.677734375	n/a	1.0	2	270171	n/a
527.693359375	n/a	1.0	2	270179	n/a
527.7109375	n/a	0.0	1	270188	n/a
527.7265625	n/a	1.0	2	270196	n/a
527.744140625	n/a	0.0	1	270205	n/a
527.76171875	n/a	1.0	2	270214	n/a
527.77734375	n/a	0.0	1	270222	n/a
527.794921875	n/a	1.0	2	270231	n/a
527.810546875	n/a	0.0	1	270239	n/a
527.828125	n/a	1.0	2	270248	n/a
527.84375	n/a	0.0	1	270256	n/a
527.861328125	n/a	1.0	2	270265	n/a
527.876953125	n/a	0.0	1	270273	n/a
527.89453125	n/a	0.0	1	270282	n/a
527.91015625	n/a	1.0	2	270290	n/a
527.927734375	n/a	0.0	1	270299	n/a
527.943359375	n/a	1.0	2	270307	n/a
527.9609375	n/a	0.0	1	270316	n/a
527.9765625	n/a	1.0	2	270324	n/a
527.994140625	n/a	1.0	2	270333	n/a
528.01171875	n/a	0.0	1	270342	n/a
528.02734375	n/a	0.0	1	270350	n/a
528.044921875	n/a	1.0	2	270359	n/a
528.060546875	n/a	1.0	2	270367	n/a
528.078125	n/a	0.0	1	270376	n/a
528.09375	n/a	0.0	1	270384	n/a
528.111328125	n/a	1.0	2	270393	n/a
528.126953125	n/a	1.0	2	270401	n/a
528.14453125	n/a	0.0	1	270410	n/a
528.16015625	n/a	0.0	1	270418	n/a
528.177734375	n/a	1.0	2	270427	n/a
528.193359375	n/a	1.0	2	270435	n/a
528.2109375	n/a	0.0	1	270444	n/a
528.2265625	n/a	0.0	1	270452	n/a
528.244140625	n/a	1.0	2	270461	n/a
528.26171875	n/a	1.0	2	270470	n/a
528.27734375	n/a	0.0	1	270478	n/a
528.294921875	n/a	0.0	1	270487	n/a
528.310546875	n/a	1.0	2	270495	n/a
528.328125	n/a	0.0	1	270504	n/a
528.34375	n/a	1.0	2	270512	n/a
528.361328125	n/a	1.0	2	270521	n/a
528.376953125	n/a	0.0	1	270529	n/a
528.39453125	n/a	1.0	2	270538	n/a
528.41015625	n/a	0.0	1	270546	n/a
528.427734375	n/a	0.0	1	270555	n/a
528.443359375	n/a	1.0	2	270563	n/a
528.4609375	n/a	0.0	1	270572	n/a
528.4765625	n/a	1.0	2	270580	n/a
528.494140625	n/a	0.0	1	270589	n/a
528.51171875	n/a	1.0	2	270598	n/a
528.52734375	n/a	1.0	2	270606	n/a
528.544921875	n/a	0.0	1	270615	n/a
528.560546875	n/a	1.0	2	270623	n/a
528.578125	n/a	0.0	1	270632	n/a
528.59375	n/a	0.0	1	270640	n/a
528.611328125	n/a	1.0	2	270649	n/a
528.626953125	n/a	1.0	2	270657	n/a
528.64453125	n/a	0.0	1	270666	n/a
528.66015625	n/a	1.0	2	270674	n/a
528.677734375	n/a	0.0	1	270683	n/a
528.693359375	n/a	1.0	2	270691	n/a
528.7109375	n/a	0.0	1	270700	n/a
528.7265625	n/a	0.0	1	270708	n/a
528.744140625	n/a	1.0	2	270717	n/a
528.76171875	n/a	0.0	1	270726	n/a
528.77734375	n/a	1.0	2	270734	n/a
528.794921875	n/a	0.0	1	270743	n/a
528.810546875	n/a	1.0	2	270751	n/a
528.828125	n/a	1.0	2	270760	n/a
528.84375	n/a	0.0	1	270768	n/a
528.861328125	n/a	0.0	1	270777	n/a
528.876953125	n/a	1.0	2	270785	n/a
528.89453125	n/a	1.0	2	270794	n/a
528.91015625	n/a	0.0	1	270802	n/a
528.927734375	n/a	0.0	1	270811	n/a
528.943359375	n/a	1.0	2	270819	n/a
528.9609375	n/a	0.0	1	270828	n/a
528.9765625	n/a	1.0	2	270836	n/a
528.994140625	n/a	1.0	2	270845	n/a
529.01171875	n/a	0.0	1	270854	n/a
529.02734375	n/a	1.0	2	270862	n/a
529.044921875	n/a	0.0	1	270871	n/a
529.060546875	n/a	1.0	2	270879	n/a
529.078125	n/a	0.0	1	270888	n/a
529.09375	n/a	0.0	1	270896	n/a
529.111328125	n/a	1.0	2	270905	n/a
529.126953125	n/a	1.0	2	270913	n/a
529.14453125	n/a	0.0	1	270922	n/a
529.16015625	n/a	1.0	2	270930	n/a
529.177734375	n/a	0.0	1	270939	n/a
529.193359375	n/a	1.0	2	270947	n/a
529.2109375	n/a	0.0	1	270956	n/a
529.2265625	n/a	0.0	1	270964	n/a
529.244140625	n/a	1.0	2	270973	n/a
529.26171875	n/a	0.0	1	270982	n/a
529.27734375	n/a	1.0	2	270990	n/a
529.294921875	n/a	0.0	1	270999	n/a
529.310546875	n/a	1.0	2	271007	n/a
529.328125	n/a	1.0	2	271016	n/a
529.34375	n/a	0.0	1	271024	n/a
529.361328125	n/a	1.0	2	271033	n/a
529.376953125	n/a	0.0	1	271041	n/a
529.39453125	n/a	0.0	1	271050	n/a
529.41015625	n/a	1.0	2	271058	n/a
529.427734375	n/a	0.0	1	271067	n/a
529.443359375	n/a	1.0	2	271075	n/a
529.4609375	n/a	1.0	2	271084	n/a
529.4765625	n/a	0.0	1	271092	n/a
529.494140625	n/a	0.0	1	271101	n/a
529.51171875	n/a	1.0	2	271110	n/a
529.52734375	n/a	0.0	1	271118	n/a
529.544921875	n/a	1.0	2	271127	n/a
529.560546875	n/a	0.0	1	271135	n/a
529.578125	n/a	1.0	2	271144	n/a
529.59375	n/a	0.0	1	271152	n/a
529.611328125	n/a	1.0	2	271161	n/a
529.626953125	n/a	0.0	1	271169	n/a
529.64453125	n/a	1.0	2	271178	n/a
529.66015625	n/a	1.0	2	271186	n/a
529.677734375	n/a	0.0	1	271195	n/a
529.693359375	n/a	1.0	2	271203	n/a
529.7109375	n/a	0.0	1	271212	n/a
529.7265625	n/a	1.0	2	271220	n/a
529.744140625	n/a	0.0	1	271229	n/a
529.76171875	n/a	0.0	1	271238	n/a
529.77734375	n/a	1.0	2	271246	n/a
529.794921875	n/a	1.0	2	271255	n/a
529.810546875	n/a	0.0	1	271263	n/a
529.828125	n/a	1.0	2	271272	n/a
529.84375	n/a	0.0	1	271280	n/a
529.861328125	n/a	1.0	2	271289	n/a
529.876953125	n/a	0.0	1	271297	n/a
529.89453125	n/a	1.0	2	271306	n/a
529.91015625	n/a	0.0	1	271314	n/a
529.927734375	n/a	1.0	2	271323	n/a
529.943359375	n/a	0.0	1	271331	n/a
529.9609375	n/a	1.0	2	271340	n/a
529.9765625	n/a	0.0	1	271348	n/a
529.994140625	n/a	0.0	1	271357	n/a
530.01171875	n/a	1.0	2	271366	n/a
530.02734375	n/a	0.0	1	271374	n/a
530.044921875	n/a	1.0	2	271383	n/a
530.060546875	n/a	0.0	1	271391	n/a
530.078125	n/a	1.0	2	271400	n/a
530.09375	n/a	1.0	2	271408	n/a
530.111328125	n/a	0.0	1	271417	n/a
530.126953125	n/a	0.0	1	271425	n/a
530.14453125	n/a	1.0	2	271434	n/a
530.16015625	n/a	1.0	2	271442	n/a
530.177734375	n/a	0.0	1	271451	n/a
530.193359375	n/a	0.0	1	271459	n/a
530.2109375	n/a	1.0	2	271468	n/a
530.2265625	n/a	1.0	2	271476	n/a
530.244140625	n/a	0.0	1	271485	n/a
530.26171875	n/a	0.0	1	271494	n/a
530.27734375	n/a	1.0	2	271502	n/a
530.294921875	n/a	1.0	2	271511	n/a
530.310546875	n/a	0.0	1	271519	n/a
530.328125	n/a	0.0	1	271528	n/a
530.34375	n/a	1.0	2	271536	n/a
530.361328125	n/a	1.0	2	271545	n/a
530.376953125	n/a	0.0	1	271553	n/a
530.39453125	n/a	0.0	1	271562	n/a
530.41015625	n/a	1.0	2	271570	n/a
530.427734375	n/a	0.0	1	271579	n/a
530.443359375	n/a	1.0	2	271587	n/a
530.4609375	n/a	1.0	2	271596	n/a
530.4765625	n/a	0.0	1	271604	n/a
530.494140625	n/a	1.0	2	271613	n/a
530.51171875	n/a	0.0	1	271622	n/a
530.52734375	n/a	0.0	1	271630	n/a
530.544921875	n/a	1.0	2	271639	n/a
530.560546875	n/a	0.0	1	271647	n/a
530.578125	n/a	1.0	2	271656	n/a
530.59375	n/a	0.0	1	271664	n/a
530.611328125	n/a	1.0	2	271673	n/a
530.626953125	n/a	1.0	2	271681	n/a
530.64453125	n/a	0.0	1	271690	n/a
530.66015625	n/a	1.0	2	271698	n/a
530.677734375	n/a	0.0	1	271707	n/a
530.693359375	n/a	0.0	1	271715	n/a
530.7109375	n/a	1.0	2	271724	n/a
530.7265625	n/a	1.0	2	271732	n/a
530.744140625	n/a	0.0	1	271741	n/a
530.76171875	n/a	1.0	2	271750	n/a
530.77734375	n/a	0.0	1	271758	n/a
530.794921875	n/a	1.0	2	271767	n/a
530.810546875	n/a	0.0	1	271775	n/a
530.828125	n/a	0.0	1	271784	n/a
530.84375	n/a	1.0	2	271792	n/a
530.861328125	n/a	0.0	1	271801	n/a
530.876953125	n/a	1.0	2	271809	n/a
530.89453125	n/a	0.0	1	271818	n/a
530.91015625	n/a	1.0	2	271826	n/a
530.927734375	n/a	1.0	2	271835	n/a
530.943359375	n/a	0.0	1	271843	n/a
530.9609375	n/a	0.0	1	271852	n/a
530.9765625	n/a	1.0	2	271860	n/a
530.994140625	n/a	1.0	2	271869	n/a
531.01171875	n/a	0.0	1	271878	n/a
531.02734375	n/a	0.0	1	271886	n/a
531.044921875	n/a	1.0	2	271895	n/a
531.060546875	n/a	0.0	1	271903	n/a
531.078125	n/a	1.0	2	271912	n/a
531.09375	n/a	1.0	2	271920	n/a
531.111328125	n/a	0.0	1	271929	n/a
531.126953125	n/a	1.0	2	271937	n/a
531.14453125	n/a	0.0	1	271946	n/a
531.16015625	n/a	1.0	2	271954	n/a
531.177734375	n/a	0.0	1	271963	n/a
531.193359375	n/a	0.0	1	271971	n/a
531.2109375	n/a	1.0	2	271980	n/a
531.2265625	n/a	1.0	2	271988	n/a
531.244140625	n/a	0.0	1	271997	n/a
531.26171875	n/a	1.0	2	272006	n/a
531.27734375	n/a	0.0	1	272014	n/a
531.294921875	n/a	1.0	2	272023	n/a
531.310546875	n/a	0.0	1	272031	n/a
531.328125	n/a	0.0	1	272040	n/a
531.34375	n/a	1.0	2	272048	n/a
531.361328125	n/a	0.0	1	272057	n/a
531.376953125	n/a	1.0	2	272065	n/a
531.39453125	n/a	0.0	1	272074	n/a
531.41015625	n/a	1.0	2	272082	n/a
531.427734375	n/a	1.0	2	272091	n/a
531.443359375	n/a	0.0	1	272099	n/a
531.4609375	n/a	1.0	2	272108	n/a
531.4765625	n/a	0.0	1	272116	n/a
531.494140625	n/a	0.0	1	272125	n/a
531.51171875	n/a	1.0	2	272134	n/a
531.52734375	n/a	0.0	1	272142	n/a
531.544921875	n/a	1.0	2	272151	n/a
531.560546875	n/a	1.0	2	272159	n/a
531.578125	n/a	0.0	1	272168	n/a
531.59375	n/a	0.0	1	272176	n/a
531.611328125	n/a	1.0	2	272185	n/a
531.626953125	n/a	0.0	1	272193	n/a
531.64453125	n/a	1.0	2	272202	n/a
531.66015625	n/a	0.0	1	272210	n/a
531.677734375	n/a	1.0	2	272219	n/a
531.693359375	n/a	0.0	1	272227	n/a
531.7109375	n/a	1.0	2	272236	n/a
531.7265625	n/a	0.0	1	272244	n/a
531.744140625	n/a	1.0	2	272253	n/a
531.76171875	n/a	1.0	2	272262	n/a
531.77734375	n/a	0.0	1	272270	n/a
531.794921875	n/a	1.0	2	272279	n/a
531.810546875	n/a	0.0	1	272287	n/a
531.828125	n/a	1.0	2	272296	n/a
531.84375	n/a	0.0	1	272304	n/a
531.861328125	n/a	0.0	1	272313	n/a
531.876953125	n/a	1.0	2	272321	n/a
531.89453125	n/a	1.0	2	272330	n/a
531.91015625	n/a	0.0	1	272338	n/a
531.927734375	n/a	1.0	2	272347	n/a
531.943359375	n/a	0.0	1	272355	n/a
531.9609375	n/a	1.0	2	272364	n/a
531.9765625	n/a	0.0	1	272372	n/a
531.994140625	n/a	1.0	2	272381	n/a
532.01171875	n/a	0.0	1	272390	n/a
532.02734375	n/a	1.0	2	272398	n/a
532.044921875	n/a	0.0	1	272407	n/a
532.060546875	n/a	1.0	2	272415	n/a
532.078125	n/a	0.0	1	272424	n/a
532.09375	n/a	0.0	1	272432	n/a
532.111328125	n/a	1.0	2	272441	n/a
532.126953125	n/a	0.0	1	272449	n/a
532.14453125	n/a	1.0	2	272458	n/a
532.16015625	n/a	0.0	1	272466	n/a
532.177734375	n/a	1.0	2	272475	n/a
532.193359375	n/a	1.0	2	272483	n/a
532.2109375	n/a	0.0	1	272492	n/a
532.2265625	n/a	0.0	1	272500	n/a
532.244140625	n/a	1.0	2	272509	n/a
532.26171875	n/a	1.0	2	272518	n/a
532.27734375	n/a	0.0	1	272526	n/a
532.294921875	n/a	0.0	1	272535	n/a
532.310546875	n/a	1.0	2	272543	n/a
532.328125	n/a	1.0	2	272552	n/a
532.34375	n/a	0.0	1	272560	n/a
532.361328125	n/a	0.0	1	272569	n/a
532.376953125	n/a	1.0	2	272577	n/a
532.39453125	n/a	1.0	2	272586	n/a
532.41015625	n/a	0.0	1	272594	n/a
532.427734375	n/a	0.0	1	272603	n/a
532.443359375	n/a	1.0	2	272611	n/a
532.4609375	n/a	1.0	2	272620	n/a
532.4765625	n/a	0.0	1	272628	n/a
532.494140625	n/a	0.0	1	272637	n/a
532.51171875	n/a	1.0	2	272646	n/a
532.52734375	n/a	0.0	1	272654	n/a
532.544921875	n/a	1.0	2	272663	n/a
532.560546875	n/a	1.0	2	272671	n/a
532.578125	n/a	0.0	1	272680	n/a
532.59375	n/a	1.0	2	272688	n/a
532.611328125	n/a	0.0	1	272697	n/a
532.626953125	n/a	0.0	1	272705	n/a
532.64453125	n/a	1.0	2	272714	n/a
532.66015625	n/a	0.0	1	272722	n/a
532.677734375	n/a	1.0	2	272731	n/a
532.693359375	n/a	0.0	1	272739	n/a
532.7109375	n/a	1.0	2	272748	n/a
532.7265625	n/a	1.0	2	272756	n/a
532.744140625	n/a	0.0	1	272765	n/a
532.76171875	n/a	1.0	2	272774	n/a
532.77734375	n/a	0.0	1	272782	n/a
532.794921875	n/a	0.0	1	272791	n/a
532.810546875	n/a	1.0	2	272799	n/a
532.828125	n/a	1.0	2	272808	n/a
532.84375	n/a	0.0	1	272816	n/a
532.861328125	n/a	1.0	2	272825	n/a
532.876953125	n/a	0.0	1	272833	n/a
532.89453125	n/a	1.0	2	272842	n/a
532.91015625	n/a	0.0	1	272850	n/a
532.927734375	n/a	0.0	1	272859	n/a
532.943359375	n/a	1.0	2	272867	n/a
532.9609375	n/a	0.0	1	272876	n/a
532.9765625	n/a	1.0	2	272884	n/a
532.994140625	n/a	0.0	1	272893	n/a
533.01171875	n/a	1.0	2	272902	n/a
533.02734375	n/a	1.0	2	272910	n/a
533.044921875	n/a	0.0	1	272919	n/a
533.060546875	n/a	0.0	1	272927	n/a
533.078125	n/a	1.0	2	272936	n/a
533.09375	n/a	1.0	2	272944	n/a
533.111328125	n/a	0.0	1	272953	n/a
533.126953125	n/a	0.0	1	272961	n/a
533.14453125	n/a	1.0	2	272970	n/a
533.16015625	n/a	0.0	1	272978	n/a
533.177734375	n/a	1.0	2	272987	n/a
533.193359375	n/a	1.0	2	272995	n/a
533.2109375	n/a	0.0	1	273004	n/a
533.2265625	n/a	1.0	2	273012	n/a
533.244140625	n/a	0.0	1	273021	n/a
533.26171875	n/a	1.0	2	273030	n/a
533.27734375	n/a	0.0	1	273038	n/a
533.294921875	n/a	0.0	1	273047	n/a
533.310546875	n/a	1.0	2	273055	n/a
533.328125	n/a	1.0	2	273064	n/a
533.34375	n/a	0.0	1	273072	n/a
533.361328125	n/a	1.0	2	273081	n/a
533.376953125	n/a	0.0	1	273089	n/a
533.39453125	n/a	1.0	2	273098	n/a
533.41015625	n/a	0.0	1	273106	n/a
533.427734375	n/a	0.0	1	273115	n/a
533.443359375	n/a	1.0	2	273123	n/a
533.4609375	n/a	0.0	1	273132	n/a
533.4765625	n/a	1.0	2	273140	n/a
533.494140625	n/a	0.0	1	273149	n/a
533.51171875	n/a	1.0	2	273158	n/a
533.52734375	n/a	1.0	2	273166	n/a
533.544921875	n/a	0.0	1	273175	n/a
533.560546875	n/a	1.0	2	273183	n/a
533.578125	n/a	0.0	1	273192	n/a
533.59375	n/a	0.0	1	273200	n/a
533.611328125	n/a	1.0	2	273209	n/a
533.626953125	n/a	0.0	1	273217	n/a
533.64453125	n/a	1.0	2	273226	n/a
533.66015625	n/a	1.0	2	273234	n/a
533.677734375	n/a	0.0	1	273243	n/a
533.693359375	n/a	0.0	1	273251	n/a
533.7109375	n/a	1.0	2	273260	n/a
533.7265625	n/a	0.0	1	273268	n/a
533.744140625	n/a	1.0	2	273277	n/a
533.76171875	n/a	0.0	1	273286	n/a
533.77734375	n/a	1.0	2	273294	n/a
533.794921875	n/a	0.0	1	273303	n/a
533.810546875	n/a	1.0	2	273311	n/a
533.828125	n/a	0.0	1	273320	n/a
533.84375	n/a	1.0	2	273328	n/a
533.861328125	n/a	1.0	2	273337	n/a
533.876953125	n/a	0.0	1	273345	n/a
533.89453125	n/a	1.0	2	273354	n/a
533.91015625	n/a	0.0	1	273362	n/a
533.927734375	n/a	1.0	2	273371	n/a
533.943359375	n/a	0.0	1	273379	n/a
533.9609375	n/a	0.0	1	273388	n/a
533.9765625	n/a	1.0	2	273396	n/a
533.994140625	n/a	1.0	2	273405	n/a
534.01171875	n/a	0.0	1	273414	n/a
534.02734375	n/a	1.0	2	273422	n/a
534.044921875	n/a	0.0	1	273431	n/a
534.060546875	n/a	1.0	2	273439	n/a
534.078125	n/a	0.0	1	273448	n/a
534.09375	n/a	1.0	2	273456	n/a
534.111328125	n/a	0.0	1	273465	n/a
534.126953125	n/a	1.0	2	273473	n/a
534.14453125	n/a	0.0	1	273482	n/a
534.16015625	n/a	1.0	2	273490	n/a
534.177734375	n/a	0.0	1	273499	n/a
534.193359375	n/a	0.0	1	273507	n/a
534.2109375	n/a	1.0	2	273516	n/a
534.2265625	n/a	0.0	1	273524	n/a
534.244140625	n/a	1.0	2	273533	n/a
534.26171875	n/a	0.0	1	273542	n/a
534.27734375	n/a	1.0	2	273550	n/a
534.294921875	n/a	1.0	2	273559	n/a
534.310546875	n/a	0.0	1	273567	n/a
534.328125	n/a	0.0	1	273576	n/a
534.34375	n/a	1.0	2	273584	n/a
534.361328125	n/a	1.0	2	273593	n/a
534.376953125	n/a	0.0	1	273601	n/a
534.39453125	n/a	0.0	1	273610	n/a
534.41015625	n/a	1.0	2	273618	n/a
534.427734375	n/a	1.0	2	273627	n/a
534.443359375	n/a	0.0	1	273635	n/a
534.4609375	n/a	0.0	1	273644	n/a
534.4765625	n/a	1.0	2	273652	n/a
534.494140625	n/a	1.0	2	273661	n/a
534.51171875	n/a	0.0	1	273670	n/a
534.52734375	n/a	0.0	1	273678	n/a
534.544921875	n/a	1.0	2	273687	n/a
534.560546875	n/a	1.0	2	273695	n/a
534.578125	n/a	0.0	1	273704	n/a
534.59375	n/a	0.0	1	273712	n/a
534.611328125	n/a	1.0	2	273721	n/a
534.626953125	n/a	0.0	1	273729	n/a
534.64453125	n/a	1.0	2	273738	n/a
534.66015625	n/a	1.0	2	273746	n/a
534.677734375	n/a	0.0	1	273755	n/a
534.693359375	n/a	1.0	2	273763	n/a
534.7109375	n/a	0.0	1	273772	n/a
534.7265625	n/a	0.0	1	273780	n/a
534.744140625	n/a	1.0	2	273789	n/a
534.76171875	n/a	0.0	1	273798	n/a
534.77734375	n/a	1.0	2	273806	n/a
534.794921875	n/a	0.0	1	273815	n/a
534.810546875	n/a	1.0	2	273823	n/a
534.828125	n/a	1.0	2	273832	n/a
534.84375	n/a	0.0	1	273840	n/a
534.861328125	n/a	1.0	2	273849	n/a
534.876953125	n/a	0.0	1	273857	n/a
534.89453125	n/a	0.0	1	273866	n/a
534.91015625	n/a	1.0	2	273874	n/a
534.927734375	n/a	1.0	2	273883	n/a
534.943359375	n/a	0.0	1	273891	n/a
534.9609375	n/a	1.0	2	273900	n/a
534.9765625	n/a	0.0	1	273908	n/a
536.263671875	n/a	1.0	2	274567	12.0
536.28125	n/a	0.0	1	274576	n/a
536.296875	n/a	1.0	2	274584	n/a
536.314453125	n/a	0.0	1	274593	n/a
536.330078125	n/a	1.0	2	274601	n/a
536.34765625	n/a	0.0	1	274610	n/a
536.36328125	n/a	1.0	2	274618	n/a
536.380859375	n/a	0.0	1	274627	n/a
536.396484375	n/a	0.0	1	274635	n/a
536.4140625	n/a	1.0	2	274644	n/a
536.4296875	n/a	1.0	2	274652	n/a
536.447265625	n/a	0.0	1	274661	n/a
536.462890625	n/a	0.0	1	274669	n/a
536.48046875	n/a	1.0	2	274678	n/a
536.49609375	n/a	0.0	1	274686	n/a
536.513671875	n/a	1.0	2	274695	n/a
536.53125	n/a	1.0	2	274704	n/a
536.546875	n/a	0.0	1	274712	n/a
536.564453125	n/a	1.0	2	274721	n/a
536.580078125	n/a	0.0	1	274729	n/a
536.59765625	n/a	0.0	1	274738	n/a
536.61328125	n/a	1.0	2	274746	n/a
536.630859375	n/a	1.0	2	274755	n/a
536.646484375	n/a	0.0	1	274763	n/a
536.6640625	n/a	1.0	2	274772	n/a
536.6796875	n/a	0.0	1	274780	n/a
536.697265625	n/a	0.0	1	274789	n/a
536.712890625	n/a	1.0	2	274797	n/a
536.73046875	n/a	1.0	2	274806	n/a
536.74609375	n/a	0.0	1	274814	n/a
536.763671875	n/a	1.0	2	274823	n/a
536.78125	n/a	0.0	1	274832	n/a
536.796875	n/a	1.0	2	274840	n/a
536.814453125	n/a	0.0	1	274849	n/a
536.830078125	n/a	1.0	2	274857	n/a
536.84765625	n/a	0.0	1	274866	n/a
536.86328125	n/a	0.0	1	274874	n/a
536.880859375	n/a	1.0	2	274883	n/a
536.896484375	n/a	0.0	1	274891	n/a
536.9140625	n/a	1.0	2	274900	n/a
536.9296875	n/a	0.0	1	274908	n/a
536.947265625	n/a	1.0	2	274917	n/a
536.962890625	n/a	1.0	2	274925	n/a
536.98046875	n/a	0.0	1	274934	n/a
536.99609375	n/a	0.0	1	274942	n/a
537.013671875	n/a	1.0	2	274951	n/a
537.03125	n/a	0.0	1	274960	n/a
537.046875	n/a	1.0	2	274968	n/a
537.064453125	n/a	1.0	2	274977	n/a
537.080078125	n/a	0.0	1	274985	n/a
537.09765625	n/a	0.0	1	274994	n/a
537.11328125	n/a	1.0	2	275002	n/a
537.130859375	n/a	1.0	2	275011	n/a
537.146484375	n/a	0.0	1	275019	n/a
537.1640625	n/a	0.0	1	275028	n/a
537.1796875	n/a	1.0	2	275036	n/a
537.197265625	n/a	0.0	1	275045	n/a
537.212890625	n/a	1.0	2	275053	n/a
537.23046875	n/a	0.0	1	275062	n/a
537.24609375	n/a	1.0	2	275070	n/a
537.263671875	n/a	1.0	2	275079	n/a
537.28125	n/a	0.0	1	275088	n/a
537.296875	n/a	1.0	2	275096	n/a
537.314453125	n/a	0.0	1	275105	n/a
537.330078125	n/a	1.0	2	275113	n/a
537.34765625	n/a	0.0	1	275122	n/a
537.36328125	n/a	0.0	1	275130	n/a
537.380859375	n/a	1.0	2	275139	n/a
537.396484375	n/a	0.0	1	275147	n/a
537.4140625	n/a	1.0	2	275156	n/a
537.4296875	n/a	1.0	2	275164	n/a
537.447265625	n/a	0.0	1	275173	n/a
537.462890625	n/a	1.0	2	275181	n/a
537.48046875	n/a	0.0	1	275190	n/a
537.49609375	n/a	1.0	2	275198	n/a
537.513671875	n/a	0.0	1	275207	n/a
537.53125	n/a	0.0	1	275216	n/a
537.546875	n/a	1.0	2	275224	n/a
537.564453125	n/a	0.0	1	275233	n/a
537.580078125	n/a	1.0	2	275241	n/a
537.59765625	n/a	1.0	2	275250	n/a
537.61328125	n/a	0.0	1	275258	n/a
537.630859375	n/a	1.0	2	275267	n/a
537.646484375	n/a	0.0	1	275275	n/a
537.6640625	n/a	0.0	1	275284	n/a
537.6796875	n/a	1.0	2	275292	n/a
537.697265625	n/a	1.0	2	275301	n/a
537.712890625	n/a	0.0	1	275309	n/a
537.73046875	n/a	1.0	2	275318	n/a
537.74609375	n/a	0.0	1	275326	n/a
537.763671875	n/a	0.0	1	275335	n/a
537.78125	n/a	1.0	2	275344	n/a
537.796875	n/a	0.0	1	275352	n/a
537.814453125	n/a	1.0	2	275361	n/a
537.830078125	n/a	0.0	1	275369	n/a
537.84765625	n/a	1.0	2	275378	n/a
537.86328125	n/a	0.0	1	275386	n/a
537.880859375	n/a	1.0	2	275395	n/a
537.896484375	n/a	0.0	1	275403	n/a
537.9140625	n/a	1.0	2	275412	n/a
537.9296875	n/a	1.0	2	275420	n/a
537.947265625	n/a	0.0	1	275429	n/a
537.962890625	n/a	0.0	1	275437	n/a
537.98046875	n/a	1.0	2	275446	n/a
537.99609375	n/a	1.0	2	275454	n/a
538.013671875	n/a	0.0	1	275463	n/a
538.03125	n/a	0.0	1	275472	n/a
538.046875	n/a	1.0	2	275480	n/a
538.064453125	n/a	1.0	2	275489	n/a
538.080078125	n/a	0.0	1	275497	n/a
538.09765625	n/a	0.0	1	275506	n/a
538.11328125	n/a	1.0	2	275514	n/a
538.130859375	n/a	0.0	1	275523	n/a
538.146484375	n/a	1.0	2	275531	n/a
538.1640625	n/a	0.0	1	275540	n/a
538.1796875	n/a	1.0	2	275548	n/a
538.197265625	n/a	0.0	1	275557	n/a
538.212890625	n/a	1.0	2	275565	n/a
538.23046875	n/a	1.0	2	275574	n/a
538.24609375	n/a	0.0	1	275582	n/a
538.263671875	n/a	0.0	1	275591	n/a
538.28125	n/a	1.0	2	275600	n/a
538.296875	n/a	1.0	2	275608	n/a
538.314453125	n/a	0.0	1	275617	n/a
538.330078125	n/a	1.0	2	275625	n/a
538.34765625	n/a	0.0	1	275634	n/a
538.36328125	n/a	1.0	2	275642	n/a
538.380859375	n/a	0.0	1	275651	n/a
538.396484375	n/a	1.0	2	275659	n/a
538.4140625	n/a	0.0	1	275668	n/a
538.4296875	n/a	1.0	2	275676	n/a
538.447265625	n/a	0.0	1	275685	n/a
538.462890625	n/a	1.0	2	275693	n/a
538.48046875	n/a	0.0	1	275702	n/a
538.49609375	n/a	0.0	1	275710	n/a
538.513671875	n/a	1.0	2	275719	n/a
538.53125	n/a	1.0	2	275728	n/a
538.546875	n/a	0.0	1	275736	n/a
538.564453125	n/a	0.0	1	275745	n/a
538.580078125	n/a	1.0	2	275753	n/a
538.59765625	n/a	0.0	1	275762	n/a
538.61328125	n/a	1.0	2	275770	n/a
538.630859375	n/a	1.0	2	275779	n/a
538.646484375	n/a	0.0	1	275787	n/a
538.6640625	n/a	1.0	2	275796	n/a
538.6796875	n/a	0.0	1	275804	n/a
538.697265625	n/a	0.0	1	275813	n/a
538.712890625	n/a	1.0	2	275821	n/a
538.73046875	n/a	1.0	2	275830	n/a
538.74609375	n/a	0.0	1	275838	n/a
538.763671875	n/a	1.0	2	275847	n/a
538.78125	n/a	0.0	1	275856	n/a
538.796875	n/a	0.0	1	275864	n/a
538.814453125	n/a	1.0	2	275873	n/a
538.830078125	n/a	1.0	2	275881	n/a
538.84765625	n/a	0.0	1	275890	n/a
538.86328125	n/a	1.0	2	275898	n/a
538.880859375	n/a	0.0	1	275907	n/a
538.896484375	n/a	1.0	2	275915	n/a
538.9140625	n/a	0.0	1	275924	n/a
538.9296875	n/a	1.0	2	275932	n/a
538.947265625	n/a	0.0	1	275941	n/a
538.962890625	n/a	0.0	1	275949	n/a
538.98046875	n/a	1.0	2	275958	n/a
538.99609375	n/a	0.0	1	275966	n/a
539.013671875	n/a	1.0	2	275975	n/a
539.03125	n/a	0.0	1	275984	n/a
539.046875	n/a	1.0	2	275992	n/a
539.064453125	n/a	1.0	2	276001	n/a
539.080078125	n/a	0.0	1	276009	n/a
539.09765625	n/a	0.0	1	276018	n/a
539.11328125	n/a	1.0	2	276026	n/a
539.130859375	n/a	0.0	1	276035	n/a
539.146484375	n/a	1.0	2	276043	n/a
539.1640625	n/a	1.0	2	276052	n/a
539.1796875	n/a	0.0	1	276060	n/a
539.197265625	n/a	0.0	1	276069	n/a
539.212890625	n/a	1.0	2	276077	n/a
539.23046875	n/a	1.0	2	276086	n/a
539.24609375	n/a	0.0	1	276094	n/a
539.263671875	n/a	0.0	1	276103	n/a
539.28125	n/a	1.0	2	276112	n/a
539.296875	n/a	0.0	1	276120	n/a
539.314453125	n/a	1.0	2	276129	n/a
539.330078125	n/a	0.0	1	276137	n/a
539.34765625	n/a	1.0	2	276146	n/a
539.36328125	n/a	1.0	2	276154	n/a
539.380859375	n/a	0.0	1	276163	n/a
539.396484375	n/a	1.0	2	276171	n/a
539.4140625	n/a	0.0	1	276180	n/a
539.4296875	n/a	1.0	2	276188	n/a
539.447265625	n/a	0.0	1	276197	n/a
539.462890625	n/a	0.0	1	276205	n/a
539.48046875	n/a	1.0	2	276214	n/a
539.49609375	n/a	0.0	1	276222	n/a
539.513671875	n/a	1.0	2	276231	n/a
539.53125	n/a	1.0	2	276240	n/a
539.546875	n/a	0.0	1	276248	n/a
539.564453125	n/a	1.0	2	276257	n/a
539.580078125	n/a	0.0	1	276265	n/a
539.59765625	n/a	1.0	2	276274	n/a
539.61328125	n/a	0.0	1	276282	n/a
539.630859375	n/a	0.0	1	276291	n/a
539.646484375	n/a	1.0	2	276299	n/a
539.6640625	n/a	0.0	1	276308	n/a
539.6796875	n/a	1.0	2	276316	n/a
539.697265625	n/a	1.0	2	276325	n/a
539.712890625	n/a	0.0	1	276333	n/a
539.73046875	n/a	1.0	2	276342	n/a
539.74609375	n/a	0.0	1	276350	n/a
539.763671875	n/a	0.0	1	276359	n/a
539.78125	n/a	1.0	2	276368	n/a
539.796875	n/a	1.0	2	276376	n/a
539.814453125	n/a	0.0	1	276385	n/a
539.830078125	n/a	1.0	2	276393	n/a
539.84765625	n/a	0.0	1	276402	n/a
539.86328125	n/a	0.0	1	276410	n/a
539.880859375	n/a	1.0	2	276419	n/a
539.896484375	n/a	0.0	1	276427	n/a
539.9140625	n/a	1.0	2	276436	n/a
539.9296875	n/a	0.0	1	276444	n/a
539.947265625	n/a	1.0	2	276453	n/a
539.962890625	n/a	0.0	1	276461	n/a
539.98046875	n/a	1.0	2	276470	n/a
539.99609375	n/a	0.0	1	276478	n/a
540.013671875	n/a	1.0	2	276487	n/a
540.03125	n/a	1.0	2	276496	n/a
540.046875	n/a	0.0	1	276504	n/a
540.064453125	n/a	0.0	1	276513	n/a
540.080078125	n/a	1.0	2	276521	n/a
540.09765625	n/a	1.0	2	276530	n/a
540.11328125	n/a	0.0	1	276538	n/a
540.130859375	n/a	0.0	1	276547	n/a
540.146484375	n/a	1.0	2	276555	n/a
540.1640625	n/a	1.0	2	276564	n/a
540.1796875	n/a	0.0	1	276572	n/a
540.197265625	n/a	0.0	1	276581	n/a
540.212890625	n/a	1.0	2	276589	n/a
540.23046875	n/a	0.0	1	276598	n/a
540.24609375	n/a	1.0	2	276606	n/a
540.263671875	n/a	0.0	1	276615	n/a
540.28125	n/a	1.0	2	276624	n/a
540.296875	n/a	0.0	1	276632	n/a
540.314453125	n/a	1.0	2	276641	n/a
540.330078125	n/a	1.0	2	276649	n/a
540.34765625	n/a	0.0	1	276658	n/a
540.36328125	n/a	0.0	1	276666	n/a
540.380859375	n/a	1.0	2	276675	n/a
540.396484375	n/a	1.0	2	276683	n/a
540.4140625	n/a	0.0	1	276692	n/a
540.4296875	n/a	1.0	2	276700	n/a
540.447265625	n/a	0.0	1	276709	n/a
540.462890625	n/a	1.0	2	276717	n/a
540.48046875	n/a	0.0	1	276726	n/a
540.49609375	n/a	1.0	2	276734	n/a
540.513671875	n/a	0.0	1	276743	n/a
540.53125	n/a	1.0	2	276752	n/a
540.546875	n/a	0.0	1	276760	n/a
540.564453125	n/a	1.0	2	276769	n/a
540.580078125	n/a	0.0	1	276777	n/a
540.59765625	n/a	0.0	1	276786	n/a
540.61328125	n/a	1.0	2	276794	n/a
540.630859375	n/a	1.0	2	276803	n/a
540.646484375	n/a	0.0	1	276811	n/a
540.6640625	n/a	0.0	1	276820	n/a
540.6796875	n/a	1.0	2	276828	n/a
540.697265625	n/a	0.0	1	276837	n/a
540.712890625	n/a	1.0	2	276845	n/a
540.73046875	n/a	1.0	2	276854	n/a
540.74609375	n/a	0.0	1	276862	n/a
540.763671875	n/a	1.0	2	276871	n/a
540.78125	n/a	0.0	1	276880	n/a
540.796875	n/a	0.0	1	276888	n/a
540.814453125	n/a	1.0	2	276897	n/a
540.830078125	n/a	1.0	2	276905	n/a
540.84765625	n/a	0.0	1	276914	n/a
540.86328125	n/a	1.0	2	276922	n/a
540.880859375	n/a	0.0	1	276931	n/a
540.896484375	n/a	0.0	1	276939	n/a
540.9140625	n/a	1.0	2	276948	n/a
540.9296875	n/a	1.0	2	276956	n/a
540.947265625	n/a	0.0	1	276965	n/a
540.962890625	n/a	1.0	2	276973	n/a
540.98046875	n/a	0.0	1	276982	n/a
540.99609375	n/a	1.0	2	276990	n/a
541.013671875	n/a	0.0	1	276999	n/a
541.03125	n/a	1.0	2	277008	n/a
541.046875	n/a	0.0	1	277016	n/a
541.064453125	n/a	0.0	1	277025	n/a
541.080078125	n/a	1.0	2	277033	n/a
541.09765625	n/a	0.0	1	277042	n/a
541.11328125	n/a	1.0	2	277050	n/a
541.130859375	n/a	0.0	1	277059	n/a
541.146484375	n/a	1.0	2	277067	n/a
541.1640625	n/a	1.0	2	277076	n/a
541.1796875	n/a	0.0	1	277084	n/a
541.197265625	n/a	0.0	1	277093	n/a
541.212890625	n/a	1.0	2	277101	n/a
541.23046875	n/a	0.0	1	277110	n/a
541.24609375	n/a	1.0	2	277118	n/a
541.263671875	n/a	1.0	2	277127	n/a
541.28125	n/a	0.0	1	277136	n/a
541.296875	n/a	0.0	1	277144	n/a
541.314453125	n/a	1.0	2	277153	n/a
541.330078125	n/a	1.0	2	277161	n/a
541.34765625	n/a	0.0	1	277170	n/a
541.36328125	n/a	0.0	1	277178	n/a
541.380859375	n/a	1.0	2	277187	n/a
541.396484375	n/a	0.0	1	277195	n/a
541.4140625	n/a	1.0	2	277204	n/a
541.4296875	n/a	0.0	1	277212	n/a
541.447265625	n/a	1.0	2	277221	n/a
541.462890625	n/a	1.0	2	277229	n/a
541.48046875	n/a	0.0	1	277238	n/a
541.49609375	n/a	1.0	2	277246	n/a
541.513671875	n/a	0.0	1	277255	n/a
541.53125	n/a	1.0	2	277264	n/a
541.546875	n/a	0.0	1	277272	n/a
541.564453125	n/a	0.0	1	277281	n/a
541.580078125	n/a	1.0	2	277289	n/a
541.59765625	n/a	0.0	1	277298	n/a
541.61328125	n/a	1.0	2	277306	n/a
541.630859375	n/a	1.0	2	277315	n/a
541.646484375	n/a	0.0	1	277323	n/a
541.6640625	n/a	1.0	2	277332	n/a
541.6796875	n/a	0.0	1	277340	n/a
541.697265625	n/a	1.0	2	277349	n/a
541.712890625	n/a	0.0	1	277357	n/a
541.73046875	n/a	0.0	1	277366	n/a
541.74609375	n/a	1.0	2	277374	n/a
541.763671875	n/a	0.0	1	277383	n/a
541.78125	n/a	1.0	2	277392	n/a
541.796875	n/a	1.0	2	277400	n/a
541.814453125	n/a	0.0	1	277409	n/a
541.830078125	n/a	1.0	2	277417	n/a
541.84765625	n/a	0.0	1	277426	n/a
541.86328125	n/a	0.0	1	277434	n/a
541.880859375	n/a	1.0	2	277443	n/a
541.896484375	n/a	1.0	2	277451	n/a
541.9140625	n/a	0.0	1	277460	n/a
541.9296875	n/a	1.0	2	277468	n/a
541.947265625	n/a	0.0	1	277477	n/a
541.962890625	n/a	0.0	1	277485	n/a
541.98046875	n/a	1.0	2	277494	n/a
541.99609375	n/a	0.0	1	277502	n/a
542.013671875	n/a	1.0	2	277511	n/a
542.03125	n/a	0.0	1	277520	n/a
542.046875	n/a	1.0	2	277528	n/a
542.064453125	n/a	0.0	1	277537	n/a
542.080078125	n/a	1.0	2	277545	n/a
542.09765625	n/a	0.0	1	277554	n/a
542.11328125	n/a	1.0	2	277562	n/a
542.130859375	n/a	1.0	2	277571	n/a
542.146484375	n/a	0.0	1	277579	n/a
542.1640625	n/a	0.0	1	277588	n/a
542.1796875	n/a	1.0	2	277596	n/a
542.197265625	n/a	1.0	2	277605	n/a
542.212890625	n/a	0.0	1	277613	n/a
542.23046875	n/a	0.0	1	277622	n/a
542.24609375	n/a	1.0	2	277630	n/a
542.263671875	n/a	1.0	2	277639	n/a
542.28125	n/a	0.0	1	277648	n/a
542.296875	n/a	0.0	1	277656	n/a
542.314453125	n/a	1.0	2	277665	n/a
542.330078125	n/a	0.0	1	277673	n/a
542.34765625	n/a	1.0	2	277682	n/a
542.36328125	n/a	0.0	1	277690	n/a
542.380859375	n/a	1.0	2	277699	n/a
542.396484375	n/a	0.0	1	277707	n/a
542.4140625	n/a	1.0	2	277716	n/a
542.4296875	n/a	1.0	2	277724	n/a
542.447265625	n/a	0.0	1	277733	n/a
542.462890625	n/a	0.0	1	277741	n/a
542.48046875	n/a	1.0	2	277750	n/a
542.49609375	n/a	1.0	2	277758	n/a
542.513671875	n/a	0.0	1	277767	n/a
542.53125	n/a	1.0	2	277776	n/a
542.546875	n/a	0.0	1	277784	n/a
542.564453125	n/a	1.0	2	277793	n/a
542.580078125	n/a	0.0	1	277801	n/a
542.59765625	n/a	1.0	2	277810	n/a
542.61328125	n/a	0.0	1	277818	n/a
542.630859375	n/a	1.0	2	277827	n/a
542.646484375	n/a	0.0	1	277835	n/a
542.6640625	n/a	1.0	2	277844	n/a
542.6796875	n/a	0.0	1	277852	n/a
542.697265625	n/a	0.0	1	277861	n/a
542.712890625	n/a	1.0	2	277869	n/a
542.73046875	n/a	1.0	2	277878	n/a
542.74609375	n/a	0.0	1	277886	n/a
542.763671875	n/a	0.0	1	277895	n/a
542.78125	n/a	1.0	2	277904	n/a
542.796875	n/a	0.0	1	277912	n/a
542.814453125	n/a	1.0	2	277921	n/a
542.830078125	n/a	1.0	2	277929	n/a
542.84765625	n/a	0.0	1	277938	n/a
542.86328125	n/a	1.0	2	277946	n/a
542.880859375	n/a	0.0	1	277955	n/a
542.896484375	n/a	0.0	1	277963	n/a
542.9140625	n/a	1.0	2	277972	n/a
542.9296875	n/a	1.0	2	277980	n/a
542.947265625	n/a	0.0	1	277989	n/a
542.962890625	n/a	1.0	2	277997	n/a
542.98046875	n/a	0.0	1	278006	n/a
542.99609375	n/a	0.0	1	278014	n/a
543.013671875	n/a	1.0	2	278023	n/a
543.03125	n/a	1.0	2	278032	n/a
543.046875	n/a	0.0	1	278040	n/a
543.064453125	n/a	1.0	2	278049	n/a
543.080078125	n/a	0.0	1	278057	n/a
543.09765625	n/a	1.0	2	278066	n/a
543.11328125	n/a	0.0	1	278074	n/a
543.130859375	n/a	1.0	2	278083	n/a
543.146484375	n/a	0.0	1	278091	n/a
543.1640625	n/a	0.0	1	278100	n/a
543.1796875	n/a	1.0	2	278108	n/a
543.197265625	n/a	0.0	1	278117	n/a
543.212890625	n/a	1.0	2	278125	n/a
543.23046875	n/a	0.0	1	278134	n/a
543.24609375	n/a	1.0	2	278142	n/a
543.263671875	n/a	1.0	2	278151	n/a
543.28125	n/a	0.0	1	278160	n/a
543.296875	n/a	0.0	1	278168	n/a
543.314453125	n/a	1.0	2	278177	n/a
543.330078125	n/a	0.0	1	278185	n/a
543.34765625	n/a	1.0	2	278194	n/a
543.36328125	n/a	1.0	2	278202	n/a
543.380859375	n/a	0.0	1	278211	n/a
543.396484375	n/a	0.0	1	278219	n/a
543.4140625	n/a	1.0	2	278228	n/a
543.4296875	n/a	1.0	2	278236	n/a
543.447265625	n/a	0.0	1	278245	n/a
543.462890625	n/a	0.0	1	278253	n/a
543.48046875	n/a	1.0	2	278262	n/a
543.49609375	n/a	0.0	1	278270	n/a
543.513671875	n/a	1.0	2	278279	n/a
543.53125	n/a	0.0	1	278288	n/a
543.546875	n/a	1.0	2	278296	n/a
543.564453125	n/a	1.0	2	278305	n/a
543.580078125	n/a	0.0	1	278313	n/a
543.59765625	n/a	1.0	2	278322	n/a
543.61328125	n/a	0.0	1	278330	n/a
543.630859375	n/a	1.0	2	278339	n/a
543.646484375	n/a	0.0	1	278347	n/a
543.6640625	n/a	0.0	1	278356	n/a
543.6796875	n/a	1.0	2	278364	n/a
543.697265625	n/a	0.0	1	278373	n/a
543.712890625	n/a	1.0	2	278381	n/a
543.73046875	n/a	1.0	2	278390	n/a
543.74609375	n/a	0.0	1	278398	n/a
543.763671875	n/a	1.0	2	278407	n/a
543.78125	n/a	0.0	1	278416	n/a
543.796875	n/a	1.0	2	278424	n/a
543.814453125	n/a	0.0	1	278433	n/a
543.830078125	n/a	0.0	1	278441	n/a
543.84765625	n/a	1.0	2	278450	n/a
543.86328125	n/a	0.0	1	278458	n/a
543.880859375	n/a	1.0	2	278467	n/a
543.896484375	n/a	1.0	2	278475	n/a
543.9140625	n/a	0.0	1	278484	n/a
543.9296875	n/a	1.0	2	278492	n/a
543.947265625	n/a	0.0	1	278501	n/a
543.962890625	n/a	0.0	1	278509	n/a
543.98046875	n/a	1.0	2	278518	n/a
543.99609375	n/a	1.0	2	278526	n/a
544.013671875	n/a	0.0	1	278535	n/a
544.03125	n/a	1.0	2	278544	n/a
544.046875	n/a	0.0	1	278552	n/a
544.064453125	n/a	0.0	1	278561	n/a
544.080078125	n/a	1.0	2	278569	n/a
544.09765625	n/a	0.0	1	278578	n/a
544.11328125	n/a	1.0	2	278586	n/a
544.130859375	n/a	0.0	1	278595	n/a
544.146484375	n/a	1.0	2	278603	n/a
544.1640625	n/a	0.0	1	278612	n/a
544.1796875	n/a	1.0	2	278620	n/a
544.197265625	n/a	0.0	1	278629	n/a
544.212890625	n/a	1.0	2	278637	n/a
544.23046875	n/a	1.0	2	278646	n/a
544.24609375	n/a	0.0	1	278654	n/a
544.263671875	n/a	0.0	1	278663	n/a
544.28125	n/a	1.0	2	278672	n/a
544.296875	n/a	1.0	2	278680	n/a
544.314453125	n/a	0.0	1	278689	n/a
544.330078125	n/a	0.0	1	278697	n/a
544.34765625	n/a	1.0	2	278706	n/a
544.36328125	n/a	1.0	2	278714	n/a
544.380859375	n/a	0.0	1	278723	n/a
544.396484375	n/a	0.0	1	278731	n/a
544.4140625	n/a	1.0	2	278740	n/a
544.4296875	n/a	0.0	1	278748	n/a
544.447265625	n/a	1.0	2	278757	n/a
544.462890625	n/a	0.0	1	278765	n/a
544.48046875	n/a	1.0	2	278774	n/a
544.49609375	n/a	0.0	1	278782	n/a
544.513671875	n/a	1.0	2	278791	n/a
544.53125	n/a	1.0	2	278800	n/a
544.546875	n/a	0.0	1	278808	n/a
544.564453125	n/a	0.0	1	278817	n/a
544.580078125	n/a	1.0	2	278825	n/a
544.59765625	n/a	1.0	2	278834	n/a
544.61328125	n/a	0.0	1	278842	n/a
544.630859375	n/a	1.0	2	278851	n/a
544.646484375	n/a	0.0	1	278859	n/a
544.6640625	n/a	1.0	2	278868	n/a
544.6796875	n/a	0.0	1	278876	n/a
544.697265625	n/a	1.0	2	278885	n/a
544.712890625	n/a	0.0	1	278893	n/a
544.73046875	n/a	1.0	2	278902	n/a
544.74609375	n/a	0.0	1	278910	n/a
544.763671875	n/a	1.0	2	278919	n/a
544.78125	n/a	0.0	1	278928	n/a
544.796875	n/a	0.0	1	278936	n/a
544.814453125	n/a	1.0	2	278945	n/a
544.830078125	n/a	1.0	2	278953	n/a
544.84765625	n/a	0.0	1	278962	n/a
544.86328125	n/a	0.0	1	278970	n/a
544.880859375	n/a	1.0	2	278979	n/a
544.896484375	n/a	0.0	1	278987	n/a
544.9140625	n/a	1.0	2	278996	n/a
544.9296875	n/a	1.0	2	279004	n/a
544.947265625	n/a	0.0	1	279013	n/a
544.962890625	n/a	1.0	2	279021	n/a
544.98046875	n/a	0.0	1	279030	n/a
544.99609375	n/a	0.0	1	279038	n/a
545.013671875	n/a	1.0	2	279047	n/a
545.03125	n/a	1.0	2	279056	n/a
545.046875	n/a	0.0	1	279064	n/a
545.064453125	n/a	1.0	2	279073	n/a
545.080078125	n/a	0.0	1	279081	n/a
545.09765625	n/a	0.0	1	279090	n/a
545.11328125	n/a	1.0	2	279098	n/a
545.130859375	n/a	1.0	2	279107	n/a
545.146484375	n/a	0.0	1	279115	n/a
545.1640625	n/a	1.0	2	279124	n/a
545.1796875	n/a	0.0	1	279132	n/a
545.197265625	n/a	1.0	2	279141	n/a
545.212890625	n/a	0.0	1	279149	n/a
545.23046875	n/a	1.0	2	279158	n/a
545.24609375	n/a	0.0	1	279166	n/a
545.263671875	n/a	0.0	1	279175	n/a
545.28125	n/a	1.0	2	279184	n/a
545.296875	n/a	0.0	1	279192	n/a
545.314453125	n/a	1.0	2	279201	n/a
545.330078125	n/a	0.0	1	279209	n/a
545.34765625	n/a	1.0	2	279218	n/a
545.36328125	n/a	1.0	2	279226	n/a
545.380859375	n/a	0.0	1	279235	n/a
545.396484375	n/a	0.0	1	279243	n/a
545.4140625	n/a	1.0	2	279252	n/a
545.4296875	n/a	0.0	1	279260	n/a
545.447265625	n/a	1.0	2	279269	n/a
545.462890625	n/a	1.0	2	279277	n/a
545.48046875	n/a	0.0	1	279286	n/a
545.49609375	n/a	0.0	1	279294	n/a
545.513671875	n/a	1.0	2	279303	n/a
545.53125	n/a	1.0	2	279312	n/a
545.546875	n/a	0.0	1	279320	n/a
545.564453125	n/a	0.0	1	279329	n/a
545.580078125	n/a	1.0	2	279337	n/a
545.59765625	n/a	0.0	1	279346	n/a
545.61328125	n/a	1.0	2	279354	n/a
545.630859375	n/a	0.0	1	279363	n/a
545.646484375	n/a	1.0	2	279371	n/a
545.6640625	n/a	1.0	2	279380	n/a
545.6796875	n/a	0.0	1	279388	n/a
545.697265625	n/a	1.0	2	279397	n/a
545.712890625	n/a	0.0	1	279405	n/a
545.73046875	n/a	1.0	2	279414	n/a
545.74609375	n/a	0.0	1	279422	n/a
545.763671875	n/a	0.0	1	279431	n/a
545.78125	n/a	1.0	2	279440	n/a
545.796875	n/a	0.0	1	279448	n/a
545.814453125	n/a	1.0	2	279457	n/a
545.830078125	n/a	1.0	2	279465	n/a
545.84765625	n/a	0.0	1	279474	n/a
545.86328125	n/a	1.0	2	279482	n/a
545.880859375	n/a	0.0	1	279491	n/a
545.896484375	n/a	1.0	2	279499	n/a
545.9140625	n/a	0.0	1	279508	n/a
545.9296875	n/a	0.0	1	279516	n/a
545.947265625	n/a	1.0	2	279525	n/a
545.962890625	n/a	0.0	1	279533	n/a
545.98046875	n/a	1.0	2	279542	n/a
545.99609375	n/a	1.0	2	279550	n/a
546.013671875	n/a	0.0	1	279559	n/a
546.03125	n/a	1.0	2	279568	n/a
546.046875	n/a	0.0	1	279576	n/a
546.064453125	n/a	0.0	1	279585	n/a
546.080078125	n/a	1.0	2	279593	n/a
546.09765625	n/a	1.0	2	279602	n/a
546.11328125	n/a	0.0	1	279610	n/a
546.130859375	n/a	1.0	2	279619	n/a
546.146484375	n/a	0.0	1	279627	n/a
546.1640625	n/a	0.0	1	279636	n/a
546.1796875	n/a	1.0	2	279644	n/a
546.197265625	n/a	0.0	1	279653	n/a
546.212890625	n/a	1.0	2	279661	n/a
546.23046875	n/a	0.0	1	279670	n/a
546.24609375	n/a	1.0	2	279678	n/a
546.263671875	n/a	0.0	1	279687	n/a
546.28125	n/a	1.0	2	279696	n/a
546.296875	n/a	0.0	1	279704	n/a
546.314453125	n/a	1.0	2	279713	n/a
546.330078125	n/a	1.0	2	279721	n/a
546.34765625	n/a	0.0	1	279730	n/a
546.36328125	n/a	0.0	1	279738	n/a
546.380859375	n/a	1.0	2	279747	n/a
546.396484375	n/a	1.0	2	279755	n/a
546.4140625	n/a	0.0	1	279764	n/a
546.4296875	n/a	0.0	1	279772	n/a
546.447265625	n/a	1.0	2	279781	n/a
546.462890625	n/a	1.0	2	279789	n/a
546.48046875	n/a	0.0	1	279798	n/a
546.49609375	n/a	0.0	1	279806	n/a
546.513671875	n/a	1.0	2	279815	n/a
546.53125	n/a	0.0	1	279824	n/a
546.546875	n/a	1.0	2	279832	n/a
546.564453125	n/a	0.0	1	279841	n/a
546.580078125	n/a	1.0	2	279849	n/a
546.59765625	n/a	0.0	1	279858	n/a
546.61328125	n/a	1.0	2	279866	n/a
546.630859375	n/a	1.0	2	279875	n/a
546.646484375	n/a	0.0	1	279883	n/a
546.6640625	n/a	0.0	1	279892	n/a
546.6796875	n/a	1.0	2	279900	n/a
546.697265625	n/a	1.0	2	279909	n/a
546.712890625	n/a	0.0	1	279917	n/a
546.73046875	n/a	1.0	2	279926	n/a
546.74609375	n/a	0.0	1	279934	n/a
546.763671875	n/a	1.0	2	279943	n/a
546.78125	n/a	0.0	1	279952	n/a
546.796875	n/a	1.0	2	279960	n/a
546.814453125	n/a	0.0	1	279969	n/a
546.830078125	n/a	1.0	2	279977	n/a
546.84765625	n/a	0.0	1	279986	n/a
546.86328125	n/a	1.0	2	279994	n/a
546.880859375	n/a	0.0	1	280003	n/a
546.896484375	n/a	0.0	1	280011	n/a
546.9140625	n/a	1.0	2	280020	n/a
546.9296875	n/a	1.0	2	280028	n/a
546.947265625	n/a	0.0	1	280037	n/a
546.962890625	n/a	0.0	1	280045	n/a
546.98046875	n/a	1.0	2	280054	n/a
546.99609375	n/a	0.0	1	280062	n/a
547.013671875	n/a	1.0	2	280071	n/a
547.03125	n/a	1.0	2	280080	n/a
547.046875	n/a	0.0	1	280088	n/a
547.064453125	n/a	1.0	2	280097	n/a
547.080078125	n/a	0.0	1	280105	n/a
547.09765625	n/a	0.0	1	280114	n/a
547.11328125	n/a	1.0	2	280122	n/a
547.130859375	n/a	1.0	2	280131	n/a
547.146484375	n/a	0.0	1	280139	n/a
547.1640625	n/a	1.0	2	280148	n/a
547.1796875	n/a	0.0	1	280156	n/a
547.197265625	n/a	0.0	1	280165	n/a
547.212890625	n/a	1.0	2	280173	n/a
547.23046875	n/a	1.0	2	280182	n/a
547.24609375	n/a	0.0	1	280190	n/a
547.263671875	n/a	1.0	2	280199	n/a
547.28125	n/a	0.0	1	280208	n/a
547.296875	n/a	1.0	2	280216	n/a
547.314453125	n/a	0.0	1	280225	n/a
547.330078125	n/a	1.0	2	280233	n/a
547.34765625	n/a	0.0	1	280242	n/a
547.36328125	n/a	0.0	1	280250	n/a
547.380859375	n/a	1.0	2	280259	n/a
547.396484375	n/a	0.0	1	280267	n/a
547.4140625	n/a	1.0	2	280276	n/a
547.4296875	n/a	0.0	1	280284	n/a
547.447265625	n/a	1.0	2	280293	n/a
547.462890625	n/a	1.0	2	280301	n/a
547.48046875	n/a	0.0	1	280310	n/a
547.49609375	n/a	0.0	1	280318	n/a
547.513671875	n/a	1.0	2	280327	n/a
547.53125	n/a	0.0	1	280336	n/a
547.546875	n/a	1.0	2	280344	n/a
547.564453125	n/a	1.0	2	280353	n/a
547.580078125	n/a	0.0	1	280361	n/a
547.59765625	n/a	0.0	1	280370	n/a
547.61328125	n/a	1.0	2	280378	n/a
547.630859375	n/a	1.0	2	280387	n/a
547.646484375	n/a	0.0	1	280395	n/a
547.6640625	n/a	0.0	1	280404	n/a
547.6796875	n/a	1.0	2	280412	n/a
547.697265625	n/a	0.0	1	280421	n/a
547.712890625	n/a	1.0	2	280429	n/a
547.73046875	n/a	0.0	1	280438	n/a
547.74609375	n/a	1.0	2	280446	n/a
547.763671875	n/a	1.0	2	280455	n/a
547.78125	n/a	0.0	1	280464	n/a
547.796875	n/a	1.0	2	280472	n/a
547.814453125	n/a	0.0	1	280481	n/a
547.830078125	n/a	1.0	2	280489	n/a
547.84765625	n/a	0.0	1	280498	n/a
547.86328125	n/a	0.0	1	280506	n/a
547.880859375	n/a	1.0	2	280515	n/a
547.896484375	n/a	0.0	1	280523	n/a
547.9140625	n/a	1.0	2	280532	n/a
547.9296875	n/a	1.0	2	280540	n/a
547.947265625	n/a	0.0	1	280549	n/a
547.962890625	n/a	1.0	2	280557	n/a
547.98046875	n/a	0.0	1	280566	n/a
547.99609375	n/a	1.0	2	280574	n/a
548.013671875	n/a	0.0	1	280583	n/a
548.03125	n/a	0.0	1	280592	n/a
548.046875	n/a	1.0	2	280600	n/a
548.064453125	n/a	0.0	1	280609	n/a
548.080078125	n/a	1.0	2	280617	n/a
548.09765625	n/a	1.0	2	280626	n/a
548.11328125	n/a	0.0	1	280634	n/a
548.130859375	n/a	1.0	2	280643	n/a
548.146484375	n/a	0.0	1	280651	n/a
548.1640625	n/a	0.0	1	280660	n/a
548.1796875	n/a	1.0	2	280668	n/a
548.197265625	n/a	1.0	2	280677	n/a
548.212890625	n/a	0.0	1	280685	n/a
548.23046875	n/a	1.0	2	280694	n/a
548.24609375	n/a	0.0	1	280702	n/a
548.263671875	n/a	0.0	1	280711	n/a
548.28125	n/a	1.0	2	280720	n/a
548.296875	n/a	0.0	1	280728	n/a
548.314453125	n/a	1.0	2	280737	n/a
548.330078125	n/a	0.0	1	280745	n/a
548.34765625	n/a	1.0	2	280754	n/a
548.36328125	n/a	0.0	1	280762	n/a
548.380859375	n/a	1.0	2	280771	n/a
548.396484375	n/a	0.0	1	280779	n/a
548.4140625	n/a	1.0	2	280788	n/a
548.4296875	n/a	1.0	2	280796	n/a
548.447265625	n/a	0.0	1	280805	n/a
548.462890625	n/a	0.0	1	280813	n/a
548.48046875	n/a	1.0	2	280822	n/a
548.49609375	n/a	1.0	2	280830	n/a
548.513671875	n/a	0.0	1	280839	n/a
548.53125	n/a	0.0	1	280848	n/a
548.546875	n/a	1.0	2	280856	n/a
548.564453125	n/a	1.0	2	280865	n/a
548.580078125	n/a	0.0	1	280873	n/a
548.59765625	n/a	0.0	1	280882	n/a
548.61328125	n/a	1.0	2	280890	n/a
548.630859375	n/a	0.0	1	280899	n/a
548.646484375	n/a	1.0	2	280907	n/a
548.6640625	n/a	0.0	1	280916	n/a
548.6796875	n/a	1.0	2	280924	n/a
548.697265625	n/a	0.0	1	280933	n/a
548.712890625	n/a	1.0	2	280941	n/a
548.73046875	n/a	1.0	2	280950	n/a
548.74609375	n/a	0.0	1	280958	n/a
548.763671875	n/a	0.0	1	280967	n/a
548.78125	n/a	1.0	2	280976	n/a
548.796875	n/a	1.0	2	280984	n/a
548.814453125	n/a	0.0	1	280993	n/a
548.830078125	n/a	1.0	2	281001	n/a
548.84765625	n/a	0.0	1	281010	n/a
548.86328125	n/a	1.0	2	281018	n/a
548.880859375	n/a	0.0	1	281027	n/a
548.896484375	n/a	1.0	2	281035	n/a
548.9140625	n/a	0.0	1	281044	n/a
548.9296875	n/a	1.0	2	281052	n/a
548.947265625	n/a	0.0	1	281061	n/a
548.962890625	n/a	1.0	2	281069	n/a
548.98046875	n/a	0.0	1	281078	n/a
548.99609375	n/a	0.0	1	281086	n/a
549.013671875	n/a	1.0	2	281095	n/a
549.03125	n/a	1.0	2	281104	n/a
549.046875	n/a	0.0	1	281112	n/a
549.064453125	n/a	0.0	1	281121	n/a
549.080078125	n/a	1.0	2	281129	n/a
549.09765625	n/a	0.0	1	281138	n/a
549.11328125	n/a	1.0	2	281146	n/a
549.130859375	n/a	1.0	2	281155	n/a
549.146484375	n/a	0.0	1	281163	n/a
549.1640625	n/a	1.0	2	281172	n/a
549.1796875	n/a	0.0	1	281180	n/a
549.197265625	n/a	0.0	1	281189	n/a
549.212890625	n/a	1.0	2	281197	n/a
549.23046875	n/a	1.0	2	281206	n/a
549.24609375	n/a	0.0	1	281214	n/a
549.263671875	n/a	1.0	2	281223	n/a
549.28125	n/a	0.0	1	281232	n/a
549.296875	n/a	0.0	1	281240	n/a
549.314453125	n/a	1.0	2	281249	n/a
549.330078125	n/a	1.0	2	281257	n/a
549.34765625	n/a	0.0	1	281266	n/a
549.36328125	n/a	1.0	2	281274	n/a
549.380859375	n/a	0.0	1	281283	n/a
549.396484375	n/a	1.0	2	281291	n/a
549.4140625	n/a	0.0	1	281300	n/a
549.4296875	n/a	1.0	2	281308	n/a
549.447265625	n/a	0.0	1	281317	n/a
549.462890625	n/a	0.0	1	281325	n/a
549.48046875	n/a	1.0	2	281334	n/a
549.49609375	n/a	0.0	1	281342	n/a
549.513671875	n/a	1.0	2	281351	n/a
549.53125	n/a	0.0	1	281360	n/a
549.546875	n/a	1.0	2	281368	n/a
549.564453125	n/a	1.0	2	281377	n/a
549.580078125	n/a	0.0	1	281385	n/a
549.59765625	n/a	0.0	1	281394	n/a
549.61328125	n/a	1.0	2	281402	n/a
549.630859375	n/a	0.0	1	281411	n/a
549.646484375	n/a	1.0	2	281419	n/a
549.6640625	n/a	1.0	2	281428	n/a
549.6796875	n/a	0.0	1	281436	n/a
549.697265625	n/a	0.0	1	281445	n/a
549.712890625	n/a	1.0	2	281453	n/a
549.73046875	n/a	1.0	2	281462	n/a
549.74609375	n/a	0.0	1	281470	n/a
549.763671875	n/a	0.0	1	281479	n/a
549.78125	n/a	1.0	2	281488	n/a
549.796875	n/a	0.0	1	281496	n/a
549.814453125	n/a	1.0	2	281505	n/a
549.830078125	n/a	0.0	1	281513	n/a
549.84765625	n/a	1.0	2	281522	n/a
549.86328125	n/a	1.0	2	281530	n/a
549.880859375	n/a	0.0	1	281539	n/a
549.896484375	n/a	1.0	2	281547	n/a
549.9140625	n/a	0.0	1	281556	n/a
549.9296875	n/a	1.0	2	281564	n/a
549.947265625	n/a	0.0	1	281573	n/a
549.962890625	n/a	0.0	1	281581	n/a
549.98046875	n/a	1.0	2	281590	n/a
549.99609375	n/a	0.0	1	281598	n/a
550.013671875	n/a	1.0	2	281607	n/a
550.03125	n/a	1.0	2	281616	n/a
550.046875	n/a	0.0	1	281624	n/a
550.064453125	n/a	1.0	2	281633	n/a
550.080078125	n/a	0.0	1	281641	n/a
550.09765625	n/a	1.0	2	281650	n/a
550.11328125	n/a	0.0	1	281658	n/a
550.130859375	n/a	0.0	1	281667	n/a
550.146484375	n/a	1.0	2	281675	n/a
550.1640625	n/a	0.0	1	281684	n/a
550.1796875	n/a	1.0	2	281692	n/a
550.197265625	n/a	1.0	2	281701	n/a
550.212890625	n/a	0.0	1	281709	n/a
550.23046875	n/a	1.0	2	281718	n/a
550.24609375	n/a	0.0	1	281726	n/a
550.263671875	n/a	0.0	1	281735	n/a
550.28125	n/a	1.0	2	281744	n/a
550.296875	n/a	1.0	2	281752	n/a
550.314453125	n/a	0.0	1	281761	n/a
550.330078125	n/a	1.0	2	281769	n/a
550.34765625	n/a	0.0	1	281778	n/a
550.36328125	n/a	0.0	1	281786	n/a
550.380859375	n/a	1.0	2	281795	n/a
550.396484375	n/a	0.0	1	281803	n/a
550.4140625	n/a	1.0	2	281812	n/a
550.4296875	n/a	0.0	1	281820	n/a
550.447265625	n/a	1.0	2	281829	n/a
550.462890625	n/a	0.0	1	281837	n/a
550.48046875	n/a	1.0	2	281846	n/a
550.49609375	n/a	0.0	1	281854	n/a
550.513671875	n/a	1.0	2	281863	n/a
550.53125	n/a	1.0	2	281872	n/a
550.546875	n/a	0.0	1	281880	n/a
550.564453125	n/a	0.0	1	281889	n/a
550.580078125	n/a	1.0	2	281897	n/a
550.59765625	n/a	1.0	2	281906	n/a
550.61328125	n/a	0.0	1	281914	n/a
550.630859375	n/a	0.0	1	281923	n/a
550.646484375	n/a	1.0	2	281931	n/a
550.6640625	n/a	1.0	2	281940	n/a
550.6796875	n/a	0.0	1	281948	n/a
550.697265625	n/a	0.0	1	281957	n/a
550.712890625	n/a	1.0	2	281965	n/a
550.73046875	n/a	0.0	1	281974	n/a
550.74609375	n/a	1.0	2	281982	n/a
550.763671875	n/a	0.0	1	281991	n/a
550.78125	n/a	1.0	2	282000	n/a
550.796875	n/a	0.0	1	282008	n/a
550.814453125	n/a	1.0	2	282017	n/a
550.830078125	n/a	1.0	2	282025	n/a
550.84765625	n/a	0.0	1	282034	n/a
550.86328125	n/a	0.0	1	282042	n/a
550.880859375	n/a	1.0	2	282051	n/a
550.896484375	n/a	1.0	2	282059	n/a
550.9140625	n/a	0.0	1	282068	n/a
550.9296875	n/a	1.0	2	282076	n/a
550.947265625	n/a	0.0	1	282085	n/a
550.962890625	n/a	1.0	2	282093	n/a
550.98046875	n/a	0.0	1	282102	n/a
550.99609375	n/a	1.0	2	282110	n/a
551.013671875	n/a	0.0	1	282119	n/a
551.03125	n/a	1.0	2	282128	n/a
551.046875	n/a	0.0	1	282136	n/a
551.064453125	n/a	1.0	2	282145	n/a
551.080078125	n/a	0.0	1	282153	n/a
551.09765625	n/a	0.0	1	282162	n/a
551.11328125	n/a	1.0	2	282170	n/a
551.130859375	n/a	1.0	2	282179	n/a
551.146484375	n/a	0.0	1	282187	n/a
551.1640625	n/a	0.0	1	282196	n/a
551.1796875	n/a	1.0	2	282204	n/a
551.197265625	n/a	0.0	1	282213	n/a
551.212890625	n/a	1.0	2	282221	n/a
551.23046875	n/a	1.0	2	282230	n/a
551.24609375	n/a	0.0	1	282238	n/a
551.263671875	n/a	1.0	2	282247	n/a
551.28125	n/a	0.0	1	282256	n/a
551.296875	n/a	0.0	1	282264	n/a
551.314453125	n/a	1.0	2	282273	n/a
551.330078125	n/a	1.0	2	282281	n/a
551.34765625	n/a	0.0	1	282290	n/a
551.36328125	n/a	1.0	2	282298	n/a
551.380859375	n/a	0.0	1	282307	n/a
551.396484375	n/a	0.0	1	282315	n/a
551.4140625	n/a	1.0	2	282324	n/a
551.4296875	n/a	1.0	2	282332	n/a
551.447265625	n/a	0.0	1	282341	n/a
551.462890625	n/a	1.0	2	282349	n/a
551.48046875	n/a	0.0	1	282358	n/a
551.49609375	n/a	1.0	2	282366	n/a
551.513671875	n/a	0.0	1	282375	n/a
551.53125	n/a	1.0	2	282384	n/a
551.546875	n/a	0.0	1	282392	n/a
551.564453125	n/a	0.0	1	282401	n/a
551.580078125	n/a	1.0	2	282409	n/a
551.59765625	n/a	0.0	1	282418	n/a
551.61328125	n/a	1.0	2	282426	n/a
551.630859375	n/a	0.0	1	282435	n/a
551.646484375	n/a	1.0	2	282443	n/a
551.6640625	n/a	1.0	2	282452	n/a
551.6796875	n/a	0.0	1	282460	n/a
551.697265625	n/a	0.0	1	282469	n/a
551.712890625	n/a	1.0	2	282477	n/a
551.73046875	n/a	0.0	1	282486	n/a
551.74609375	n/a	1.0	2	282494	n/a
551.763671875	n/a	1.0	2	282503	n/a
551.78125	n/a	0.0	1	282512	n/a
551.796875	n/a	0.0	1	282520	n/a
551.814453125	n/a	1.0	2	282529	n/a
551.830078125	n/a	1.0	2	282537	n/a
551.84765625	n/a	0.0	1	282546	n/a
551.86328125	n/a	0.0	1	282554	n/a
551.880859375	n/a	1.0	2	282563	n/a
551.896484375	n/a	0.0	1	282571	n/a
551.9140625	n/a	1.0	2	282580	n/a
551.9296875	n/a	0.0	1	282588	n/a
551.947265625	n/a	1.0	2	282597	n/a
551.962890625	n/a	1.0	2	282605	n/a
551.98046875	n/a	0.0	1	282614	n/a
551.99609375	n/a	1.0	2	282622	n/a
552.013671875	n/a	0.0	1	282631	n/a
552.03125	n/a	1.0	2	282640	n/a
552.046875	n/a	0.0	1	282648	n/a
552.064453125	n/a	0.0	1	282657	n/a
552.080078125	n/a	1.0	2	282665	n/a
552.09765625	n/a	0.0	1	282674	n/a
552.11328125	n/a	1.0	2	282682	n/a
552.130859375	n/a	1.0	2	282691	n/a
552.146484375	n/a	0.0	1	282699	n/a
552.1640625	n/a	1.0	2	282708	n/a
552.1796875	n/a	0.0	1	282716	n/a
552.197265625	n/a	1.0	2	282725	n/a
552.212890625	n/a	0.0	1	282733	n/a
552.23046875	n/a	0.0	1	282742	n/a
552.24609375	n/a	1.0	2	282750	n/a
552.263671875	n/a	0.0	1	282759	n/a
552.28125	n/a	1.0	2	282768	n/a
552.296875	n/a	1.0	2	282776	n/a
552.314453125	n/a	0.0	1	282785	n/a
552.330078125	n/a	1.0	2	282793	n/a
552.34765625	n/a	0.0	1	282802	n/a
552.36328125	n/a	0.0	1	282810	n/a
552.380859375	n/a	1.0	2	282819	n/a
552.396484375	n/a	1.0	2	282827	n/a
552.4140625	n/a	0.0	1	282836	n/a
552.4296875	n/a	1.0	2	282844	n/a
552.447265625	n/a	0.0	1	282853	n/a
552.462890625	n/a	0.0	1	282861	n/a
552.48046875	n/a	1.0	2	282870	n/a
552.49609375	n/a	0.0	1	282878	n/a
552.513671875	n/a	1.0	2	282887	n/a
552.53125	n/a	0.0	1	282896	n/a
552.546875	n/a	1.0	2	282904	n/a
552.564453125	n/a	0.0	1	282913	n/a
552.580078125	n/a	1.0	2	282921	n/a
552.59765625	n/a	0.0	1	282930	n/a
552.61328125	n/a	1.0	2	282938	n/a
552.630859375	n/a	1.0	2	282947	n/a
552.646484375	n/a	0.0	1	282955	n/a
552.6640625	n/a	0.0	1	282964	n/a
552.6796875	n/a	1.0	2	282972	n/a
552.697265625	n/a	1.0	2	282981	n/a
552.712890625	n/a	0.0	1	282989	n/a
552.73046875	n/a	0.0	1	282998	n/a
552.74609375	n/a	1.0	2	283006	n/a
552.763671875	n/a	1.0	2	283015	n/a
552.78125	n/a	0.0	1	283024	n/a
552.796875	n/a	0.0	1	283032	n/a
552.814453125	n/a	1.0	2	283041	n/a
552.830078125	n/a	0.0	1	283049	n/a
552.84765625	n/a	1.0	2	283058	n/a
552.86328125	n/a	0.0	1	283066	n/a
552.880859375	n/a	1.0	2	283075	n/a
552.896484375	n/a	0.0	1	283083	n/a
552.9140625	n/a	1.0	2	283092	n/a
552.9296875	n/a	1.0	2	283100	n/a
552.947265625	n/a	0.0	1	283109	n/a
552.962890625	n/a	0.0	1	283117	n/a
552.98046875	n/a	1.0	2	283126	n/a
552.99609375	n/a	1.0	2	283134	n/a
553.013671875	n/a	0.0	1	283143	n/a
553.03125	n/a	1.0	2	283152	n/a
553.046875	n/a	0.0	1	283160	n/a
553.064453125	n/a	1.0	2	283169	n/a
553.080078125	n/a	0.0	1	283177	n/a
553.09765625	n/a	1.0	2	283186	n/a
553.11328125	n/a	0.0	1	283194	n/a
553.130859375	n/a	1.0	2	283203	n/a
553.146484375	n/a	0.0	1	283211	n/a
553.1640625	n/a	1.0	2	283220	n/a
553.1796875	n/a	0.0	1	283228	n/a
553.197265625	n/a	0.0	1	283237	n/a
553.212890625	n/a	1.0	2	283245	n/a
553.23046875	n/a	1.0	2	283254	n/a
553.24609375	n/a	0.0	1	283262	n/a
553.263671875	n/a	0.0	1	283271	n/a
553.28125	n/a	1.0	2	283280	n/a
553.296875	n/a	0.0	1	283288	n/a
553.314453125	n/a	1.0	2	283297	n/a
553.330078125	n/a	1.0	2	283305	n/a
553.34765625	n/a	0.0	1	283314	n/a
553.36328125	n/a	1.0	2	283322	n/a
553.380859375	n/a	0.0	1	283331	n/a
553.396484375	n/a	0.0	1	283339	n/a
553.4140625	n/a	1.0	2	283348	n/a
553.4296875	n/a	1.0	2	283356	n/a
553.447265625	n/a	0.0	1	283365	n/a
553.462890625	n/a	1.0	2	283373	n/a
553.48046875	n/a	0.0	1	283382	n/a
553.49609375	n/a	0.0	1	283390	n/a
553.513671875	n/a	1.0	2	283399	n/a
553.53125	n/a	1.0	2	283408	n/a
553.546875	n/a	0.0	1	283416	n/a
553.564453125	n/a	1.0	2	283425	n/a
553.580078125	n/a	0.0	1	283433	n/a
553.59765625	n/a	1.0	2	283442	n/a
553.61328125	n/a	0.0	1	283450	n/a
553.630859375	n/a	1.0	2	283459	n/a
553.646484375	n/a	0.0	1	283467	n/a
553.6640625	n/a	0.0	1	283476	n/a
553.6796875	n/a	1.0	2	283484	n/a
553.697265625	n/a	0.0	1	283493	n/a
553.712890625	n/a	1.0	2	283501	n/a
553.73046875	n/a	0.0	1	283510	n/a
553.74609375	n/a	1.0	2	283518	n/a
553.763671875	n/a	1.0	2	283527	n/a
553.78125	n/a	0.0	1	283536	n/a
553.796875	n/a	0.0	1	283544	n/a
553.814453125	n/a	1.0	2	283553	n/a
553.830078125	n/a	0.0	1	283561	n/a
553.84765625	n/a	1.0	2	283570	n/a
553.86328125	n/a	1.0	2	283578	n/a
553.880859375	n/a	0.0	1	283587	n/a
553.896484375	n/a	0.0	1	283595	n/a
553.9140625	n/a	1.0	2	283604	n/a
553.9296875	n/a	1.0	2	283612	n/a
553.947265625	n/a	0.0	1	283621	n/a
553.962890625	n/a	0.0	1	283629	n/a
553.98046875	n/a	1.0	2	283638	n/a
553.99609375	n/a	0.0	1	283646	n/a
554.013671875	n/a	1.0	2	283655	n/a
554.03125	n/a	0.0	1	283664	n/a
554.046875	n/a	1.0	2	283672	n/a
554.064453125	n/a	1.0	2	283681	n/a
554.080078125	n/a	0.0	1	283689	n/a
554.09765625	n/a	1.0	2	283698	n/a
554.11328125	n/a	0.0	1	283706	n/a
554.130859375	n/a	1.0	2	283715	n/a
554.146484375	n/a	0.0	1	283723	n/a
554.1640625	n/a	0.0	1	283732	n/a
554.1796875	n/a	1.0	2	283740	n/a
554.197265625	n/a	0.0	1	283749	n/a
554.212890625	n/a	1.0	2	283757	n/a
554.23046875	n/a	1.0	2	283766	n/a
554.24609375	n/a	0.0	1	283774	n/a
554.263671875	n/a	1.0	2	283783	n/a
554.28125	n/a	0.0	1	283792	n/a
554.296875	n/a	1.0	2	283800	n/a
554.314453125	n/a	0.0	1	283809	n/a
554.330078125	n/a	0.0	1	283817	n/a
554.34765625	n/a	1.0	2	283826	n/a
554.36328125	n/a	0.0	1	283834	n/a
554.380859375	n/a	1.0	2	283843	n/a
554.396484375	n/a	1.0	2	283851	n/a
554.4140625	n/a	0.0	1	283860	n/a
554.4296875	n/a	1.0	2	283868	n/a
554.447265625	n/a	0.0	1	283877	n/a
554.462890625	n/a	0.0	1	283885	n/a
554.48046875	n/a	1.0	2	283894	n/a
554.49609375	n/a	1.0	2	283902	n/a
554.513671875	n/a	0.0	1	283911	n/a
554.53125	n/a	1.0	2	283920	n/a
554.546875	n/a	0.0	1	283928	n/a
554.564453125	n/a	0.0	1	283937	n/a
554.580078125	n/a	1.0	2	283945	n/a
554.59765625	n/a	0.0	1	283954	n/a
554.61328125	n/a	1.0	2	283962	n/a
554.630859375	n/a	0.0	1	283971	n/a
554.646484375	n/a	1.0	2	283979	n/a
554.6640625	n/a	0.0	1	283988	n/a
554.6796875	n/a	1.0	2	283996	n/a
554.697265625	n/a	0.0	1	284005	n/a
554.712890625	n/a	1.0	2	284013	n/a
554.73046875	n/a	1.0	2	284022	n/a
554.74609375	n/a	0.0	1	284030	n/a
554.763671875	n/a	0.0	1	284039	n/a
554.78125	n/a	1.0	2	284048	n/a
554.796875	n/a	1.0	2	284056	n/a
554.814453125	n/a	0.0	1	284065	n/a
554.830078125	n/a	0.0	1	284073	n/a
554.84765625	n/a	1.0	2	284082	n/a
554.86328125	n/a	1.0	2	284090	n/a
554.880859375	n/a	0.0	1	284099	n/a
554.896484375	n/a	0.0	1	284107	n/a
554.9140625	n/a	1.0	2	284116	n/a
554.9296875	n/a	0.0	1	284124	n/a
554.947265625	n/a	1.0	2	284133	n/a
554.962890625	n/a	0.0	1	284141	n/a
554.98046875	n/a	1.0	2	284150	n/a
554.99609375	n/a	0.0	1	284158	n/a
555.013671875	n/a	1.0	2	284167	n/a
555.03125	n/a	1.0	2	284176	n/a
555.046875	n/a	0.0	1	284184	n/a
555.064453125	n/a	0.0	1	284193	n/a
555.080078125	n/a	1.0	2	284201	n/a
555.09765625	n/a	1.0	2	284210	n/a
555.11328125	n/a	0.0	1	284218	n/a
555.130859375	n/a	1.0	2	284227	n/a
555.146484375	n/a	0.0	1	284235	n/a
555.1640625	n/a	1.0	2	284244	n/a
555.1796875	n/a	0.0	1	284252	n/a
555.197265625	n/a	1.0	2	284261	n/a
555.212890625	n/a	0.0	1	284269	n/a
555.23046875	n/a	1.0	2	284278	n/a
555.24609375	n/a	0.0	1	284286	n/a
555.263671875	n/a	1.0	2	284295	n/a
555.28125	n/a	0.0	1	284304	n/a
555.296875	n/a	0.0	1	284312	n/a
555.314453125	n/a	1.0	2	284321	n/a
555.330078125	n/a	1.0	2	284329	n/a
555.34765625	n/a	0.0	1	284338	n/a
555.36328125	n/a	0.0	1	284346	n/a
555.380859375	n/a	1.0	2	284355	n/a
555.396484375	n/a	0.0	1	284363	n/a
555.4140625	n/a	1.0	2	284372	n/a
555.4296875	n/a	1.0	2	284380	n/a
555.447265625	n/a	0.0	1	284389	n/a
555.462890625	n/a	1.0	2	284397	n/a
555.48046875	n/a	0.0	1	284406	n/a
555.49609375	n/a	0.0	1	284414	n/a
555.513671875	n/a	1.0	2	284423	n/a
555.53125	n/a	1.0	2	284432	n/a
555.546875	n/a	0.0	1	284440	n/a
555.564453125	n/a	1.0	2	284449	n/a
555.580078125	n/a	0.0	1	284457	n/a
555.59765625	n/a	0.0	1	284466	n/a
555.61328125	n/a	1.0	2	284474	n/a
555.630859375	n/a	1.0	2	284483	n/a
555.646484375	n/a	0.0	1	284491	n/a
555.6640625	n/a	1.0	2	284500	n/a
555.6796875	n/a	0.0	1	284508	n/a
555.697265625	n/a	1.0	2	284517	n/a
555.712890625	n/a	0.0	1	284525	n/a
555.73046875	n/a	1.0	2	284534	n/a
555.74609375	n/a	0.0	1	284542	n/a
555.763671875	n/a	0.0	1	284551	n/a
555.78125	n/a	1.0	2	284560	n/a
555.796875	n/a	0.0	1	284568	n/a
555.814453125	n/a	1.0	2	284577	n/a
555.830078125	n/a	0.0	1	284585	n/a
555.84765625	n/a	1.0	2	284594	n/a
555.86328125	n/a	1.0	2	284602	n/a
555.880859375	n/a	0.0	1	284611	n/a
555.896484375	n/a	0.0	1	284619	n/a
555.9140625	n/a	1.0	2	284628	n/a
555.9296875	n/a	0.0	1	284636	n/a
555.947265625	n/a	1.0	2	284645	n/a
555.962890625	n/a	1.0	2	284653	n/a
555.98046875	n/a	0.0	1	284662	n/a
555.99609375	n/a	0.0	1	284670	n/a
556.013671875	n/a	1.0	2	284679	n/a
556.03125	n/a	1.0	2	284688	n/a
556.046875	n/a	0.0	1	284696	n/a
556.064453125	n/a	0.0	1	284705	n/a
556.080078125	n/a	1.0	2	284713	n/a
556.09765625	n/a	0.0	1	284722	n/a
556.11328125	n/a	1.0	2	284730	n/a
556.130859375	n/a	0.0	1	284739	n/a
556.146484375	n/a	1.0	2	284747	n/a
556.1640625	n/a	1.0	2	284756	n/a
556.1796875	n/a	0.0	1	284764	n/a
556.197265625	n/a	1.0	2	284773	n/a
556.212890625	n/a	0.0	1	284781	n/a
556.23046875	n/a	1.0	2	284790	n/a
556.24609375	n/a	0.0	1	284798	n/a
556.263671875	n/a	0.0	1	284807	n/a
556.28125	n/a	1.0	2	284816	n/a
556.296875	n/a	0.0	1	284824	n/a
556.314453125	n/a	1.0	2	284833	n/a
556.330078125	n/a	1.0	2	284841	n/a
556.34765625	n/a	0.0	1	284850	n/a
556.36328125	n/a	1.0	2	284858	n/a
556.380859375	n/a	0.0	1	284867	n/a
556.396484375	n/a	1.0	2	284875	n/a
556.4140625	n/a	0.0	1	284884	n/a
556.4296875	n/a	0.0	1	284892	n/a
556.447265625	n/a	1.0	2	284901	n/a
556.462890625	n/a	0.0	1	284909	n/a
556.48046875	n/a	1.0	2	284918	n/a
556.49609375	n/a	1.0	2	284926	n/a
556.513671875	n/a	0.0	1	284935	n/a
556.53125	n/a	1.0	2	284944	n/a
556.546875	n/a	0.0	1	284952	n/a
556.564453125	n/a	0.0	1	284961	n/a
556.580078125	n/a	1.0	2	284969	n/a
556.59765625	n/a	1.0	2	284978	n/a
556.61328125	n/a	0.0	1	284986	n/a
556.630859375	n/a	1.0	2	284995	n/a
556.646484375	n/a	0.0	1	285003	n/a
556.6640625	n/a	0.0	1	285012	n/a
556.6796875	n/a	1.0	2	285020	n/a
556.697265625	n/a	0.0	1	285029	n/a
556.712890625	n/a	1.0	2	285037	n/a
556.73046875	n/a	0.0	1	285046	n/a
556.74609375	n/a	1.0	2	285054	n/a
556.763671875	n/a	0.0	1	285063	n/a
556.78125	n/a	1.0	2	285072	n/a
556.796875	n/a	0.0	1	285080	n/a
556.814453125	n/a	1.0	2	285089	n/a
556.830078125	n/a	1.0	2	285097	n/a
556.84765625	n/a	0.0	1	285106	n/a
556.86328125	n/a	0.0	1	285114	n/a
556.880859375	n/a	1.0	2	285123	n/a
556.896484375	n/a	1.0	2	285131	n/a
556.9140625	n/a	0.0	1	285140	n/a
556.9296875	n/a	0.0	1	285148	n/a
556.947265625	n/a	1.0	2	285157	n/a
556.962890625	n/a	1.0	2	285165	n/a
556.98046875	n/a	0.0	1	285174	n/a
556.99609375	n/a	0.0	1	285182	n/a
557.013671875	n/a	1.0	2	285191	n/a
557.03125	n/a	0.0	1	285200	n/a
557.046875	n/a	1.0	2	285208	n/a
557.064453125	n/a	0.0	1	285217	n/a
557.080078125	n/a	1.0	2	285225	n/a
557.09765625	n/a	0.0	1	285234	n/a
557.11328125	n/a	1.0	2	285242	n/a
557.130859375	n/a	1.0	2	285251	n/a
557.146484375	n/a	0.0	1	285259	n/a
557.1640625	n/a	0.0	1	285268	n/a
557.1796875	n/a	1.0	2	285276	n/a
557.197265625	n/a	1.0	2	285285	n/a
557.212890625	n/a	0.0	1	285293	n/a
557.23046875	n/a	1.0	2	285302	n/a
557.24609375	n/a	0.0	1	285310	n/a
557.263671875	n/a	1.0	2	285319	n/a
557.28125	n/a	0.0	1	285328	n/a
557.296875	n/a	1.0	2	285336	n/a
557.314453125	n/a	0.0	1	285345	n/a
557.330078125	n/a	1.0	2	285353	n/a
557.34765625	n/a	0.0	1	285362	n/a
557.36328125	n/a	1.0	2	285370	n/a
557.380859375	n/a	0.0	1	285379	n/a
557.396484375	n/a	0.0	1	285387	n/a
557.4140625	n/a	1.0	2	285396	n/a
557.4296875	n/a	1.0	2	285404	n/a
557.447265625	n/a	0.0	1	285413	n/a
557.462890625	n/a	0.0	1	285421	n/a
557.48046875	n/a	1.0	2	285430	n/a
557.49609375	n/a	0.0	1	285438	n/a
557.513671875	n/a	1.0	2	285447	n/a
557.53125	n/a	1.0	2	285456	n/a
557.546875	n/a	0.0	1	285464	n/a
557.564453125	n/a	1.0	2	285473	n/a
557.580078125	n/a	0.0	1	285481	n/a
557.59765625	n/a	0.0	1	285490	n/a
557.61328125	n/a	1.0	2	285498	n/a
557.630859375	n/a	1.0	2	285507	n/a
557.646484375	n/a	0.0	1	285515	n/a
557.6640625	n/a	1.0	2	285524	n/a
557.6796875	n/a	0.0	1	285532	n/a
557.697265625	n/a	0.0	1	285541	n/a
557.712890625	n/a	1.0	2	285549	n/a
557.73046875	n/a	1.0	2	285558	n/a
557.74609375	n/a	0.0	1	285566	n/a
557.763671875	n/a	1.0	2	285575	n/a
557.78125	n/a	0.0	1	285584	n/a
557.796875	n/a	1.0	2	285592	n/a
557.814453125	n/a	0.0	1	285601	n/a
557.830078125	n/a	1.0	2	285609	n/a
557.84765625	n/a	0.0	1	285618	n/a
557.86328125	n/a	0.0	1	285626	n/a
557.880859375	n/a	1.0	2	285635	n/a
557.896484375	n/a	0.0	1	285643	n/a
557.9140625	n/a	1.0	2	285652	n/a
557.9296875	n/a	0.0	1	285660	n/a
557.947265625	n/a	1.0	2	285669	n/a
557.962890625	n/a	1.0	2	285677	n/a
557.98046875	n/a	0.0	1	285686	n/a
557.99609375	n/a	0.0	1	285694	n/a
558.013671875	n/a	1.0	2	285703	n/a
558.03125	n/a	0.0	1	285712	n/a
558.046875	n/a	1.0	2	285720	n/a
558.064453125	n/a	1.0	2	285729	n/a
558.080078125	n/a	0.0	1	285737	n/a
558.09765625	n/a	0.0	1	285746	n/a
558.11328125	n/a	1.0	2	285754	n/a
558.130859375	n/a	1.0	2	285763	n/a
558.146484375	n/a	0.0	1	285771	n/a
558.1640625	n/a	0.0	1	285780	n/a
558.1796875	n/a	1.0	2	285788	n/a
558.197265625	n/a	0.0	1	285797	n/a
558.212890625	n/a	1.0	2	285805	n/a
558.23046875	n/a	0.0	1	285814	n/a
558.24609375	n/a	1.0	2	285822	n/a
558.263671875	n/a	1.0	2	285831	n/a
558.28125	n/a	0.0	1	285840	n/a
558.296875	n/a	1.0	2	285848	n/a
558.314453125	n/a	0.0	1	285857	n/a
558.330078125	n/a	1.0	2	285865	n/a
558.34765625	n/a	0.0	1	285874	n/a
558.36328125	n/a	0.0	1	285882	n/a
558.380859375	n/a	1.0	2	285891	n/a
558.396484375	n/a	0.0	1	285899	n/a
558.4140625	n/a	1.0	2	285908	n/a
558.4296875	n/a	1.0	2	285916	n/a
558.447265625	n/a	0.0	1	285925	n/a
558.462890625	n/a	1.0	2	285933	n/a
558.48046875	n/a	0.0	1	285942	n/a
558.49609375	n/a	1.0	2	285950	n/a
558.513671875	n/a	0.0	1	285959	n/a
558.53125	n/a	0.0	1	285968	n/a
558.546875	n/a	1.0	2	285976	n/a
558.564453125	n/a	0.0	1	285985	n/a
558.580078125	n/a	1.0	2	285993	n/a
558.59765625	n/a	1.0	2	286002	n/a
558.61328125	n/a	0.0	1	286010	n/a
558.630859375	n/a	1.0	2	286019	n/a
558.646484375	n/a	0.0	1	286027	n/a
558.6640625	n/a	0.0	1	286036	n/a
558.6796875	n/a	1.0	2	286044	n/a
558.697265625	n/a	1.0	2	286053	n/a
558.712890625	n/a	0.0	1	286061	n/a
558.73046875	n/a	1.0	2	286070	n/a
558.74609375	n/a	0.0	1	286078	n/a
558.763671875	n/a	0.0	1	286087	n/a
558.78125	n/a	1.0	2	286096	n/a
558.796875	n/a	0.0	1	286104	n/a
558.814453125	n/a	1.0	2	286113	n/a
558.830078125	n/a	0.0	1	286121	n/a
558.84765625	n/a	1.0	2	286130	n/a
558.86328125	n/a	0.0	1	286138	n/a
558.880859375	n/a	1.0	2	286147	n/a
558.896484375	n/a	0.0	1	286155	n/a
558.9140625	n/a	1.0	2	286164	n/a
558.9296875	n/a	1.0	2	286172	n/a
558.947265625	n/a	0.0	1	286181	n/a
558.962890625	n/a	0.0	1	286189	n/a
558.98046875	n/a	1.0	2	286198	n/a
558.99609375	n/a	1.0	2	286206	n/a
559.013671875	n/a	0.0	1	286215	n/a
559.03125	n/a	0.0	1	286224	n/a
559.046875	n/a	1.0	2	286232	n/a
559.064453125	n/a	1.0	2	286241	n/a
559.080078125	n/a	0.0	1	286249	n/a
559.09765625	n/a	0.0	1	286258	n/a
559.11328125	n/a	1.0	2	286266	n/a
559.130859375	n/a	0.0	1	286275	n/a
559.146484375	n/a	1.0	2	286283	n/a
559.1640625	n/a	0.0	1	286292	n/a
559.1796875	n/a	1.0	2	286300	n/a
559.197265625	n/a	0.0	1	286309	n/a
559.212890625	n/a	1.0	2	286317	n/a
559.23046875	n/a	1.0	2	286326	n/a
559.24609375	n/a	0.0	1	286334	n/a
559.263671875	n/a	0.0	1	286343	n/a
559.28125	n/a	1.0	2	286352	n/a
559.296875	n/a	1.0	2	286360	n/a
559.314453125	n/a	0.0	1	286369	n/a
559.330078125	n/a	1.0	2	286377	n/a
559.34765625	n/a	0.0	1	286386	n/a
559.36328125	n/a	1.0	2	286394	n/a
559.380859375	n/a	0.0	1	286403	n/a
559.396484375	n/a	1.0	2	286411	n/a
559.4140625	n/a	0.0	1	286420	n/a
559.4296875	n/a	1.0	2	286428	n/a
559.447265625	n/a	0.0	1	286437	n/a
559.462890625	n/a	1.0	2	286445	n/a
559.48046875	n/a	0.0	1	286454	n/a
559.49609375	n/a	0.0	1	286462	n/a
559.513671875	n/a	1.0	2	286471	n/a
559.53125	n/a	1.0	2	286480	n/a
559.546875	n/a	0.0	1	286488	n/a
559.564453125	n/a	0.0	1	286497	n/a
559.580078125	n/a	1.0	2	286505	n/a
559.59765625	n/a	0.0	1	286514	n/a
559.61328125	n/a	1.0	2	286522	n/a
559.630859375	n/a	1.0	2	286531	n/a
559.646484375	n/a	0.0	1	286539	n/a
559.6640625	n/a	1.0	2	286548	n/a
559.6796875	n/a	0.0	1	286556	n/a
559.697265625	n/a	0.0	1	286565	n/a
559.712890625	n/a	1.0	2	286573	n/a
559.73046875	n/a	1.0	2	286582	n/a
559.74609375	n/a	0.0	1	286590	n/a
559.763671875	n/a	1.0	2	286599	n/a
559.78125	n/a	0.0	1	286608	n/a
559.796875	n/a	0.0	1	286616	n/a
559.814453125	n/a	1.0	2	286625	n/a
559.830078125	n/a	1.0	2	286633	n/a
559.84765625	n/a	0.0	1	286642	n/a
559.86328125	n/a	1.0	2	286650	n/a
559.880859375	n/a	0.0	1	286659	n/a
559.896484375	n/a	1.0	2	286667	n/a
559.9140625	n/a	0.0	1	286676	n/a
559.9296875	n/a	1.0	2	286684	n/a
559.947265625	n/a	0.0	1	286693	n/a
559.962890625	n/a	0.0	1	286701	n/a
559.98046875	n/a	1.0	2	286710	n/a
559.99609375	n/a	0.0	1	286718	n/a
560.013671875	n/a	1.0	2	286727	n/a
560.03125	n/a	0.0	1	286736	n/a
560.046875	n/a	1.0	2	286744	n/a
560.064453125	n/a	1.0	2	286753	n/a
560.080078125	n/a	0.0	1	286761	n/a
560.09765625	n/a	0.0	1	286770	n/a
560.11328125	n/a	1.0	2	286778	n/a
560.130859375	n/a	0.0	1	286787	n/a
560.146484375	n/a	1.0	2	286795	n/a
560.1640625	n/a	1.0	2	286804	n/a
560.1796875	n/a	0.0	1	286812	n/a
560.197265625	n/a	0.0	1	286821	n/a
560.212890625	n/a	1.0	2	286829	n/a
560.23046875	n/a	1.0	2	286838	n/a
560.24609375	n/a	0.0	1	286846	n/a
560.263671875	n/a	0.0	1	286855	n/a
560.28125	n/a	1.0	2	286864	n/a
560.296875	n/a	0.0	1	286872	n/a
560.314453125	n/a	1.0	2	286881	n/a
560.330078125	n/a	0.0	1	286889	n/a
560.34765625	n/a	1.0	2	286898	n/a
560.36328125	n/a	1.0	2	286906	n/a
560.380859375	n/a	0.0	1	286915	n/a
560.396484375	n/a	1.0	2	286923	n/a
560.4140625	n/a	0.0	1	286932	n/a
560.4296875	n/a	1.0	2	286940	n/a
560.447265625	n/a	0.0	1	286949	n/a
560.462890625	n/a	0.0	1	286957	n/a
560.48046875	n/a	1.0	2	286966	n/a
560.49609375	n/a	0.0	1	286974	n/a
560.513671875	n/a	1.0	2	286983	n/a
560.53125	n/a	1.0	2	286992	n/a
560.546875	n/a	0.0	1	287000	n/a
560.564453125	n/a	1.0	2	287009	n/a
560.580078125	n/a	0.0	1	287017	n/a
560.59765625	n/a	1.0	2	287026	n/a
560.61328125	n/a	0.0	1	287034	n/a
560.630859375	n/a	0.0	1	287043	n/a
560.646484375	n/a	1.0	2	287051	n/a
560.6640625	n/a	0.0	1	287060	n/a
560.6796875	n/a	1.0	2	287068	n/a
560.697265625	n/a	1.0	2	287077	n/a
560.712890625	n/a	0.0	1	287085	n/a
560.73046875	n/a	1.0	2	287094	n/a
560.74609375	n/a	0.0	1	287102	n/a
560.763671875	n/a	0.0	1	287111	n/a
560.78125	n/a	1.0	2	287120	n/a
560.796875	n/a	1.0	2	287128	n/a
560.814453125	n/a	0.0	1	287137	n/a
560.830078125	n/a	1.0	2	287145	n/a
560.84765625	n/a	0.0	1	287154	n/a
560.86328125	n/a	0.0	1	287162	n/a
560.880859375	n/a	1.0	2	287171	n/a
560.896484375	n/a	0.0	1	287179	n/a
560.9140625	n/a	1.0	2	287188	n/a
560.9296875	n/a	0.0	1	287196	n/a
560.947265625	n/a	1.0	2	287205	n/a
560.962890625	n/a	0.0	1	287213	n/a
560.98046875	n/a	1.0	2	287222	n/a
560.99609375	n/a	0.0	1	287230	n/a
561.013671875	n/a	1.0	2	287239	n/a
561.03125	n/a	1.0	2	287248	n/a
561.046875	n/a	0.0	1	287256	n/a
561.064453125	n/a	0.0	1	287265	n/a
561.080078125	n/a	1.0	2	287273	n/a
561.09765625	n/a	1.0	2	287282	n/a
561.11328125	n/a	0.0	1	287290	n/a
561.130859375	n/a	0.0	1	287299	n/a
561.146484375	n/a	1.0	2	287307	n/a
561.1640625	n/a	1.0	2	287316	n/a
561.1796875	n/a	0.0	1	287324	n/a
561.197265625	n/a	0.0	1	287333	n/a
561.212890625	n/a	1.0	2	287341	n/a
561.23046875	n/a	0.0	1	287350	n/a
561.24609375	n/a	1.0	2	287358	n/a
561.263671875	n/a	0.0	1	287367	n/a
561.28125	n/a	1.0	2	287376	n/a
561.296875	n/a	0.0	1	287384	n/a
561.314453125	n/a	1.0	2	287393	n/a
561.330078125	n/a	1.0	2	287401	n/a
561.34765625	n/a	0.0	1	287410	n/a
561.36328125	n/a	0.0	1	287418	n/a
561.380859375	n/a	1.0	2	287427	n/a
561.396484375	n/a	1.0	2	287435	n/a
561.4140625	n/a	0.0	1	287444	n/a
561.4296875	n/a	1.0	2	287452	n/a
561.447265625	n/a	0.0	1	287461	n/a
561.462890625	n/a	1.0	2	287469	n/a
561.48046875	n/a	0.0	1	287478	n/a
561.49609375	n/a	1.0	2	287486	n/a
561.513671875	n/a	0.0	1	287495	n/a
561.53125	n/a	1.0	2	287504	n/a
561.546875	n/a	0.0	1	287512	n/a
561.564453125	n/a	1.0	2	287521	n/a
561.580078125	n/a	0.0	1	287529	n/a
561.59765625	n/a	0.0	1	287538	n/a
561.61328125	n/a	1.0	2	287546	n/a
561.630859375	n/a	1.0	2	287555	n/a
561.646484375	n/a	0.0	1	287563	n/a
561.6640625	n/a	0.0	1	287572	n/a
561.6796875	n/a	1.0	2	287580	n/a
561.697265625	n/a	0.0	1	287589	n/a
561.712890625	n/a	1.0	2	287597	n/a
561.73046875	n/a	1.0	2	287606	n/a
561.74609375	n/a	0.0	1	287614	n/a
561.763671875	n/a	1.0	2	287623	n/a
561.78125	n/a	0.0	1	287632	n/a
561.796875	n/a	0.0	1	287640	n/a
561.814453125	n/a	1.0	2	287649	n/a
561.830078125	n/a	1.0	2	287657	n/a
561.84765625	n/a	0.0	1	287666	n/a
561.86328125	n/a	1.0	2	287674	n/a
561.880859375	n/a	0.0	1	287683	n/a
561.896484375	n/a	0.0	1	287691	n/a
561.9140625	n/a	1.0	2	287700	n/a
561.9296875	n/a	1.0	2	287708	n/a
561.947265625	n/a	0.0	1	287717	n/a
561.962890625	n/a	1.0	2	287725	n/a
561.98046875	n/a	0.0	1	287734	n/a
561.99609375	n/a	1.0	2	287742	n/a
562.013671875	n/a	0.0	1	287751	n/a
562.03125	n/a	1.0	2	287760	n/a
562.046875	n/a	0.0	1	287768	n/a
562.064453125	n/a	0.0	1	287777	n/a
562.080078125	n/a	1.0	2	287785	n/a
562.09765625	n/a	0.0	1	287794	n/a
562.11328125	n/a	1.0	2	287802	n/a
562.130859375	n/a	0.0	1	287811	n/a
562.146484375	n/a	1.0	2	287819	n/a
562.1640625	n/a	1.0	2	287828	n/a
562.1796875	n/a	0.0	1	287836	n/a
562.197265625	n/a	0.0	1	287845	n/a
562.212890625	n/a	1.0	2	287853	n/a
562.23046875	n/a	0.0	1	287862	n/a
562.24609375	n/a	1.0	2	287870	n/a
562.263671875	n/a	1.0	2	287879	n/a
562.28125	n/a	0.0	1	287888	n/a
562.296875	n/a	0.0	1	287896	n/a
562.314453125	n/a	1.0	2	287905	n/a
562.330078125	n/a	1.0	2	287913	n/a
562.34765625	n/a	0.0	1	287922	n/a
562.36328125	n/a	0.0	1	287930	n/a
562.380859375	n/a	1.0	2	287939	n/a
562.396484375	n/a	0.0	1	287947	n/a
562.4140625	n/a	1.0	2	287956	n/a
562.4296875	n/a	0.0	1	287964	n/a
562.447265625	n/a	1.0	2	287973	n/a
562.462890625	n/a	1.0	2	287981	n/a
562.48046875	n/a	0.0	1	287990	n/a
562.49609375	n/a	1.0	2	287998	n/a
562.513671875	n/a	0.0	1	288007	n/a
562.53125	n/a	1.0	2	288016	n/a
562.546875	n/a	0.0	1	288024	n/a
562.564453125	n/a	0.0	1	288033	n/a
562.580078125	n/a	1.0	2	288041	n/a
562.59765625	n/a	0.0	1	288050	n/a
562.61328125	n/a	1.0	2	288058	n/a
562.630859375	n/a	1.0	2	288067	n/a
562.646484375	n/a	0.0	1	288075	n/a
562.6640625	n/a	1.0	2	288084	n/a
562.6796875	n/a	0.0	1	288092	n/a
562.697265625	n/a	1.0	2	288101	n/a
562.712890625	n/a	0.0	1	288109	n/a
562.73046875	n/a	0.0	1	288118	n/a
562.74609375	n/a	1.0	2	288126	n/a
562.763671875	n/a	0.0	1	288135	n/a
562.78125	n/a	1.0	2	288144	n/a
562.796875	n/a	1.0	2	288152	n/a
562.814453125	n/a	0.0	1	288161	n/a
562.830078125	n/a	1.0	2	288169	n/a
562.84765625	n/a	0.0	1	288178	n/a
562.86328125	n/a	0.0	1	288186	n/a
562.880859375	n/a	1.0	2	288195	n/a
562.896484375	n/a	1.0	2	288203	n/a
562.9140625	n/a	0.0	1	288212	n/a
562.9296875	n/a	1.0	2	288220	n/a
562.947265625	n/a	0.0	1	288229	n/a
562.962890625	n/a	0.0	1	288237	n/a
562.98046875	n/a	1.0	2	288246	n/a
562.99609375	n/a	0.0	1	288254	n/a
563.013671875	n/a	1.0	2	288263	n/a
563.03125	n/a	0.0	1	288272	n/a
563.046875	n/a	1.0	2	288280	n/a
563.064453125	n/a	0.0	1	288289	n/a
563.080078125	n/a	1.0	2	288297	n/a
563.09765625	n/a	0.0	1	288306	n/a
563.11328125	n/a	1.0	2	288314	n/a
563.130859375	n/a	1.0	2	288323	n/a
563.146484375	n/a	0.0	1	288331	n/a
563.1640625	n/a	0.0	1	288340	n/a
563.1796875	n/a	1.0	2	288348	n/a
563.197265625	n/a	1.0	2	288357	n/a
563.212890625	n/a	0.0	1	288365	n/a
563.23046875	n/a	0.0	1	288374	n/a
563.24609375	n/a	1.0	2	288382	n/a
563.263671875	n/a	1.0	2	288391	n/a
563.28125	n/a	0.0	1	288400	n/a
563.296875	n/a	0.0	1	288408	n/a
563.314453125	n/a	1.0	2	288417	n/a
563.330078125	n/a	0.0	1	288425	n/a
563.34765625	n/a	1.0	2	288434	n/a
563.36328125	n/a	0.0	1	288442	n/a
563.380859375	n/a	1.0	2	288451	n/a
563.396484375	n/a	0.0	1	288459	n/a
563.4140625	n/a	1.0	2	288468	n/a
563.4296875	n/a	1.0	2	288476	n/a
563.447265625	n/a	0.0	1	288485	n/a
563.462890625	n/a	0.0	1	288493	n/a
563.48046875	n/a	1.0	2	288502	n/a
563.49609375	n/a	1.0	2	288510	n/a
563.513671875	n/a	0.0	1	288519	n/a
563.53125	n/a	1.0	2	288528	n/a
563.546875	n/a	0.0	1	288536	n/a
563.564453125	n/a	1.0	2	288545	n/a
563.580078125	n/a	0.0	1	288553	n/a
563.59765625	n/a	1.0	2	288562	n/a
563.61328125	n/a	0.0	1	288570	n/a
563.630859375	n/a	1.0	2	288579	n/a
563.646484375	n/a	0.0	1	288587	n/a
563.6640625	n/a	1.0	2	288596	n/a
563.6796875	n/a	0.0	1	288604	n/a
563.697265625	n/a	0.0	1	288613	n/a
563.712890625	n/a	1.0	2	288621	n/a
563.73046875	n/a	1.0	2	288630	n/a
563.74609375	n/a	0.0	1	288638	n/a
563.763671875	n/a	0.0	1	288647	n/a
563.78125	n/a	1.0	2	288656	n/a
563.796875	n/a	0.0	1	288664	n/a
563.814453125	n/a	1.0	2	288673	n/a
563.830078125	n/a	1.0	2	288681	n/a
563.84765625	n/a	0.0	1	288690	n/a
563.86328125	n/a	1.0	2	288698	n/a
563.880859375	n/a	0.0	1	288707	n/a
563.896484375	n/a	0.0	1	288715	n/a
563.9140625	n/a	1.0	2	288724	n/a
563.9296875	n/a	1.0	2	288732	n/a
563.947265625	n/a	0.0	1	288741	n/a
563.962890625	n/a	1.0	2	288749	n/a
563.98046875	n/a	0.0	1	288758	n/a
563.99609375	n/a	0.0	1	288766	n/a
564.013671875	n/a	1.0	2	288775	n/a
564.03125	n/a	1.0	2	288784	n/a
564.046875	n/a	0.0	1	288792	n/a
564.064453125	n/a	1.0	2	288801	n/a
564.080078125	n/a	0.0	1	288809	n/a
564.09765625	n/a	1.0	2	288818	n/a
564.11328125	n/a	0.0	1	288826	n/a
564.130859375	n/a	1.0	2	288835	n/a
564.146484375	n/a	0.0	1	288843	n/a
564.1640625	n/a	0.0	1	288852	n/a
564.1796875	n/a	1.0	2	288860	n/a
564.197265625	n/a	0.0	1	288869	n/a
564.212890625	n/a	1.0	2	288877	n/a
564.23046875	n/a	0.0	1	288886	n/a
564.24609375	n/a	1.0	2	288894	n/a
564.263671875	n/a	1.0	2	288903	n/a
564.28125	n/a	0.0	1	288912	n/a
564.296875	n/a	0.0	1	288920	n/a
564.314453125	n/a	1.0	2	288929	n/a
564.330078125	n/a	0.0	1	288937	n/a
564.34765625	n/a	1.0	2	288946	n/a
564.36328125	n/a	1.0	2	288954	n/a
564.380859375	n/a	0.0	1	288963	n/a
564.396484375	n/a	0.0	1	288971	n/a
564.4140625	n/a	1.0	2	288980	n/a
564.4296875	n/a	1.0	2	288988	n/a
564.447265625	n/a	0.0	1	288997	n/a
564.462890625	n/a	0.0	1	289005	n/a
564.48046875	n/a	1.0	2	289014	n/a
564.49609375	n/a	0.0	1	289022	n/a
564.513671875	n/a	1.0	2	289031	n/a
564.53125	n/a	0.0	1	289040	n/a
564.546875	n/a	1.0	2	289048	n/a
564.564453125	n/a	1.0	2	289057	n/a
564.580078125	n/a	0.0	1	289065	n/a
564.59765625	n/a	1.0	2	289074	n/a
564.61328125	n/a	0.0	1	289082	n/a
564.630859375	n/a	1.0	2	289091	n/a
564.646484375	n/a	0.0	1	289099	n/a
564.6640625	n/a	0.0	1	289108	n/a
564.6796875	n/a	1.0	2	289116	n/a
564.697265625	n/a	0.0	1	289125	n/a
564.712890625	n/a	1.0	2	289133	n/a
564.73046875	n/a	1.0	2	289142	n/a
564.74609375	n/a	0.0	1	289150	n/a
564.763671875	n/a	1.0	2	289159	n/a
564.78125	n/a	0.0	1	289168	n/a
564.796875	n/a	1.0	2	289176	n/a
564.814453125	n/a	0.0	1	289185	n/a
564.830078125	n/a	0.0	1	289193	n/a
564.84765625	n/a	1.0	2	289202	n/a
564.86328125	n/a	0.0	1	289210	n/a
564.880859375	n/a	1.0	2	289219	n/a
564.896484375	n/a	1.0	2	289227	n/a
564.9140625	n/a	0.0	1	289236	n/a
564.9296875	n/a	1.0	2	289244	n/a
564.947265625	n/a	0.0	1	289253	n/a
564.962890625	n/a	0.0	1	289261	n/a
564.98046875	n/a	1.0	2	289270	n/a
564.99609375	n/a	1.0	2	289278	n/a
565.013671875	n/a	0.0	1	289287	n/a
565.03125	n/a	1.0	2	289296	n/a
565.046875	n/a	0.0	1	289304	n/a
565.064453125	n/a	0.0	1	289313	n/a
565.080078125	n/a	1.0	2	289321	n/a
565.09765625	n/a	0.0	1	289330	n/a
565.11328125	n/a	1.0	2	289338	n/a
565.130859375	n/a	0.0	1	289347	n/a
565.146484375	n/a	1.0	2	289355	n/a
565.1640625	n/a	0.0	1	289364	n/a
565.1796875	n/a	1.0	2	289372	n/a
565.197265625	n/a	0.0	1	289381	n/a
565.212890625	n/a	1.0	2	289389	n/a
565.23046875	n/a	1.0	2	289398	n/a
565.24609375	n/a	0.0	1	289406	n/a
565.263671875	n/a	0.0	1	289415	n/a
565.28125	n/a	1.0	2	289424	n/a
565.296875	n/a	1.0	2	289432	n/a
565.314453125	n/a	0.0	1	289441	n/a
565.330078125	n/a	0.0	1	289449	n/a
565.34765625	n/a	1.0	2	289458	n/a
565.36328125	n/a	1.0	2	289466	n/a
565.380859375	n/a	0.0	1	289475	n/a
565.396484375	n/a	0.0	1	289483	n/a
565.4140625	n/a	1.0	2	289492	n/a
565.4296875	n/a	0.0	1	289500	n/a
565.447265625	n/a	1.0	2	289509	n/a
565.462890625	n/a	0.0	1	289517	n/a
565.48046875	n/a	1.0	2	289526	n/a
565.49609375	n/a	0.0	1	289534	n/a
565.513671875	n/a	1.0	2	289543	n/a
565.53125	n/a	1.0	2	289552	n/a
565.546875	n/a	0.0	1	289560	n/a
565.564453125	n/a	0.0	1	289569	n/a
565.580078125	n/a	1.0	2	289577	n/a
565.59765625	n/a	1.0	2	289586	n/a
565.61328125	n/a	0.0	1	289594	n/a
565.630859375	n/a	1.0	2	289603	n/a
565.646484375	n/a	0.0	1	289611	n/a
565.6640625	n/a	1.0	2	289620	n/a
565.6796875	n/a	0.0	1	289628	n/a
565.697265625	n/a	1.0	2	289637	n/a
565.712890625	n/a	0.0	1	289645	n/a
565.73046875	n/a	1.0	2	289654	n/a
565.74609375	n/a	0.0	1	289662	n/a
565.763671875	n/a	1.0	2	289671	n/a
565.78125	n/a	0.0	1	289680	n/a
565.796875	n/a	0.0	1	289688	n/a
565.814453125	n/a	1.0	2	289697	n/a
565.830078125	n/a	1.0	2	289705	n/a
565.84765625	n/a	0.0	1	289714	n/a
565.86328125	n/a	0.0	1	289722	n/a
565.880859375	n/a	1.0	2	289731	n/a
565.896484375	n/a	0.0	1	289739	n/a
565.9140625	n/a	1.0	2	289748	n/a
565.9296875	n/a	1.0	2	289756	n/a
565.947265625	n/a	0.0	1	289765	n/a
565.962890625	n/a	1.0	2	289773	n/a
565.98046875	n/a	0.0	1	289782	n/a
565.99609375	n/a	0.0	1	289790	n/a
566.013671875	n/a	1.0	2	289799	n/a
566.03125	n/a	1.0	2	289808	n/a
566.046875	n/a	0.0	1	289816	n/a
566.064453125	n/a	1.0	2	289825	n/a
566.080078125	n/a	0.0	1	289833	n/a
566.09765625	n/a	0.0	1	289842	n/a
566.11328125	n/a	1.0	2	289850	n/a
566.130859375	n/a	1.0	2	289859	n/a
566.146484375	n/a	0.0	1	289867	n/a
566.1640625	n/a	1.0	2	289876	n/a
566.1796875	n/a	0.0	1	289884	n/a
566.197265625	n/a	1.0	2	289893	n/a
566.212890625	n/a	0.0	1	289901	n/a
566.23046875	n/a	1.0	2	289910	n/a
566.24609375	n/a	0.0	1	289918	n/a
566.263671875	n/a	0.0	1	289927	n/a
566.28125	n/a	1.0	2	289936	n/a
566.296875	n/a	0.0	1	289944	n/a
566.314453125	n/a	1.0	2	289953	n/a
566.330078125	n/a	0.0	1	289961	n/a
566.34765625	n/a	1.0	2	289970	n/a
566.36328125	n/a	1.0	2	289978	n/a
566.380859375	n/a	0.0	1	289987	n/a
566.396484375	n/a	0.0	1	289995	n/a
566.4140625	n/a	1.0	2	290004	n/a
566.4296875	n/a	0.0	1	290012	n/a
566.447265625	n/a	1.0	2	290021	n/a
566.462890625	n/a	1.0	2	290029	n/a
566.48046875	n/a	0.0	1	290038	n/a
566.49609375	n/a	0.0	1	290046	n/a
566.513671875	n/a	1.0	2	290055	n/a
566.53125	n/a	1.0	2	290064	n/a
566.546875	n/a	0.0	1	290072	n/a
566.564453125	n/a	0.0	1	290081	n/a
566.580078125	n/a	1.0	2	290089	n/a
566.59765625	n/a	0.0	1	290098	n/a
566.61328125	n/a	1.0	2	290106	n/a
566.630859375	n/a	0.0	1	290115	n/a
566.646484375	n/a	1.0	2	290123	n/a
566.6640625	n/a	1.0	2	290132	n/a
566.6796875	n/a	0.0	1	290140	n/a
566.697265625	n/a	1.0	2	290149	n/a
566.712890625	n/a	0.0	1	290157	n/a
566.73046875	n/a	1.0	2	290166	n/a
566.74609375	n/a	0.0	1	290174	n/a
566.763671875	n/a	0.0	1	290183	n/a
566.78125	n/a	1.0	2	290192	n/a
566.796875	n/a	0.0	1	290200	n/a
566.814453125	n/a	1.0	2	290209	n/a
566.830078125	n/a	1.0	2	290217	n/a
566.84765625	n/a	0.0	1	290226	n/a
566.86328125	n/a	1.0	2	290234	n/a
566.880859375	n/a	0.0	1	290243	n/a
566.896484375	n/a	1.0	2	290251	n/a
566.9140625	n/a	0.0	1	290260	n/a
566.9296875	n/a	0.0	1	290268	n/a
566.947265625	n/a	1.0	2	290277	n/a
566.962890625	n/a	0.0	1	290285	n/a
566.98046875	n/a	1.0	2	290294	n/a
566.99609375	n/a	1.0	2	290302	n/a
567.013671875	n/a	0.0	1	290311	n/a
567.03125	n/a	1.0	2	290320	n/a
567.046875	n/a	0.0	1	290328	n/a
567.064453125	n/a	0.0	1	290337	n/a
567.080078125	n/a	1.0	2	290345	n/a
567.09765625	n/a	1.0	2	290354	n/a
567.11328125	n/a	0.0	1	290362	n/a
567.130859375	n/a	1.0	2	290371	n/a
567.146484375	n/a	0.0	1	290379	n/a
567.1640625	n/a	0.0	1	290388	n/a
567.1796875	n/a	1.0	2	290396	n/a
567.197265625	n/a	0.0	1	290405	n/a
567.212890625	n/a	1.0	2	290413	n/a
567.23046875	n/a	0.0	1	290422	n/a
567.24609375	n/a	1.0	2	290430	n/a
567.263671875	n/a	0.0	1	290439	n/a
567.28125	n/a	1.0	2	290448	n/a
567.296875	n/a	0.0	1	290456	n/a
567.314453125	n/a	1.0	2	290465	n/a
567.330078125	n/a	1.0	2	290473	n/a
567.34765625	n/a	0.0	1	290482	n/a
567.36328125	n/a	0.0	1	290490	n/a
567.380859375	n/a	1.0	2	290499	n/a
567.396484375	n/a	1.0	2	290507	n/a
567.4140625	n/a	0.0	1	290516	n/a
567.4296875	n/a	0.0	1	290524	n/a
567.447265625	n/a	1.0	2	290533	n/a
567.462890625	n/a	1.0	2	290541	n/a
567.48046875	n/a	0.0	1	290550	n/a
567.49609375	n/a	0.0	1	290558	n/a
567.513671875	n/a	1.0	2	290567	n/a
567.53125	n/a	0.0	1	290576	n/a
567.546875	n/a	1.0	2	290584	n/a
567.564453125	n/a	0.0	1	290593	n/a
567.580078125	n/a	1.0	2	290601	n/a
567.59765625	n/a	0.0	1	290610	n/a
567.61328125	n/a	1.0	2	290618	n/a
567.630859375	n/a	1.0	2	290627	n/a
567.646484375	n/a	0.0	1	290635	n/a
567.6640625	n/a	0.0	1	290644	n/a
567.6796875	n/a	1.0	2	290652	n/a
567.697265625	n/a	1.0	2	290661	n/a
567.712890625	n/a	0.0	1	290669	n/a
567.73046875	n/a	1.0	2	290678	n/a
567.74609375	n/a	0.0	1	290686	n/a
569.1171875	n/a	1.0	2	291388	3.0
569.134765625	n/a	0.0	1	291397	n/a
569.150390625	n/a	1.0	2	291405	n/a
569.16796875	n/a	0.0	1	291414	n/a
569.18359375	n/a	1.0	2	291422	n/a
569.201171875	n/a	0.0	1	291431	n/a
569.216796875	n/a	0.0	1	291439	n/a
569.234375	n/a	1.0	2	291448	n/a
569.25	n/a	1.0	2	291456	n/a
569.267578125	n/a	0.0	1	291465	n/a
569.283203125	n/a	1.0	2	291473	n/a
569.30078125	n/a	0.0	1	291482	n/a
569.31640625	n/a	0.0	1	291490	n/a
569.333984375	n/a	1.0	2	291499	n/a
569.349609375	n/a	0.0	1	291507	n/a
569.3671875	n/a	1.0	2	291516	n/a
569.384765625	n/a	1.0	2	291525	n/a
569.400390625	n/a	0.0	1	291533	n/a
569.41796875	n/a	0.0	1	291542	n/a
569.43359375	n/a	1.0	2	291550	n/a
569.451171875	n/a	0.0	1	291559	n/a
569.466796875	n/a	1.0	2	291567	n/a
569.484375	n/a	1.0	2	291576	n/a
569.5	n/a	0.0	1	291584	n/a
569.517578125	n/a	1.0	2	291593	n/a
569.533203125	n/a	0.0	1	291601	n/a
569.55078125	n/a	0.0	1	291610	n/a
569.56640625	n/a	1.0	2	291618	n/a
569.583984375	n/a	1.0	2	291627	n/a
569.599609375	n/a	0.0	1	291635	n/a
569.6171875	n/a	0.0	1	291644	n/a
569.634765625	n/a	1.0	2	291653	n/a
569.650390625	n/a	0.0	1	291661	n/a
569.66796875	n/a	1.0	2	291670	n/a
569.68359375	n/a	0.0	1	291678	n/a
569.701171875	n/a	1.0	2	291687	n/a
569.716796875	n/a	1.0	2	291695	n/a
569.734375	n/a	0.0	1	291704	n/a
569.75	n/a	1.0	2	291712	n/a
569.767578125	n/a	0.0	1	291721	n/a
569.783203125	n/a	1.0	2	291729	n/a
569.80078125	n/a	0.0	1	291738	n/a
569.81640625	n/a	1.0	2	291746	n/a
569.833984375	n/a	0.0	1	291755	n/a
569.849609375	n/a	1.0	2	291763	n/a
569.8671875	n/a	0.0	1	291772	n/a
569.884765625	n/a	0.0	1	291781	n/a
569.900390625	n/a	1.0	2	291789	n/a
569.91796875	n/a	0.0	1	291798	n/a
569.93359375	n/a	1.0	2	291806	n/a
569.951171875	n/a	0.0	1	291815	n/a
569.966796875	n/a	1.0	2	291823	n/a
569.984375	n/a	0.0	1	291832	n/a
570.0	n/a	1.0	2	291840	n/a
570.017578125	n/a	1.0	2	291849	n/a
570.033203125	n/a	0.0	1	291857	n/a
570.05078125	n/a	0.0	1	291866	n/a
570.06640625	n/a	1.0	2	291874	n/a
570.083984375	n/a	0.0	1	291883	n/a
570.099609375	n/a	1.0	2	291891	n/a
570.1171875	n/a	0.0	1	291900	n/a
570.134765625	n/a	1.0	2	291909	n/a
570.150390625	n/a	0.0	1	291917	n/a
570.16796875	n/a	1.0	2	291926	n/a
570.18359375	n/a	1.0	2	291934	n/a
570.201171875	n/a	0.0	1	291943	n/a
570.216796875	n/a	1.0	2	291951	n/a
570.234375	n/a	0.0	1	291960	n/a
570.25	n/a	1.0	2	291968	n/a
570.267578125	n/a	0.0	1	291977	n/a
570.283203125	n/a	0.0	1	291985	n/a
570.30078125	n/a	1.0	2	291994	n/a
570.31640625	n/a	1.0	2	292002	n/a
570.333984375	n/a	0.0	1	292011	n/a
570.349609375	n/a	0.0	1	292019	n/a
570.3671875	n/a	1.0	2	292028	n/a
570.384765625	n/a	1.0	2	292037	n/a
570.400390625	n/a	0.0	1	292045	n/a
570.41796875	n/a	0.0	1	292054	n/a
570.43359375	n/a	1.0	2	292062	n/a
570.451171875	n/a	0.0	1	292071	n/a
570.466796875	n/a	1.0	2	292079	n/a
570.484375	n/a	1.0	2	292088	n/a
570.5	n/a	0.0	1	292096	n/a
570.517578125	n/a	0.0	1	292105	n/a
570.533203125	n/a	1.0	2	292113	n/a
570.55078125	n/a	0.0	1	292122	n/a
570.56640625	n/a	1.0	2	292130	n/a
570.583984375	n/a	1.0	2	292139	n/a
570.599609375	n/a	0.0	1	292147	n/a
570.6171875	n/a	0.0	1	292156	n/a
570.634765625	n/a	1.0	2	292165	n/a
570.650390625	n/a	1.0	2	292173	n/a
570.66796875	n/a	0.0	1	292182	n/a
570.68359375	n/a	1.0	2	292190	n/a
570.701171875	n/a	0.0	1	292199	n/a
570.716796875	n/a	1.0	2	292207	n/a
570.734375	n/a	0.0	1	292216	n/a
570.75	n/a	0.0	1	292224	n/a
570.767578125	n/a	1.0	2	292233	n/a
570.783203125	n/a	1.0	2	292241	n/a
570.80078125	n/a	0.0	1	292250	n/a
570.81640625	n/a	0.0	1	292258	n/a
570.833984375	n/a	1.0	2	292267	n/a
570.849609375	n/a	0.0	1	292275	n/a
570.8671875	n/a	1.0	2	292284	n/a
570.884765625	n/a	0.0	1	292293	n/a
570.900390625	n/a	1.0	2	292301	n/a
570.91796875	n/a	0.0	1	292310	n/a
570.93359375	n/a	1.0	2	292318	n/a
570.951171875	n/a	1.0	2	292327	n/a
570.966796875	n/a	0.0	1	292335	n/a
570.984375	n/a	1.0	2	292344	n/a
571.0	n/a	0.0	1	292352	n/a
571.017578125	n/a	1.0	2	292361	n/a
571.033203125	n/a	0.0	1	292369	n/a
571.05078125	n/a	0.0	1	292378	n/a
571.06640625	n/a	1.0	2	292386	n/a
571.083984375	n/a	1.0	2	292395	n/a
571.099609375	n/a	0.0	1	292403	n/a
571.1171875	n/a	1.0	2	292412	n/a
571.134765625	n/a	0.0	1	292421	n/a
571.150390625	n/a	1.0	2	292429	n/a
571.16796875	n/a	0.0	1	292438	n/a
571.18359375	n/a	0.0	1	292446	n/a
571.201171875	n/a	1.0	2	292455	n/a
571.216796875	n/a	1.0	2	292463	n/a
571.234375	n/a	0.0	1	292472	n/a
571.25	n/a	1.0	2	292480	n/a
571.267578125	n/a	0.0	1	292489	n/a
571.283203125	n/a	1.0	2	292497	n/a
571.30078125	n/a	0.0	1	292506	n/a
571.31640625	n/a	0.0	1	292514	n/a
571.333984375	n/a	1.0	2	292523	n/a
571.349609375	n/a	1.0	2	292531	n/a
571.3671875	n/a	0.0	1	292540	n/a
571.384765625	n/a	1.0	2	292549	n/a
571.400390625	n/a	0.0	1	292557	n/a
571.41796875	n/a	0.0	1	292566	n/a
571.43359375	n/a	1.0	2	292574	n/a
571.451171875	n/a	0.0	1	292583	n/a
571.466796875	n/a	1.0	2	292591	n/a
571.484375	n/a	1.0	2	292600	n/a
571.5	n/a	0.0	1	292608	n/a
571.517578125	n/a	0.0	1	292617	n/a
571.533203125	n/a	1.0	2	292625	n/a
571.55078125	n/a	0.0	1	292634	n/a
571.56640625	n/a	1.0	2	292642	n/a
571.583984375	n/a	1.0	2	292651	n/a
571.599609375	n/a	0.0	1	292659	n/a
571.6171875	n/a	1.0	2	292668	n/a
571.634765625	n/a	0.0	1	292677	n/a
571.650390625	n/a	0.0	1	292685	n/a
571.66796875	n/a	1.0	2	292694	n/a
571.68359375	n/a	1.0	2	292702	n/a
571.701171875	n/a	0.0	1	292711	n/a
571.716796875	n/a	0.0	1	292719	n/a
571.734375	n/a	1.0	2	292728	n/a
571.75	n/a	0.0	1	292736	n/a
571.767578125	n/a	1.0	2	292745	n/a
571.783203125	n/a	0.0	1	292753	n/a
571.80078125	n/a	1.0	2	292762	n/a
571.81640625	n/a	1.0	2	292770	n/a
571.833984375	n/a	0.0	1	292779	n/a
571.849609375	n/a	1.0	2	292787	n/a
571.8671875	n/a	0.0	1	292796	n/a
571.884765625	n/a	1.0	2	292805	n/a
571.900390625	n/a	0.0	1	292813	n/a
571.91796875	n/a	1.0	2	292822	n/a
571.93359375	n/a	0.0	1	292830	n/a
571.951171875	n/a	1.0	2	292839	n/a
571.966796875	n/a	0.0	1	292847	n/a
571.984375	n/a	0.0	1	292856	n/a
572.0	n/a	1.0	2	292864	n/a
572.017578125	n/a	0.0	1	292873	n/a
572.033203125	n/a	1.0	2	292881	n/a
572.05078125	n/a	0.0	1	292890	n/a
572.06640625	n/a	1.0	2	292898	n/a
572.083984375	n/a	0.0	1	292907	n/a
572.099609375	n/a	1.0	2	292915	n/a
572.1171875	n/a	1.0	2	292924	n/a
572.134765625	n/a	0.0	1	292933	n/a
572.150390625	n/a	0.0	1	292941	n/a
572.16796875	n/a	1.0	2	292950	n/a
572.18359375	n/a	0.0	1	292958	n/a
572.201171875	n/a	1.0	2	292967	n/a
572.216796875	n/a	0.0	1	292975	n/a
572.234375	n/a	1.0	2	292984	n/a
572.25	n/a	0.0	1	292992	n/a
572.267578125	n/a	1.0	2	293001	n/a
572.283203125	n/a	1.0	2	293009	n/a
572.30078125	n/a	0.0	1	293018	n/a
572.31640625	n/a	1.0	2	293026	n/a
572.333984375	n/a	0.0	1	293035	n/a
572.349609375	n/a	1.0	2	293043	n/a
572.3671875	n/a	0.0	1	293052	n/a
572.384765625	n/a	0.0	1	293061	n/a
572.400390625	n/a	1.0	2	293069	n/a
572.41796875	n/a	1.0	2	293078	n/a
572.43359375	n/a	0.0	1	293086	n/a
572.451171875	n/a	0.0	1	293095	n/a
572.466796875	n/a	1.0	2	293103	n/a
572.484375	n/a	1.0	2	293112	n/a
572.5	n/a	0.0	1	293120	n/a
572.517578125	n/a	0.0	1	293129	n/a
572.533203125	n/a	1.0	2	293137	n/a
572.55078125	n/a	0.0	1	293146	n/a
572.56640625	n/a	1.0	2	293154	n/a
572.583984375	n/a	1.0	2	293163	n/a
572.599609375	n/a	0.0	1	293171	n/a
572.6171875	n/a	0.0	1	293180	n/a
572.634765625	n/a	1.0	2	293189	n/a
572.650390625	n/a	0.0	1	293197	n/a
572.66796875	n/a	1.0	2	293206	n/a
572.68359375	n/a	1.0	2	293214	n/a
572.701171875	n/a	0.0	1	293223	n/a
572.716796875	n/a	0.0	1	293231	n/a
572.734375	n/a	1.0	2	293240	n/a
572.75	n/a	1.0	2	293248	n/a
572.767578125	n/a	0.0	1	293257	n/a
572.783203125	n/a	1.0	2	293265	n/a
572.80078125	n/a	0.0	1	293274	n/a
572.81640625	n/a	1.0	2	293282	n/a
572.833984375	n/a	0.0	1	293291	n/a
572.849609375	n/a	0.0	1	293299	n/a
572.8671875	n/a	1.0	2	293308	n/a
572.884765625	n/a	1.0	2	293317	n/a
572.900390625	n/a	0.0	1	293325	n/a
572.91796875	n/a	0.0	1	293334	n/a
572.93359375	n/a	1.0	2	293342	n/a
572.951171875	n/a	0.0	1	293351	n/a
572.966796875	n/a	1.0	2	293359	n/a
572.984375	n/a	0.0	1	293368	n/a
573.0	n/a	1.0	2	293376	n/a
573.017578125	n/a	0.0	1	293385	n/a
573.033203125	n/a	1.0	2	293393	n/a
573.05078125	n/a	1.0	2	293402	n/a
573.06640625	n/a	0.0	1	293410	n/a
573.083984375	n/a	1.0	2	293419	n/a
573.099609375	n/a	0.0	1	293427	n/a
573.1171875	n/a	1.0	2	293436	n/a
573.134765625	n/a	0.0	1	293445	n/a
573.150390625	n/a	0.0	1	293453	n/a
573.16796875	n/a	1.0	2	293462	n/a
573.18359375	n/a	1.0	2	293470	n/a
573.201171875	n/a	0.0	1	293479	n/a
573.216796875	n/a	1.0	2	293487	n/a
573.234375	n/a	0.0	1	293496	n/a
573.25	n/a	1.0	2	293504	n/a
573.267578125	n/a	0.0	1	293513	n/a
573.283203125	n/a	0.0	1	293521	n/a
573.30078125	n/a	1.0	2	293530	n/a
573.31640625	n/a	1.0	2	293538	n/a
573.333984375	n/a	0.0	1	293547	n/a
573.349609375	n/a	1.0	2	293555	n/a
573.3671875	n/a	0.0	1	293564	n/a
573.384765625	n/a	1.0	2	293573	n/a
573.400390625	n/a	0.0	1	293581	n/a
573.41796875	n/a	0.0	1	293590	n/a
573.43359375	n/a	1.0	2	293598	n/a
573.451171875	n/a	1.0	2	293607	n/a
573.466796875	n/a	0.0	1	293615	n/a
573.484375	n/a	1.0	2	293624	n/a
573.5	n/a	0.0	1	293632	n/a
573.517578125	n/a	0.0	1	293641	n/a
573.533203125	n/a	1.0	2	293649	n/a
573.55078125	n/a	0.0	1	293658	n/a
573.56640625	n/a	1.0	2	293666	n/a
573.583984375	n/a	1.0	2	293675	n/a
573.599609375	n/a	0.0	1	293683	n/a
573.6171875	n/a	0.0	1	293692	n/a
573.634765625	n/a	1.0	2	293701	n/a
573.650390625	n/a	0.0	1	293709	n/a
573.66796875	n/a	1.0	2	293718	n/a
573.68359375	n/a	1.0	2	293726	n/a
573.701171875	n/a	0.0	1	293735	n/a
573.716796875	n/a	1.0	2	293743	n/a
573.734375	n/a	0.0	1	293752	n/a
573.75	n/a	0.0	1	293760	n/a
573.767578125	n/a	1.0	2	293769	n/a
573.783203125	n/a	1.0	2	293777	n/a
573.80078125	n/a	0.0	1	293786	n/a
573.81640625	n/a	0.0	1	293794	n/a
573.833984375	n/a	1.0	2	293803	n/a
573.849609375	n/a	0.0	1	293811	n/a
573.8671875	n/a	1.0	2	293820	n/a
573.884765625	n/a	0.0	1	293829	n/a
573.900390625	n/a	1.0	2	293837	n/a
573.91796875	n/a	1.0	2	293846	n/a
573.93359375	n/a	0.0	1	293854	n/a
573.951171875	n/a	1.0	2	293863	n/a
573.966796875	n/a	0.0	1	293871	n/a
573.984375	n/a	1.0	2	293880	n/a
574.0	n/a	0.0	1	293888	n/a
574.017578125	n/a	1.0	2	293897	n/a
574.033203125	n/a	0.0	1	293905	n/a
574.05078125	n/a	1.0	2	293914	n/a
574.06640625	n/a	0.0	1	293922	n/a
574.083984375	n/a	0.0	1	293931	n/a
574.099609375	n/a	1.0	2	293939	n/a
574.1171875	n/a	0.0	1	293948	n/a
574.134765625	n/a	1.0	2	293957	n/a
574.150390625	n/a	0.0	1	293965	n/a
574.16796875	n/a	1.0	2	293974	n/a
574.18359375	n/a	0.0	1	293982	n/a
574.201171875	n/a	1.0	2	293991	n/a
574.216796875	n/a	1.0	2	293999	n/a
574.234375	n/a	0.0	1	294008	n/a
574.25	n/a	0.0	1	294016	n/a
574.267578125	n/a	1.0	2	294025	n/a
574.283203125	n/a	0.0	1	294033	n/a
574.30078125	n/a	1.0	2	294042	n/a
574.31640625	n/a	0.0	1	294050	n/a
574.333984375	n/a	1.0	2	294059	n/a
574.349609375	n/a	0.0	1	294067	n/a
574.3671875	n/a	1.0	2	294076	n/a
574.384765625	n/a	1.0	2	294085	n/a
574.400390625	n/a	0.0	1	294093	n/a
574.41796875	n/a	1.0	2	294102	n/a
574.43359375	n/a	0.0	1	294110	n/a
574.451171875	n/a	1.0	2	294119	n/a
574.466796875	n/a	0.0	1	294127	n/a
574.484375	n/a	0.0	1	294136	n/a
574.5	n/a	1.0	2	294144	n/a
574.517578125	n/a	1.0	2	294153	n/a
574.533203125	n/a	0.0	1	294161	n/a
574.55078125	n/a	0.0	1	294170	n/a
574.56640625	n/a	1.0	2	294178	n/a
574.583984375	n/a	1.0	2	294187	n/a
574.599609375	n/a	0.0	1	294195	n/a
574.6171875	n/a	0.0	1	294204	n/a
574.634765625	n/a	1.0	2	294213	n/a
574.650390625	n/a	0.0	1	294221	n/a
574.66796875	n/a	1.0	2	294230	n/a
574.68359375	n/a	1.0	2	294238	n/a
574.701171875	n/a	0.0	1	294247	n/a
574.716796875	n/a	0.0	1	294255	n/a
574.734375	n/a	1.0	2	294264	n/a
574.75	n/a	0.0	1	294272	n/a
574.767578125	n/a	1.0	2	294281	n/a
574.783203125	n/a	1.0	2	294289	n/a
574.80078125	n/a	0.0	1	294298	n/a
574.81640625	n/a	0.0	1	294306	n/a
574.833984375	n/a	1.0	2	294315	n/a
574.849609375	n/a	1.0	2	294323	n/a
574.8671875	n/a	0.0	1	294332	n/a
574.884765625	n/a	1.0	2	294341	n/a
574.900390625	n/a	0.0	1	294349	n/a
574.91796875	n/a	1.0	2	294358	n/a
574.93359375	n/a	0.0	1	294366	n/a
574.951171875	n/a	0.0	1	294375	n/a
574.966796875	n/a	1.0	2	294383	n/a
574.984375	n/a	1.0	2	294392	n/a
575.0	n/a	0.0	1	294400	n/a
575.017578125	n/a	0.0	1	294409	n/a
575.033203125	n/a	1.0	2	294417	n/a
575.05078125	n/a	0.0	1	294426	n/a
575.06640625	n/a	1.0	2	294434	n/a
575.083984375	n/a	0.0	1	294443	n/a
575.099609375	n/a	1.0	2	294451	n/a
575.1171875	n/a	0.0	1	294460	n/a
575.134765625	n/a	1.0	2	294469	n/a
575.150390625	n/a	1.0	2	294477	n/a
575.16796875	n/a	0.0	1	294486	n/a
575.18359375	n/a	1.0	2	294494	n/a
575.201171875	n/a	0.0	1	294503	n/a
575.216796875	n/a	1.0	2	294511	n/a
575.234375	n/a	0.0	1	294520	n/a
575.25	n/a	0.0	1	294528	n/a
575.267578125	n/a	1.0	2	294537	n/a
575.283203125	n/a	1.0	2	294545	n/a
575.30078125	n/a	0.0	1	294554	n/a
575.31640625	n/a	1.0	2	294562	n/a
575.333984375	n/a	0.0	1	294571	n/a
575.349609375	n/a	1.0	2	294579	n/a
575.3671875	n/a	0.0	1	294588	n/a
575.384765625	n/a	0.0	1	294597	n/a
575.400390625	n/a	1.0	2	294605	n/a
575.41796875	n/a	1.0	2	294614	n/a
575.43359375	n/a	0.0	1	294622	n/a
575.451171875	n/a	1.0	2	294631	n/a
575.466796875	n/a	0.0	1	294639	n/a
575.484375	n/a	1.0	2	294648	n/a
575.5	n/a	0.0	1	294656	n/a
575.517578125	n/a	0.0	1	294665	n/a
575.533203125	n/a	1.0	2	294673	n/a
575.55078125	n/a	1.0	2	294682	n/a
575.56640625	n/a	0.0	1	294690	n/a
575.583984375	n/a	1.0	2	294699	n/a
575.599609375	n/a	0.0	1	294707	n/a
575.6171875	n/a	0.0	1	294716	n/a
575.634765625	n/a	1.0	2	294725	n/a
575.650390625	n/a	0.0	1	294733	n/a
575.66796875	n/a	1.0	2	294742	n/a
575.68359375	n/a	1.0	2	294750	n/a
575.701171875	n/a	0.0	1	294759	n/a
575.716796875	n/a	0.0	1	294767	n/a
575.734375	n/a	1.0	2	294776	n/a
575.75	n/a	0.0	1	294784	n/a
575.767578125	n/a	1.0	2	294793	n/a
575.783203125	n/a	1.0	2	294801	n/a
575.80078125	n/a	0.0	1	294810	n/a
575.81640625	n/a	1.0	2	294818	n/a
575.833984375	n/a	0.0	1	294827	n/a
575.849609375	n/a	0.0	1	294835	n/a
575.8671875	n/a	1.0	2	294844	n/a
575.884765625	n/a	1.0	2	294853	n/a
575.900390625	n/a	0.0	1	294861	n/a
575.91796875	n/a	0.0	1	294870	n/a
575.93359375	n/a	1.0	2	294878	n/a
575.951171875	n/a	0.0	1	294887	n/a
575.966796875	n/a	1.0	2	294895	n/a
575.984375	n/a	0.0	1	294904	n/a
576.0	n/a	1.0	2	294912	n/a
576.017578125	n/a	1.0	2	294921	n/a
576.033203125	n/a	0.0	1	294929	n/a
576.05078125	n/a	1.0	2	294938	n/a
576.06640625	n/a	0.0	1	294946	n/a
576.083984375	n/a	1.0	2	294955	n/a
576.099609375	n/a	0.0	1	294963	n/a
576.1171875	n/a	1.0	2	294972	n/a
576.134765625	n/a	0.0	1	294981	n/a
576.150390625	n/a	1.0	2	294989	n/a
576.16796875	n/a	0.0	1	294998	n/a
576.18359375	n/a	0.0	1	295006	n/a
576.201171875	n/a	1.0	2	295015	n/a
576.216796875	n/a	0.0	1	295023	n/a
576.234375	n/a	1.0	2	295032	n/a
576.25	n/a	0.0	1	295040	n/a
576.267578125	n/a	1.0	2	295049	n/a
576.283203125	n/a	0.0	1	295057	n/a
576.30078125	n/a	1.0	2	295066	n/a
576.31640625	n/a	1.0	2	295074	n/a
576.333984375	n/a	0.0	1	295083	n/a
576.349609375	n/a	0.0	1	295091	n/a
576.3671875	n/a	1.0	2	295100	n/a
576.384765625	n/a	0.0	1	295109	n/a
576.400390625	n/a	1.0	2	295117	n/a
576.41796875	n/a	0.0	1	295126	n/a
576.43359375	n/a	1.0	2	295134	n/a
576.451171875	n/a	0.0	1	295143	n/a
576.466796875	n/a	1.0	2	295151	n/a
576.484375	n/a	1.0	2	295160	n/a
576.5	n/a	0.0	1	295168	n/a
576.517578125	n/a	1.0	2	295177	n/a
576.533203125	n/a	0.0	1	295185	n/a
576.55078125	n/a	1.0	2	295194	n/a
576.56640625	n/a	0.0	1	295202	n/a
576.583984375	n/a	0.0	1	295211	n/a
576.599609375	n/a	1.0	2	295219	n/a
576.6171875	n/a	1.0	2	295228	n/a
576.634765625	n/a	0.0	1	295237	n/a
576.650390625	n/a	0.0	1	295245	n/a
576.66796875	n/a	1.0	2	295254	n/a
576.68359375	n/a	1.0	2	295262	n/a
576.701171875	n/a	0.0	1	295271	n/a
576.716796875	n/a	0.0	1	295279	n/a
576.734375	n/a	1.0	2	295288	n/a
576.75	n/a	0.0	1	295296	n/a
576.767578125	n/a	1.0	2	295305	n/a
576.783203125	n/a	1.0	2	295313	n/a
576.80078125	n/a	0.0	1	295322	n/a
576.81640625	n/a	0.0	1	295330	n/a
576.833984375	n/a	1.0	2	295339	n/a
576.849609375	n/a	0.0	1	295347	n/a
576.8671875	n/a	1.0	2	295356	n/a
576.884765625	n/a	1.0	2	295365	n/a
576.900390625	n/a	0.0	1	295373	n/a
576.91796875	n/a	0.0	1	295382	n/a
576.93359375	n/a	1.0	2	295390	n/a
576.951171875	n/a	1.0	2	295399	n/a
576.966796875	n/a	0.0	1	295407	n/a
576.984375	n/a	1.0	2	295416	n/a
577.0	n/a	0.0	1	295424	n/a
577.017578125	n/a	1.0	2	295433	n/a
577.033203125	n/a	0.0	1	295441	n/a
577.05078125	n/a	0.0	1	295450	n/a
577.06640625	n/a	1.0	2	295458	n/a
577.083984375	n/a	1.0	2	295467	n/a
577.099609375	n/a	0.0	1	295475	n/a
577.1171875	n/a	0.0	1	295484	n/a
577.134765625	n/a	1.0	2	295493	n/a
577.150390625	n/a	0.0	1	295501	n/a
577.16796875	n/a	1.0	2	295510	n/a
577.18359375	n/a	0.0	1	295518	n/a
577.201171875	n/a	1.0	2	295527	n/a
577.216796875	n/a	0.0	1	295535	n/a
577.234375	n/a	1.0	2	295544	n/a
577.25	n/a	1.0	2	295552	n/a
577.267578125	n/a	0.0	1	295561	n/a
577.283203125	n/a	1.0	2	295569	n/a
577.30078125	n/a	0.0	1	295578	n/a
577.31640625	n/a	1.0	2	295586	n/a
577.333984375	n/a	0.0	1	295595	n/a
577.349609375	n/a	0.0	1	295603	n/a
577.3671875	n/a	1.0	2	295612	n/a
577.384765625	n/a	1.0	2	295621	n/a
577.400390625	n/a	0.0	1	295629	n/a
577.41796875	n/a	1.0	2	295638	n/a
577.43359375	n/a	0.0	1	295646	n/a
577.451171875	n/a	1.0	2	295655	n/a
577.466796875	n/a	0.0	1	295663	n/a
577.484375	n/a	0.0	1	295672	n/a
577.5	n/a	1.0	2	295680	n/a
577.517578125	n/a	1.0	2	295689	n/a
577.533203125	n/a	0.0	1	295697	n/a
577.55078125	n/a	1.0	2	295706	n/a
577.56640625	n/a	0.0	1	295714	n/a
577.583984375	n/a	1.0	2	295723	n/a
577.599609375	n/a	0.0	1	295731	n/a
577.6171875	n/a	0.0	1	295740	n/a
577.634765625	n/a	1.0	2	295749	n/a
577.650390625	n/a	1.0	2	295757	n/a
577.66796875	n/a	0.0	1	295766	n/a
577.68359375	n/a	1.0	2	295774	n/a
577.701171875	n/a	0.0	1	295783	n/a
577.716796875	n/a	0.0	1	295791	n/a
577.734375	n/a	1.0	2	295800	n/a
577.75	n/a	0.0	1	295808	n/a
577.767578125	n/a	1.0	2	295817	n/a
577.783203125	n/a	1.0	2	295825	n/a
577.80078125	n/a	0.0	1	295834	n/a
577.81640625	n/a	0.0	1	295842	n/a
577.833984375	n/a	1.0	2	295851	n/a
577.849609375	n/a	0.0	1	295859	n/a
577.8671875	n/a	1.0	2	295868	n/a
577.884765625	n/a	1.0	2	295877	n/a
577.900390625	n/a	0.0	1	295885	n/a
577.91796875	n/a	1.0	2	295894	n/a
577.93359375	n/a	0.0	1	295902	n/a
577.951171875	n/a	0.0	1	295911	n/a
577.966796875	n/a	1.0	2	295919	n/a
577.984375	n/a	1.0	2	295928	n/a
578.0	n/a	0.0	1	295936	n/a
578.017578125	n/a	0.0	1	295945	n/a
578.033203125	n/a	1.0	2	295953	n/a
578.05078125	n/a	0.0	1	295962	n/a
578.06640625	n/a	1.0	2	295970	n/a
578.083984375	n/a	0.0	1	295979	n/a
578.099609375	n/a	1.0	2	295987	n/a
578.1171875	n/a	1.0	2	295996	n/a
578.134765625	n/a	0.0	1	296005	n/a
578.150390625	n/a	1.0	2	296013	n/a
578.16796875	n/a	0.0	1	296022	n/a
578.18359375	n/a	1.0	2	296030	n/a
578.201171875	n/a	0.0	1	296039	n/a
578.216796875	n/a	1.0	2	296047	n/a
578.234375	n/a	0.0	1	296056	n/a
578.25	n/a	1.0	2	296064	n/a
578.267578125	n/a	0.0	1	296073	n/a
578.283203125	n/a	0.0	1	296081	n/a
578.30078125	n/a	1.0	2	296090	n/a
578.31640625	n/a	0.0	1	296098	n/a
578.333984375	n/a	1.0	2	296107	n/a
578.349609375	n/a	0.0	1	296115	n/a
578.3671875	n/a	1.0	2	296124	n/a
578.384765625	n/a	0.0	1	296133	n/a
578.400390625	n/a	1.0	2	296141	n/a
578.41796875	n/a	1.0	2	296150	n/a
578.43359375	n/a	0.0	1	296158	n/a
578.451171875	n/a	0.0	1	296167	n/a
578.466796875	n/a	1.0	2	296175	n/a
578.484375	n/a	0.0	1	296184	n/a
578.5	n/a	1.0	2	296192	n/a
578.517578125	n/a	0.0	1	296201	n/a
578.533203125	n/a	1.0	2	296209	n/a
578.55078125	n/a	0.0	1	296218	n/a
578.56640625	n/a	1.0	2	296226	n/a
578.583984375	n/a	1.0	2	296235	n/a
578.599609375	n/a	0.0	1	296243	n/a
578.6171875	n/a	1.0	2	296252	n/a
578.634765625	n/a	0.0	1	296261	n/a
578.650390625	n/a	1.0	2	296269	n/a
578.66796875	n/a	0.0	1	296278	n/a
578.68359375	n/a	0.0	1	296286	n/a
578.701171875	n/a	1.0	2	296295	n/a
578.716796875	n/a	1.0	2	296303	n/a
578.734375	n/a	0.0	1	296312	n/a
578.75	n/a	0.0	1	296320	n/a
578.767578125	n/a	1.0	2	296329	n/a
578.783203125	n/a	1.0	2	296337	n/a
578.80078125	n/a	0.0	1	296346	n/a
578.81640625	n/a	0.0	1	296354	n/a
578.833984375	n/a	1.0	2	296363	n/a
578.849609375	n/a	0.0	1	296371	n/a
578.8671875	n/a	1.0	2	296380	n/a
578.884765625	n/a	1.0	2	296389	n/a
578.900390625	n/a	0.0	1	296397	n/a
578.91796875	n/a	0.0	1	296406	n/a
578.93359375	n/a	1.0	2	296414	n/a
578.951171875	n/a	0.0	1	296423	n/a
578.966796875	n/a	1.0	2	296431	n/a
578.984375	n/a	1.0	2	296440	n/a
579.0	n/a	0.0	1	296448	n/a
579.017578125	n/a	0.0	1	296457	n/a
579.033203125	n/a	1.0	2	296465	n/a
579.05078125	n/a	1.0	2	296474	n/a
579.06640625	n/a	0.0	1	296482	n/a
579.083984375	n/a	1.0	2	296491	n/a
579.099609375	n/a	0.0	1	296499	n/a
579.1171875	n/a	1.0	2	296508	n/a
579.134765625	n/a	0.0	1	296517	n/a
579.150390625	n/a	0.0	1	296525	n/a
579.16796875	n/a	1.0	2	296534	n/a
579.18359375	n/a	1.0	2	296542	n/a
579.201171875	n/a	0.0	1	296551	n/a
579.216796875	n/a	0.0	1	296559	n/a
579.234375	n/a	1.0	2	296568	n/a
579.25	n/a	0.0	1	296576	n/a
579.267578125	n/a	1.0	2	296585	n/a
579.283203125	n/a	0.0	1	296593	n/a
579.30078125	n/a	1.0	2	296602	n/a
579.31640625	n/a	0.0	1	296610	n/a
579.333984375	n/a	1.0	2	296619	n/a
579.349609375	n/a	1.0	2	296627	n/a
579.3671875	n/a	0.0	1	296636	n/a
579.384765625	n/a	1.0	2	296645	n/a
579.400390625	n/a	0.0	1	296653	n/a
579.41796875	n/a	1.0	2	296662	n/a
579.43359375	n/a	0.0	1	296670	n/a
579.451171875	n/a	0.0	1	296679	n/a
579.466796875	n/a	1.0	2	296687	n/a
579.484375	n/a	1.0	2	296696	n/a
579.5	n/a	0.0	1	296704	n/a
579.517578125	n/a	1.0	2	296713	n/a
579.533203125	n/a	0.0	1	296721	n/a
579.55078125	n/a	1.0	2	296730	n/a
579.56640625	n/a	0.0	1	296738	n/a
579.583984375	n/a	0.0	1	296747	n/a
579.599609375	n/a	1.0	2	296755	n/a
579.6171875	n/a	1.0	2	296764	n/a
579.634765625	n/a	0.0	1	296773	n/a
579.650390625	n/a	1.0	2	296781	n/a
579.66796875	n/a	0.0	1	296790	n/a
579.68359375	n/a	1.0	2	296798	n/a
579.701171875	n/a	0.0	1	296807	n/a
579.716796875	n/a	0.0	1	296815	n/a
579.734375	n/a	1.0	2	296824	n/a
579.75	n/a	1.0	2	296832	n/a
579.767578125	n/a	0.0	1	296841	n/a
579.783203125	n/a	1.0	2	296849	n/a
579.80078125	n/a	0.0	1	296858	n/a
579.81640625	n/a	0.0	1	296866	n/a
579.833984375	n/a	1.0	2	296875	n/a
579.849609375	n/a	0.0	1	296883	n/a
579.8671875	n/a	1.0	2	296892	n/a
579.884765625	n/a	1.0	2	296901	n/a
579.900390625	n/a	0.0	1	296909	n/a
579.91796875	n/a	0.0	1	296918	n/a
579.93359375	n/a	1.0	2	296926	n/a
579.951171875	n/a	0.0	1	296935	n/a
579.966796875	n/a	1.0	2	296943	n/a
579.984375	n/a	1.0	2	296952	n/a
580.0	n/a	0.0	1	296960	n/a
580.017578125	n/a	1.0	2	296969	n/a
580.033203125	n/a	0.0	1	296977	n/a
580.05078125	n/a	0.0	1	296986	n/a
580.06640625	n/a	1.0	2	296994	n/a
580.083984375	n/a	1.0	2	297003	n/a
580.099609375	n/a	0.0	1	297011	n/a
580.1171875	n/a	0.0	1	297020	n/a
580.134765625	n/a	1.0	2	297029	n/a
580.150390625	n/a	0.0	1	297037	n/a
580.16796875	n/a	1.0	2	297046	n/a
580.18359375	n/a	0.0	1	297054	n/a
580.201171875	n/a	1.0	2	297063	n/a
580.216796875	n/a	1.0	2	297071	n/a
580.234375	n/a	0.0	1	297080	n/a
580.25	n/a	1.0	2	297088	n/a
580.267578125	n/a	0.0	1	297097	n/a
580.283203125	n/a	1.0	2	297105	n/a
580.30078125	n/a	0.0	1	297114	n/a
580.31640625	n/a	1.0	2	297122	n/a
580.333984375	n/a	0.0	1	297131	n/a
580.349609375	n/a	1.0	2	297139	n/a
580.3671875	n/a	0.0	1	297148	n/a
580.384765625	n/a	0.0	1	297157	n/a
580.400390625	n/a	1.0	2	297165	n/a
580.41796875	n/a	0.0	1	297174	n/a
580.43359375	n/a	1.0	2	297182	n/a
580.451171875	n/a	0.0	1	297191	n/a
580.466796875	n/a	1.0	2	297199	n/a
580.484375	n/a	0.0	1	297208	n/a
580.5	n/a	1.0	2	297216	n/a
580.517578125	n/a	1.0	2	297225	n/a
580.533203125	n/a	0.0	1	297233	n/a
580.55078125	n/a	0.0	1	297242	n/a
580.56640625	n/a	1.0	2	297250	n/a
580.583984375	n/a	0.0	1	297259	n/a
580.599609375	n/a	1.0	2	297267	n/a
580.6171875	n/a	0.0	1	297276	n/a
580.634765625	n/a	1.0	2	297285	n/a
580.650390625	n/a	0.0	1	297293	n/a
580.66796875	n/a	1.0	2	297302	n/a
580.68359375	n/a	1.0	2	297310	n/a
580.701171875	n/a	0.0	1	297319	n/a
580.716796875	n/a	1.0	2	297327	n/a
580.734375	n/a	0.0	1	297336	n/a
580.75	n/a	1.0	2	297344	n/a
580.767578125	n/a	0.0	1	297353	n/a
580.783203125	n/a	0.0	1	297361	n/a
580.80078125	n/a	1.0	2	297370	n/a
580.81640625	n/a	1.0	2	297378	n/a
580.833984375	n/a	0.0	1	297387	n/a
580.849609375	n/a	0.0	1	297395	n/a
580.8671875	n/a	1.0	2	297404	n/a
580.884765625	n/a	1.0	2	297413	n/a
580.900390625	n/a	0.0	1	297421	n/a
580.91796875	n/a	0.0	1	297430	n/a
580.93359375	n/a	1.0	2	297438	n/a
580.951171875	n/a	0.0	1	297447	n/a
580.966796875	n/a	1.0	2	297455	n/a
580.984375	n/a	1.0	2	297464	n/a
581.0	n/a	0.0	1	297472	n/a
581.017578125	n/a	0.0	1	297481	n/a
581.033203125	n/a	1.0	2	297489	n/a
581.05078125	n/a	0.0	1	297498	n/a
581.06640625	n/a	1.0	2	297506	n/a
581.083984375	n/a	1.0	2	297515	n/a
581.099609375	n/a	0.0	1	297523	n/a
581.1171875	n/a	0.0	1	297532	n/a
581.134765625	n/a	1.0	2	297541	n/a
581.150390625	n/a	1.0	2	297549	n/a
581.16796875	n/a	0.0	1	297558	n/a
581.18359375	n/a	1.0	2	297566	n/a
581.201171875	n/a	0.0	1	297575	n/a
581.216796875	n/a	1.0	2	297583	n/a
581.234375	n/a	0.0	1	297592	n/a
581.25	n/a	0.0	1	297600	n/a
581.267578125	n/a	1.0	2	297609	n/a
581.283203125	n/a	1.0	2	297617	n/a
581.30078125	n/a	0.0	1	297626	n/a
581.31640625	n/a	0.0	1	297634	n/a
581.333984375	n/a	1.0	2	297643	n/a
581.349609375	n/a	0.0	1	297651	n/a
581.3671875	n/a	1.0	2	297660	n/a
581.384765625	n/a	0.0	1	297669	n/a
581.400390625	n/a	1.0	2	297677	n/a
581.41796875	n/a	0.0	1	297686	n/a
581.43359375	n/a	1.0	2	297694	n/a
581.451171875	n/a	1.0	2	297703	n/a
581.466796875	n/a	0.0	1	297711	n/a
581.484375	n/a	1.0	2	297720	n/a
581.5	n/a	0.0	1	297728	n/a
581.517578125	n/a	1.0	2	297737	n/a
581.533203125	n/a	0.0	1	297745	n/a
581.55078125	n/a	0.0	1	297754	n/a
581.56640625	n/a	1.0	2	297762	n/a
581.583984375	n/a	1.0	2	297771	n/a
581.599609375	n/a	0.0	1	297779	n/a
581.6171875	n/a	1.0	2	297788	n/a
581.634765625	n/a	0.0	1	297797	n/a
581.650390625	n/a	1.0	2	297805	n/a
581.66796875	n/a	0.0	1	297814	n/a
581.68359375	n/a	0.0	1	297822	n/a
581.701171875	n/a	1.0	2	297831	n/a
581.716796875	n/a	1.0	2	297839	n/a
581.734375	n/a	0.0	1	297848	n/a
581.75	n/a	1.0	2	297856	n/a
581.767578125	n/a	0.0	1	297865	n/a
581.783203125	n/a	1.0	2	297873	n/a
581.80078125	n/a	0.0	1	297882	n/a
581.81640625	n/a	0.0	1	297890	n/a
581.833984375	n/a	1.0	2	297899	n/a
581.849609375	n/a	1.0	2	297907	n/a
581.8671875	n/a	0.0	1	297916	n/a
581.884765625	n/a	1.0	2	297925	n/a
581.900390625	n/a	0.0	1	297933	n/a
581.91796875	n/a	0.0	1	297942	n/a
581.93359375	n/a	1.0	2	297950	n/a
581.951171875	n/a	0.0	1	297959	n/a
581.966796875	n/a	1.0	2	297967	n/a
581.984375	n/a	1.0	2	297976	n/a
582.0	n/a	0.0	1	297984	n/a
582.017578125	n/a	0.0	1	297993	n/a
582.033203125	n/a	1.0	2	298001	n/a
582.05078125	n/a	0.0	1	298010	n/a
582.06640625	n/a	1.0	2	298018	n/a
582.083984375	n/a	1.0	2	298027	n/a
582.099609375	n/a	0.0	1	298035	n/a
582.1171875	n/a	1.0	2	298044	n/a
582.134765625	n/a	0.0	1	298053	n/a
582.150390625	n/a	0.0	1	298061	n/a
582.16796875	n/a	1.0	2	298070	n/a
582.18359375	n/a	1.0	2	298078	n/a
582.201171875	n/a	0.0	1	298087	n/a
582.216796875	n/a	0.0	1	298095	n/a
582.234375	n/a	1.0	2	298104	n/a
582.25	n/a	0.0	1	298112	n/a
582.267578125	n/a	1.0	2	298121	n/a
582.283203125	n/a	0.0	1	298129	n/a
582.30078125	n/a	1.0	2	298138	n/a
582.31640625	n/a	1.0	2	298146	n/a
582.333984375	n/a	0.0	1	298155	n/a
582.349609375	n/a	1.0	2	298163	n/a
582.3671875	n/a	0.0	1	298172	n/a
582.384765625	n/a	1.0	2	298181	n/a
582.400390625	n/a	0.0	1	298189	n/a
582.41796875	n/a	1.0	2	298198	n/a
582.43359375	n/a	0.0	1	298206	n/a
582.451171875	n/a	1.0	2	298215	n/a
582.466796875	n/a	0.0	1	298223	n/a
582.484375	n/a	0.0	1	298232	n/a
582.5	n/a	1.0	2	298240	n/a
582.517578125	n/a	0.0	1	298249	n/a
582.533203125	n/a	1.0	2	298257	n/a
582.55078125	n/a	0.0	1	298266	n/a
582.56640625	n/a	1.0	2	298274	n/a
582.583984375	n/a	0.0	1	298283	n/a
582.599609375	n/a	1.0	2	298291	n/a
582.6171875	n/a	1.0	2	298300	n/a
582.634765625	n/a	0.0	1	298309	n/a
582.650390625	n/a	0.0	1	298317	n/a
582.66796875	n/a	1.0	2	298326	n/a
582.68359375	n/a	0.0	1	298334	n/a
582.701171875	n/a	1.0	2	298343	n/a
582.716796875	n/a	0.0	1	298351	n/a
582.734375	n/a	1.0	2	298360	n/a
582.75	n/a	0.0	1	298368	n/a
582.767578125	n/a	1.0	2	298377	n/a
582.783203125	n/a	1.0	2	298385	n/a
582.80078125	n/a	0.0	1	298394	n/a
582.81640625	n/a	1.0	2	298402	n/a
582.833984375	n/a	0.0	1	298411	n/a
582.849609375	n/a	1.0	2	298419	n/a
582.8671875	n/a	0.0	1	298428	n/a
582.884765625	n/a	0.0	1	298437	n/a
582.900390625	n/a	1.0	2	298445	n/a
582.91796875	n/a	1.0	2	298454	n/a
582.93359375	n/a	0.0	1	298462	n/a
582.951171875	n/a	0.0	1	298471	n/a
582.966796875	n/a	1.0	2	298479	n/a
582.984375	n/a	1.0	2	298488	n/a
583.0	n/a	0.0	1	298496	n/a
583.017578125	n/a	0.0	1	298505	n/a
583.033203125	n/a	1.0	2	298513	n/a
583.05078125	n/a	0.0	1	298522	n/a
583.06640625	n/a	1.0	2	298530	n/a
583.083984375	n/a	1.0	2	298539	n/a
583.099609375	n/a	0.0	1	298547	n/a
583.1171875	n/a	0.0	1	298556	n/a
583.134765625	n/a	1.0	2	298565	n/a
583.150390625	n/a	0.0	1	298573	n/a
583.16796875	n/a	1.0	2	298582	n/a
583.18359375	n/a	1.0	2	298590	n/a
583.201171875	n/a	0.0	1	298599	n/a
583.216796875	n/a	0.0	1	298607	n/a
583.234375	n/a	1.0	2	298616	n/a
583.25	n/a	1.0	2	298624	n/a
583.267578125	n/a	0.0	1	298633	n/a
583.283203125	n/a	1.0	2	298641	n/a
583.30078125	n/a	0.0	1	298650	n/a
583.31640625	n/a	1.0	2	298658	n/a
583.333984375	n/a	0.0	1	298667	n/a
583.349609375	n/a	0.0	1	298675	n/a
583.3671875	n/a	1.0	2	298684	n/a
583.384765625	n/a	1.0	2	298693	n/a
583.400390625	n/a	0.0	1	298701	n/a
583.41796875	n/a	0.0	1	298710	n/a
583.43359375	n/a	1.0	2	298718	n/a
583.451171875	n/a	0.0	1	298727	n/a
583.466796875	n/a	1.0	2	298735	n/a
583.484375	n/a	0.0	1	298744	n/a
583.5	n/a	1.0	2	298752	n/a
583.517578125	n/a	0.0	1	298761	n/a
583.533203125	n/a	1.0	2	298769	n/a
583.55078125	n/a	1.0	2	298778	n/a
583.56640625	n/a	0.0	1	298786	n/a
583.583984375	n/a	1.0	2	298795	n/a
583.599609375	n/a	0.0	1	298803	n/a
583.6171875	n/a	1.0	2	298812	n/a
583.634765625	n/a	0.0	1	298821	n/a
583.650390625	n/a	0.0	1	298829	n/a
583.66796875	n/a	1.0	2	298838	n/a
583.68359375	n/a	1.0	2	298846	n/a
583.701171875	n/a	0.0	1	298855	n/a
583.716796875	n/a	1.0	2	298863	n/a
583.734375	n/a	0.0	1	298872	n/a
583.75	n/a	1.0	2	298880	n/a
583.767578125	n/a	0.0	1	298889	n/a
583.783203125	n/a	0.0	1	298897	n/a
583.80078125	n/a	1.0	2	298906	n/a
583.81640625	n/a	1.0	2	298914	n/a
583.833984375	n/a	0.0	1	298923	n/a
583.849609375	n/a	1.0	2	298931	n/a
583.8671875	n/a	0.0	1	298940	n/a
583.884765625	n/a	1.0	2	298949	n/a
583.900390625	n/a	0.0	1	298957	n/a
583.91796875	n/a	0.0	1	298966	n/a
583.93359375	n/a	1.0	2	298974	n/a
583.951171875	n/a	1.0	2	298983	n/a
583.966796875	n/a	0.0	1	298991	n/a
583.984375	n/a	1.0	2	299000	n/a
584.0	n/a	0.0	1	299008	n/a
584.017578125	n/a	0.0	1	299017	n/a
584.033203125	n/a	1.0	2	299025	n/a
584.05078125	n/a	0.0	1	299034	n/a
584.06640625	n/a	1.0	2	299042	n/a
584.083984375	n/a	1.0	2	299051	n/a
584.099609375	n/a	0.0	1	299059	n/a
584.1171875	n/a	0.0	1	299068	n/a
584.134765625	n/a	1.0	2	299077	n/a
584.150390625	n/a	0.0	1	299085	n/a
584.16796875	n/a	1.0	2	299094	n/a
584.18359375	n/a	1.0	2	299102	n/a
584.201171875	n/a	0.0	1	299111	n/a
584.216796875	n/a	1.0	2	299119	n/a
584.234375	n/a	0.0	1	299128	n/a
584.25	n/a	0.0	1	299136	n/a
584.267578125	n/a	1.0	2	299145	n/a
584.283203125	n/a	1.0	2	299153	n/a
584.30078125	n/a	0.0	1	299162	n/a
584.31640625	n/a	0.0	1	299170	n/a
584.333984375	n/a	1.0	2	299179	n/a
584.349609375	n/a	0.0	1	299187	n/a
584.3671875	n/a	1.0	2	299196	n/a
584.384765625	n/a	0.0	1	299205	n/a
584.400390625	n/a	1.0	2	299213	n/a
584.41796875	n/a	1.0	2	299222	n/a
584.43359375	n/a	0.0	1	299230	n/a
584.451171875	n/a	1.0	2	299239	n/a
584.466796875	n/a	0.0	1	299247	n/a
584.484375	n/a	1.0	2	299256	n/a
584.5	n/a	0.0	1	299264	n/a
584.517578125	n/a	1.0	2	299273	n/a
584.533203125	n/a	0.0	1	299281	n/a
584.55078125	n/a	1.0	2	299290	n/a
584.56640625	n/a	0.0	1	299298	n/a
584.583984375	n/a	0.0	1	299307	n/a
584.599609375	n/a	1.0	2	299315	n/a
584.6171875	n/a	0.0	1	299324	n/a
584.634765625	n/a	1.0	2	299333	n/a
584.650390625	n/a	0.0	1	299341	n/a
584.66796875	n/a	1.0	2	299350	n/a
584.68359375	n/a	0.0	1	299358	n/a
584.701171875	n/a	1.0	2	299367	n/a
584.716796875	n/a	1.0	2	299375	n/a
584.734375	n/a	0.0	1	299384	n/a
584.75	n/a	0.0	1	299392	n/a
584.767578125	n/a	1.0	2	299401	n/a
584.783203125	n/a	0.0	1	299409	n/a
584.80078125	n/a	1.0	2	299418	n/a
584.81640625	n/a	0.0	1	299426	n/a
584.833984375	n/a	1.0	2	299435	n/a
584.849609375	n/a	0.0	1	299443	n/a
584.8671875	n/a	1.0	2	299452	n/a
584.884765625	n/a	1.0	2	299461	n/a
584.900390625	n/a	0.0	1	299469	n/a
584.91796875	n/a	1.0	2	299478	n/a
584.93359375	n/a	0.0	1	299486	n/a
584.951171875	n/a	1.0	2	299495	n/a
584.966796875	n/a	0.0	1	299503	n/a
584.984375	n/a	0.0	1	299512	n/a
585.0	n/a	1.0	2	299520	n/a
585.017578125	n/a	1.0	2	299529	n/a
585.033203125	n/a	0.0	1	299537	n/a
585.05078125	n/a	0.0	1	299546	n/a
585.06640625	n/a	1.0	2	299554	n/a
585.083984375	n/a	1.0	2	299563	n/a
585.099609375	n/a	0.0	1	299571	n/a
585.1171875	n/a	0.0	1	299580	n/a
585.134765625	n/a	1.0	2	299589	n/a
585.150390625	n/a	0.0	1	299597	n/a
585.16796875	n/a	1.0	2	299606	n/a
585.18359375	n/a	1.0	2	299614	n/a
585.201171875	n/a	0.0	1	299623	n/a
585.216796875	n/a	0.0	1	299631	n/a
585.234375	n/a	1.0	2	299640	n/a
585.25	n/a	0.0	1	299648	n/a
585.267578125	n/a	1.0	2	299657	n/a
585.283203125	n/a	1.0	2	299665	n/a
585.30078125	n/a	0.0	1	299674	n/a
585.31640625	n/a	0.0	1	299682	n/a
585.333984375	n/a	1.0	2	299691	n/a
585.349609375	n/a	1.0	2	299699	n/a
585.3671875	n/a	0.0	1	299708	n/a
585.384765625	n/a	1.0	2	299717	n/a
585.400390625	n/a	0.0	1	299725	n/a
585.41796875	n/a	1.0	2	299734	n/a
585.43359375	n/a	0.0	1	299742	n/a
585.451171875	n/a	0.0	1	299751	n/a
585.466796875	n/a	1.0	2	299759	n/a
585.484375	n/a	1.0	2	299768	n/a
585.5	n/a	0.0	1	299776	n/a
585.517578125	n/a	0.0	1	299785	n/a
585.533203125	n/a	1.0	2	299793	n/a
585.55078125	n/a	0.0	1	299802	n/a
585.56640625	n/a	1.0	2	299810	n/a
585.583984375	n/a	0.0	1	299819	n/a
585.599609375	n/a	1.0	2	299827	n/a
585.6171875	n/a	0.0	1	299836	n/a
585.634765625	n/a	1.0	2	299845	n/a
585.650390625	n/a	1.0	2	299853	n/a
585.66796875	n/a	0.0	1	299862	n/a
585.68359375	n/a	1.0	2	299870	n/a
585.701171875	n/a	0.0	1	299879	n/a
585.716796875	n/a	1.0	2	299887	n/a
585.734375	n/a	0.0	1	299896	n/a
585.75	n/a	0.0	1	299904	n/a
585.767578125	n/a	1.0	2	299913	n/a
585.783203125	n/a	1.0	2	299921	n/a
585.80078125	n/a	0.0	1	299930	n/a
585.81640625	n/a	1.0	2	299938	n/a
585.833984375	n/a	0.0	1	299947	n/a
585.849609375	n/a	1.0	2	299955	n/a
585.8671875	n/a	0.0	1	299964	n/a
585.884765625	n/a	0.0	1	299973	n/a
585.900390625	n/a	1.0	2	299981	n/a
585.91796875	n/a	1.0	2	299990	n/a
585.93359375	n/a	0.0	1	299998	n/a
585.951171875	n/a	1.0	2	300007	n/a
585.966796875	n/a	0.0	1	300015	n/a
585.984375	n/a	1.0	2	300024	n/a
586.0	n/a	0.0	1	300032	n/a
586.017578125	n/a	0.0	1	300041	n/a
586.033203125	n/a	1.0	2	300049	n/a
586.05078125	n/a	1.0	2	300058	n/a
586.06640625	n/a	0.0	1	300066	n/a
586.083984375	n/a	1.0	2	300075	n/a
586.099609375	n/a	0.0	1	300083	n/a
586.1171875	n/a	0.0	1	300092	n/a
586.134765625	n/a	1.0	2	300101	n/a
586.150390625	n/a	0.0	1	300109	n/a
586.16796875	n/a	1.0	2	300118	n/a
586.18359375	n/a	1.0	2	300126	n/a
586.201171875	n/a	0.0	1	300135	n/a
586.216796875	n/a	0.0	1	300143	n/a
586.234375	n/a	1.0	2	300152	n/a
586.25	n/a	0.0	1	300160	n/a
586.267578125	n/a	1.0	2	300169	n/a
586.283203125	n/a	1.0	2	300177	n/a
586.30078125	n/a	0.0	1	300186	n/a
586.31640625	n/a	1.0	2	300194	n/a
586.333984375	n/a	0.0	1	300203	n/a
586.349609375	n/a	0.0	1	300211	n/a
586.3671875	n/a	1.0	2	300220	n/a
586.384765625	n/a	1.0	2	300229	n/a
586.400390625	n/a	0.0	1	300237	n/a
586.41796875	n/a	0.0	1	300246	n/a
586.43359375	n/a	1.0	2	300254	n/a
586.451171875	n/a	0.0	1	300263	n/a
586.466796875	n/a	1.0	2	300271	n/a
586.484375	n/a	0.0	1	300280	n/a
586.5	n/a	1.0	2	300288	n/a
586.517578125	n/a	1.0	2	300297	n/a
586.533203125	n/a	0.0	1	300305	n/a
586.55078125	n/a	1.0	2	300314	n/a
586.56640625	n/a	0.0	1	300322	n/a
586.583984375	n/a	1.0	2	300331	n/a
586.599609375	n/a	0.0	1	300339	n/a
586.6171875	n/a	1.0	2	300348	n/a
586.634765625	n/a	0.0	1	300357	n/a
586.650390625	n/a	1.0	2	300365	n/a
586.66796875	n/a	0.0	1	300374	n/a
586.68359375	n/a	0.0	1	300382	n/a
586.701171875	n/a	1.0	2	300391	n/a
586.716796875	n/a	0.0	1	300399	n/a
586.734375	n/a	1.0	2	300408	n/a
586.75	n/a	0.0	1	300416	n/a
586.767578125	n/a	1.0	2	300425	n/a
586.783203125	n/a	0.0	1	300433	n/a
586.80078125	n/a	1.0	2	300442	n/a
586.81640625	n/a	1.0	2	300450	n/a
586.833984375	n/a	0.0	1	300459	n/a
586.849609375	n/a	0.0	1	300467	n/a
586.8671875	n/a	1.0	2	300476	n/a
586.884765625	n/a	0.0	1	300485	n/a
586.900390625	n/a	1.0	2	300493	n/a
586.91796875	n/a	0.0	1	300502	n/a
586.93359375	n/a	1.0	2	300510	n/a
586.951171875	n/a	0.0	1	300519	n/a
586.966796875	n/a	1.0	2	300527	n/a
586.984375	n/a	1.0	2	300536	n/a
587.0	n/a	0.0	1	300544	n/a
587.017578125	n/a	1.0	2	300553	n/a
587.033203125	n/a	0.0	1	300561	n/a
587.05078125	n/a	1.0	2	300570	n/a
587.06640625	n/a	0.0	1	300578	n/a
587.083984375	n/a	0.0	1	300587	n/a
587.099609375	n/a	1.0	2	300595	n/a
587.1171875	n/a	1.0	2	300604	n/a
587.134765625	n/a	0.0	1	300613	n/a
587.150390625	n/a	0.0	1	300621	n/a
587.16796875	n/a	1.0	2	300630	n/a
587.18359375	n/a	1.0	2	300638	n/a
587.201171875	n/a	0.0	1	300647	n/a
587.216796875	n/a	0.0	1	300655	n/a
587.234375	n/a	1.0	2	300664	n/a
587.25	n/a	0.0	1	300672	n/a
587.267578125	n/a	1.0	2	300681	n/a
587.283203125	n/a	1.0	2	300689	n/a
587.30078125	n/a	0.0	1	300698	n/a
587.31640625	n/a	0.0	1	300706	n/a
587.333984375	n/a	1.0	2	300715	n/a
587.349609375	n/a	0.0	1	300723	n/a
587.3671875	n/a	1.0	2	300732	n/a
587.384765625	n/a	1.0	2	300741	n/a
587.400390625	n/a	0.0	1	300749	n/a
587.41796875	n/a	0.0	1	300758	n/a
587.43359375	n/a	1.0	2	300766	n/a
587.451171875	n/a	1.0	2	300775	n/a
587.466796875	n/a	0.0	1	300783	n/a
587.484375	n/a	1.0	2	300792	n/a
587.5	n/a	0.0	1	300800	n/a
587.517578125	n/a	1.0	2	300809	n/a
587.533203125	n/a	0.0	1	300817	n/a
587.55078125	n/a	0.0	1	300826	n/a
587.56640625	n/a	1.0	2	300834	n/a
587.583984375	n/a	1.0	2	300843	n/a
587.599609375	n/a	0.0	1	300851	n/a
587.6171875	n/a	0.0	1	300860	n/a
587.634765625	n/a	1.0	2	300869	n/a
587.650390625	n/a	0.0	1	300877	n/a
587.66796875	n/a	1.0	2	300886	n/a
587.68359375	n/a	0.0	1	300894	n/a
587.701171875	n/a	1.0	2	300903	n/a
587.716796875	n/a	0.0	1	300911	n/a
587.734375	n/a	1.0	2	300920	n/a
587.75	n/a	1.0	2	300928	n/a
587.767578125	n/a	0.0	1	300937	n/a
587.783203125	n/a	1.0	2	300945	n/a
587.80078125	n/a	0.0	1	300954	n/a
587.81640625	n/a	1.0	2	300962	n/a
587.833984375	n/a	0.0	1	300971	n/a
587.849609375	n/a	0.0	1	300979	n/a
587.8671875	n/a	1.0	2	300988	n/a
587.884765625	n/a	1.0	2	300997	n/a
587.900390625	n/a	0.0	1	301005	n/a
587.91796875	n/a	1.0	2	301014	n/a
587.93359375	n/a	0.0	1	301022	n/a
587.951171875	n/a	1.0	2	301031	n/a
587.966796875	n/a	0.0	1	301039	n/a
587.984375	n/a	0.0	1	301048	n/a
588.0	n/a	1.0	2	301056	n/a
588.017578125	n/a	1.0	2	301065	n/a
588.033203125	n/a	0.0	1	301073	n/a
588.05078125	n/a	1.0	2	301082	n/a
588.06640625	n/a	0.0	1	301090	n/a
588.083984375	n/a	1.0	2	301099	n/a
588.099609375	n/a	0.0	1	301107	n/a
588.1171875	n/a	0.0	1	301116	n/a
588.134765625	n/a	1.0	2	301125	n/a
588.150390625	n/a	1.0	2	301133	n/a
588.16796875	n/a	0.0	1	301142	n/a
588.18359375	n/a	1.0	2	301150	n/a
588.201171875	n/a	0.0	1	301159	n/a
588.216796875	n/a	0.0	1	301167	n/a
588.234375	n/a	1.0	2	301176	n/a
588.25	n/a	0.0	1	301184	n/a
588.267578125	n/a	1.0	2	301193	n/a
588.283203125	n/a	1.0	2	301201	n/a
588.30078125	n/a	0.0	1	301210	n/a
588.31640625	n/a	0.0	1	301218	n/a
588.333984375	n/a	1.0	2	301227	n/a
588.349609375	n/a	0.0	1	301235	n/a
588.3671875	n/a	1.0	2	301244	n/a
588.384765625	n/a	1.0	2	301253	n/a
588.400390625	n/a	0.0	1	301261	n/a
588.41796875	n/a	1.0	2	301270	n/a
588.43359375	n/a	0.0	1	301278	n/a
588.451171875	n/a	0.0	1	301287	n/a
588.466796875	n/a	1.0	2	301295	n/a
588.484375	n/a	1.0	2	301304	n/a
588.5	n/a	0.0	1	301312	n/a
588.517578125	n/a	0.0	1	301321	n/a
588.533203125	n/a	1.0	2	301329	n/a
588.55078125	n/a	0.0	1	301338	n/a
588.56640625	n/a	1.0	2	301346	n/a
588.583984375	n/a	0.0	1	301355	n/a
588.599609375	n/a	1.0	2	301363	n/a
588.6171875	n/a	1.0	2	301372	n/a
588.634765625	n/a	0.0	1	301381	n/a
588.650390625	n/a	1.0	2	301389	n/a
588.66796875	n/a	0.0	1	301398	n/a
588.68359375	n/a	1.0	2	301406	n/a
588.701171875	n/a	0.0	1	301415	n/a
588.716796875	n/a	1.0	2	301423	n/a
588.734375	n/a	0.0	1	301432	n/a
588.75	n/a	1.0	2	301440	n/a
588.767578125	n/a	0.0	1	301449	n/a
588.783203125	n/a	0.0	1	301457	n/a
588.80078125	n/a	1.0	2	301466	n/a
588.81640625	n/a	0.0	1	301474	n/a
588.833984375	n/a	1.0	2	301483	n/a
588.849609375	n/a	0.0	1	301491	n/a
588.8671875	n/a	1.0	2	301500	n/a
588.884765625	n/a	0.0	1	301509	n/a
588.900390625	n/a	1.0	2	301517	n/a
588.91796875	n/a	1.0	2	301526	n/a
588.93359375	n/a	0.0	1	301534	n/a
588.951171875	n/a	0.0	1	301543	n/a
588.966796875	n/a	1.0	2	301551	n/a
588.984375	n/a	0.0	1	301560	n/a
589.0	n/a	1.0	2	301568	n/a
589.017578125	n/a	0.0	1	301577	n/a
589.033203125	n/a	1.0	2	301585	n/a
589.05078125	n/a	0.0	1	301594	n/a
589.06640625	n/a	1.0	2	301602	n/a
589.083984375	n/a	1.0	2	301611	n/a
589.099609375	n/a	0.0	1	301619	n/a
589.1171875	n/a	1.0	2	301628	n/a
589.134765625	n/a	0.0	1	301637	n/a
589.150390625	n/a	1.0	2	301645	n/a
589.16796875	n/a	0.0	1	301654	n/a
589.18359375	n/a	0.0	1	301662	n/a
589.201171875	n/a	1.0	2	301671	n/a
589.216796875	n/a	1.0	2	301679	n/a
589.234375	n/a	0.0	1	301688	n/a
589.25	n/a	0.0	1	301696	n/a
589.267578125	n/a	1.0	2	301705	n/a
589.283203125	n/a	1.0	2	301713	n/a
589.30078125	n/a	0.0	1	301722	n/a
589.31640625	n/a	0.0	1	301730	n/a
589.333984375	n/a	1.0	2	301739	n/a
589.349609375	n/a	0.0	1	301747	n/a
589.3671875	n/a	1.0	2	301756	n/a
589.384765625	n/a	1.0	2	301765	n/a
589.400390625	n/a	0.0	1	301773	n/a
589.41796875	n/a	0.0	1	301782	n/a
589.43359375	n/a	1.0	2	301790	n/a
589.451171875	n/a	0.0	1	301799	n/a
589.466796875	n/a	1.0	2	301807	n/a
589.484375	n/a	1.0	2	301816	n/a
589.5	n/a	0.0	1	301824	n/a
589.517578125	n/a	0.0	1	301833	n/a
589.533203125	n/a	1.0	2	301841	n/a
589.55078125	n/a	1.0	2	301850	n/a
589.56640625	n/a	0.0	1	301858	n/a
589.583984375	n/a	1.0	2	301867	n/a
589.599609375	n/a	0.0	1	301875	n/a
589.6171875	n/a	1.0	2	301884	n/a
589.634765625	n/a	0.0	1	301893	n/a
589.650390625	n/a	0.0	1	301901	n/a
589.66796875	n/a	1.0	2	301910	n/a
589.68359375	n/a	1.0	2	301918	n/a
589.701171875	n/a	0.0	1	301927	n/a
589.716796875	n/a	0.0	1	301935	n/a
589.734375	n/a	1.0	2	301944	n/a
589.75	n/a	0.0	1	301952	n/a
589.767578125	n/a	1.0	2	301961	n/a
589.783203125	n/a	0.0	1	301969	n/a
589.80078125	n/a	1.0	2	301978	n/a
589.81640625	n/a	0.0	1	301986	n/a
589.833984375	n/a	1.0	2	301995	n/a
589.849609375	n/a	1.0	2	302003	n/a
589.8671875	n/a	0.0	1	302012	n/a
589.884765625	n/a	1.0	2	302021	n/a
589.900390625	n/a	0.0	1	302029	n/a
589.91796875	n/a	1.0	2	302038	n/a
589.93359375	n/a	0.0	1	302046	n/a
589.951171875	n/a	0.0	1	302055	n/a
589.966796875	n/a	1.0	2	302063	n/a
589.984375	n/a	1.0	2	302072	n/a
590.0	n/a	0.0	1	302080	n/a
590.017578125	n/a	1.0	2	302089	n/a
590.033203125	n/a	0.0	1	302097	n/a
590.05078125	n/a	1.0	2	302106	n/a
590.06640625	n/a	0.0	1	302114	n/a
590.083984375	n/a	0.0	1	302123	n/a
590.099609375	n/a	1.0	2	302131	n/a
590.1171875	n/a	1.0	2	302140	n/a
590.134765625	n/a	0.0	1	302149	n/a
590.150390625	n/a	1.0	2	302157	n/a
590.16796875	n/a	0.0	1	302166	n/a
590.18359375	n/a	1.0	2	302174	n/a
590.201171875	n/a	0.0	1	302183	n/a
590.216796875	n/a	0.0	1	302191	n/a
590.234375	n/a	1.0	2	302200	n/a
590.25	n/a	1.0	2	302208	n/a
590.267578125	n/a	0.0	1	302217	n/a
590.283203125	n/a	1.0	2	302225	n/a
590.30078125	n/a	0.0	1	302234	n/a
590.31640625	n/a	0.0	1	302242	n/a
590.333984375	n/a	1.0	2	302251	n/a
590.349609375	n/a	0.0	1	302259	n/a
590.3671875	n/a	1.0	2	302268	n/a
590.384765625	n/a	1.0	2	302277	n/a
590.400390625	n/a	0.0	1	302285	n/a
590.41796875	n/a	0.0	1	302294	n/a
590.43359375	n/a	1.0	2	302302	n/a
590.451171875	n/a	0.0	1	302311	n/a
590.466796875	n/a	1.0	2	302319	n/a
590.484375	n/a	1.0	2	302328	n/a
590.5	n/a	0.0	1	302336	n/a
590.517578125	n/a	1.0	2	302345	n/a
590.533203125	n/a	0.0	1	302353	n/a
590.55078125	n/a	0.0	1	302362	n/a
590.56640625	n/a	1.0	2	302370	n/a
590.583984375	n/a	1.0	2	302379	n/a
590.599609375	n/a	0.0	1	302387	n/a
590.6171875	n/a	0.0	1	302396	n/a
590.634765625	n/a	1.0	2	302405	n/a
590.650390625	n/a	0.0	1	302413	n/a
590.66796875	n/a	1.0	2	302422	n/a
590.68359375	n/a	0.0	1	302430	n/a
590.701171875	n/a	1.0	2	302439	n/a
590.716796875	n/a	1.0	2	302447	n/a
590.734375	n/a	0.0	1	302456	n/a
590.75	n/a	1.0	2	302464	n/a
590.767578125	n/a	0.0	1	302473	n/a
590.783203125	n/a	1.0	2	302481	n/a
590.80078125	n/a	0.0	1	302490	n/a
590.81640625	n/a	1.0	2	302498	n/a
590.833984375	n/a	0.0	1	302507	n/a
590.849609375	n/a	1.0	2	302515	n/a
590.8671875	n/a	0.0	1	302524	n/a
590.884765625	n/a	0.0	1	302533	n/a
590.900390625	n/a	1.0	2	302541	n/a
590.91796875	n/a	0.0	1	302550	n/a
590.93359375	n/a	1.0	2	302558	n/a
590.951171875	n/a	0.0	1	302567	n/a
590.966796875	n/a	1.0	2	302575	n/a
590.984375	n/a	0.0	1	302584	n/a
591.0	n/a	1.0	2	302592	n/a
591.017578125	n/a	1.0	2	302601	n/a
591.033203125	n/a	0.0	1	302609	n/a
591.05078125	n/a	0.0	1	302618	n/a
591.06640625	n/a	1.0	2	302626	n/a
591.083984375	n/a	0.0	1	302635	n/a
591.099609375	n/a	1.0	2	302643	n/a
591.1171875	n/a	0.0	1	302652	n/a
591.134765625	n/a	1.0	2	302661	n/a
591.150390625	n/a	0.0	1	302669	n/a
591.16796875	n/a	1.0	2	302678	n/a
591.18359375	n/a	1.0	2	302686	n/a
591.201171875	n/a	0.0	1	302695	n/a
591.216796875	n/a	1.0	2	302703	n/a
591.234375	n/a	0.0	1	302712	n/a
591.25	n/a	1.0	2	302720	n/a
591.267578125	n/a	0.0	1	302729	n/a
591.283203125	n/a	0.0	1	302737	n/a
591.30078125	n/a	1.0	2	302746	n/a
591.31640625	n/a	1.0	2	302754	n/a
591.333984375	n/a	0.0	1	302763	n/a
591.349609375	n/a	0.0	1	302771	n/a
591.3671875	n/a	1.0	2	302780	n/a
591.384765625	n/a	1.0	2	302789	n/a
591.400390625	n/a	0.0	1	302797	n/a
591.41796875	n/a	0.0	1	302806	n/a
591.43359375	n/a	1.0	2	302814	n/a
591.451171875	n/a	0.0	1	302823	n/a
591.466796875	n/a	1.0	2	302831	n/a
591.484375	n/a	1.0	2	302840	n/a
591.5	n/a	0.0	1	302848	n/a
591.517578125	n/a	0.0	1	302857	n/a
591.533203125	n/a	1.0	2	302865	n/a
591.55078125	n/a	0.0	1	302874	n/a
591.56640625	n/a	1.0	2	302882	n/a
591.583984375	n/a	1.0	2	302891	n/a
591.599609375	n/a	0.0	1	302899	n/a
591.6171875	n/a	0.0	1	302908	n/a
591.634765625	n/a	1.0	2	302917	n/a
591.650390625	n/a	1.0	2	302925	n/a
591.66796875	n/a	0.0	1	302934	n/a
591.68359375	n/a	1.0	2	302942	n/a
591.701171875	n/a	0.0	1	302951	n/a
591.716796875	n/a	1.0	2	302959	n/a
591.734375	n/a	0.0	1	302968	n/a
591.75	n/a	0.0	1	302976	n/a
591.767578125	n/a	1.0	2	302985	n/a
591.783203125	n/a	1.0	2	302993	n/a
591.80078125	n/a	0.0	1	303002	n/a
591.81640625	n/a	0.0	1	303010	n/a
591.833984375	n/a	1.0	2	303019	n/a
591.849609375	n/a	0.0	1	303027	n/a
591.8671875	n/a	1.0	2	303036	n/a
591.884765625	n/a	0.0	1	303045	n/a
591.900390625	n/a	1.0	2	303053	n/a
591.91796875	n/a	0.0	1	303062	n/a
591.93359375	n/a	1.0	2	303070	n/a
591.951171875	n/a	1.0	2	303079	n/a
591.966796875	n/a	0.0	1	303087	n/a
591.984375	n/a	1.0	2	303096	n/a
592.0	n/a	0.0	1	303104	n/a
592.017578125	n/a	1.0	2	303113	n/a
592.033203125	n/a	0.0	1	303121	n/a
592.05078125	n/a	0.0	1	303130	n/a
592.06640625	n/a	1.0	2	303138	n/a
592.083984375	n/a	1.0	2	303147	n/a
592.099609375	n/a	0.0	1	303155	n/a
592.1171875	n/a	1.0	2	303164	n/a
592.134765625	n/a	0.0	1	303173	n/a
592.150390625	n/a	1.0	2	303181	n/a
592.16796875	n/a	0.0	1	303190	n/a
592.18359375	n/a	0.0	1	303198	n/a
592.201171875	n/a	1.0	2	303207	n/a
592.216796875	n/a	1.0	2	303215	n/a
592.234375	n/a	0.0	1	303224	n/a
592.25	n/a	1.0	2	303232	n/a
592.267578125	n/a	0.0	1	303241	n/a
592.283203125	n/a	1.0	2	303249	n/a
592.30078125	n/a	0.0	1	303258	n/a
592.31640625	n/a	0.0	1	303266	n/a
592.333984375	n/a	1.0	2	303275	n/a
592.349609375	n/a	1.0	2	303283	n/a
592.3671875	n/a	0.0	1	303292	n/a
592.384765625	n/a	1.0	2	303301	n/a
592.400390625	n/a	0.0	1	303309	n/a
592.41796875	n/a	0.0	1	303318	n/a
592.43359375	n/a	1.0	2	303326	n/a
592.451171875	n/a	0.0	1	303335	n/a
592.466796875	n/a	1.0	2	303343	n/a
592.484375	n/a	1.0	2	303352	n/a
592.5	n/a	0.0	1	303360	n/a
592.517578125	n/a	0.0	1	303369	n/a
592.533203125	n/a	1.0	2	303377	n/a
592.55078125	n/a	0.0	1	303386	n/a
592.56640625	n/a	1.0	2	303394	n/a
592.583984375	n/a	1.0	2	303403	n/a
592.599609375	n/a	0.0	1	303411	n/a
592.6171875	n/a	1.0	2	303420	n/a
592.634765625	n/a	0.0	1	303429	n/a
592.650390625	n/a	0.0	1	303437	n/a
592.66796875	n/a	1.0	2	303446	n/a
592.68359375	n/a	1.0	2	303454	n/a
592.701171875	n/a	0.0	1	303463	n/a
592.716796875	n/a	0.0	1	303471	n/a
592.734375	n/a	1.0	2	303480	n/a
592.75	n/a	0.0	1	303488	n/a
592.767578125	n/a	1.0	2	303497	n/a
592.783203125	n/a	0.0	1	303505	n/a
592.80078125	n/a	1.0	2	303514	n/a
592.81640625	n/a	1.0	2	303522	n/a
592.833984375	n/a	0.0	1	303531	n/a
592.849609375	n/a	1.0	2	303539	n/a
592.8671875	n/a	0.0	1	303548	n/a
592.884765625	n/a	1.0	2	303557	n/a
592.900390625	n/a	0.0	1	303565	n/a
592.91796875	n/a	1.0	2	303574	n/a
592.93359375	n/a	0.0	1	303582	n/a
592.951171875	n/a	1.0	2	303591	n/a
592.966796875	n/a	0.0	1	303599	n/a
592.984375	n/a	0.0	1	303608	n/a
593.0	n/a	1.0	2	303616	n/a
593.017578125	n/a	0.0	1	303625	n/a
593.033203125	n/a	1.0	2	303633	n/a
593.05078125	n/a	0.0	1	303642	n/a
593.06640625	n/a	1.0	2	303650	n/a
593.083984375	n/a	0.0	1	303659	n/a
593.099609375	n/a	1.0	2	303667	n/a
593.1171875	n/a	1.0	2	303676	n/a
593.134765625	n/a	0.0	1	303685	n/a
593.150390625	n/a	0.0	1	303693	n/a
593.16796875	n/a	1.0	2	303702	n/a
593.18359375	n/a	0.0	1	303710	n/a
593.201171875	n/a	1.0	2	303719	n/a
593.216796875	n/a	0.0	1	303727	n/a
593.234375	n/a	1.0	2	303736	n/a
593.25	n/a	0.0	1	303744	n/a
593.267578125	n/a	1.0	2	303753	n/a
593.283203125	n/a	1.0	2	303761	n/a
593.30078125	n/a	0.0	1	303770	n/a
593.31640625	n/a	1.0	2	303778	n/a
593.333984375	n/a	0.0	1	303787	n/a
593.349609375	n/a	1.0	2	303795	n/a
593.3671875	n/a	0.0	1	303804	n/a
593.384765625	n/a	0.0	1	303813	n/a
593.400390625	n/a	1.0	2	303821	n/a
593.41796875	n/a	1.0	2	303830	n/a
593.43359375	n/a	0.0	1	303838	n/a
593.451171875	n/a	0.0	1	303847	n/a
593.466796875	n/a	1.0	2	303855	n/a
593.484375	n/a	1.0	2	303864	n/a
593.5	n/a	0.0	1	303872	n/a
593.517578125	n/a	0.0	1	303881	n/a
593.533203125	n/a	1.0	2	303889	n/a
593.55078125	n/a	0.0	1	303898	n/a
593.56640625	n/a	1.0	2	303906	n/a
593.583984375	n/a	1.0	2	303915	n/a
593.599609375	n/a	0.0	1	303923	n/a
593.6171875	n/a	0.0	1	303932	n/a
593.634765625	n/a	1.0	2	303941	n/a
593.650390625	n/a	0.0	1	303949	n/a
593.66796875	n/a	1.0	2	303958	n/a
593.68359375	n/a	1.0	2	303966	n/a
593.701171875	n/a	0.0	1	303975	n/a
593.716796875	n/a	0.0	1	303983	n/a
593.734375	n/a	1.0	2	303992	n/a
593.75	n/a	1.0	2	304000	n/a
593.767578125	n/a	0.0	1	304009	n/a
593.783203125	n/a	1.0	2	304017	n/a
593.80078125	n/a	0.0	1	304026	n/a
593.81640625	n/a	1.0	2	304034	n/a
593.833984375	n/a	0.0	1	304043	n/a
593.849609375	n/a	0.0	1	304051	n/a
593.8671875	n/a	1.0	2	304060	n/a
593.884765625	n/a	1.0	2	304069	n/a
593.900390625	n/a	0.0	1	304077	n/a
593.91796875	n/a	0.0	1	304086	n/a
593.93359375	n/a	1.0	2	304094	n/a
593.951171875	n/a	0.0	1	304103	n/a
593.966796875	n/a	1.0	2	304111	n/a
593.984375	n/a	0.0	1	304120	n/a
594.0	n/a	1.0	2	304128	n/a
594.017578125	n/a	0.0	1	304137	n/a
594.033203125	n/a	1.0	2	304145	n/a
594.05078125	n/a	1.0	2	304154	n/a
594.06640625	n/a	0.0	1	304162	n/a
594.083984375	n/a	1.0	2	304171	n/a
594.099609375	n/a	0.0	1	304179	n/a
594.1171875	n/a	1.0	2	304188	n/a
594.134765625	n/a	0.0	1	304197	n/a
594.150390625	n/a	0.0	1	304205	n/a
594.16796875	n/a	1.0	2	304214	n/a
594.18359375	n/a	1.0	2	304222	n/a
594.201171875	n/a	0.0	1	304231	n/a
594.216796875	n/a	1.0	2	304239	n/a
594.234375	n/a	0.0	1	304248	n/a
594.25	n/a	1.0	2	304256	n/a
594.267578125	n/a	0.0	1	304265	n/a
594.283203125	n/a	0.0	1	304273	n/a
594.30078125	n/a	1.0	2	304282	n/a
594.31640625	n/a	1.0	2	304290	n/a
594.333984375	n/a	0.0	1	304299	n/a
594.349609375	n/a	1.0	2	304307	n/a
594.3671875	n/a	0.0	1	304316	n/a
594.384765625	n/a	1.0	2	304325	n/a
594.400390625	n/a	0.0	1	304333	n/a
594.41796875	n/a	0.0	1	304342	n/a
594.43359375	n/a	1.0	2	304350	n/a
594.451171875	n/a	1.0	2	304359	n/a
594.466796875	n/a	0.0	1	304367	n/a
594.484375	n/a	1.0	2	304376	n/a
594.5	n/a	0.0	1	304384	n/a
594.517578125	n/a	0.0	1	304393	n/a
594.533203125	n/a	1.0	2	304401	n/a
594.55078125	n/a	0.0	1	304410	n/a
594.56640625	n/a	1.0	2	304418	n/a
594.583984375	n/a	1.0	2	304427	n/a
594.599609375	n/a	0.0	1	304435	n/a
594.6171875	n/a	0.0	1	304444	n/a
594.634765625	n/a	1.0	2	304453	n/a
594.650390625	n/a	0.0	1	304461	n/a
594.66796875	n/a	1.0	2	304470	n/a
594.68359375	n/a	1.0	2	304478	n/a
594.701171875	n/a	0.0	1	304487	n/a
594.716796875	n/a	1.0	2	304495	n/a
594.734375	n/a	0.0	1	304504	n/a
594.75	n/a	0.0	1	304512	n/a
594.767578125	n/a	1.0	2	304521	n/a
594.783203125	n/a	1.0	2	304529	n/a
594.80078125	n/a	0.0	1	304538	n/a
594.81640625	n/a	0.0	1	304546	n/a
594.833984375	n/a	1.0	2	304555	n/a
594.849609375	n/a	0.0	1	304563	n/a
594.8671875	n/a	1.0	2	304572	n/a
594.884765625	n/a	0.0	1	304581	n/a
594.900390625	n/a	1.0	2	304589	n/a
594.91796875	n/a	1.0	2	304598	n/a
594.93359375	n/a	0.0	1	304606	n/a
594.951171875	n/a	1.0	2	304615	n/a
594.966796875	n/a	0.0	1	304623	n/a
594.984375	n/a	1.0	2	304632	n/a
595.0	n/a	0.0	1	304640	n/a
595.017578125	n/a	1.0	2	304649	n/a
595.033203125	n/a	0.0	1	304657	n/a
595.05078125	n/a	1.0	2	304666	n/a
595.06640625	n/a	0.0	1	304674	n/a
595.083984375	n/a	0.0	1	304683	n/a
595.099609375	n/a	1.0	2	304691	n/a
595.1171875	n/a	0.0	1	304700	n/a
595.134765625	n/a	1.0	2	304709	n/a
595.150390625	n/a	0.0	1	304717	n/a
595.16796875	n/a	1.0	2	304726	n/a
595.18359375	n/a	0.0	1	304734	n/a
595.201171875	n/a	1.0	2	304743	n/a
595.216796875	n/a	1.0	2	304751	n/a
595.234375	n/a	0.0	1	304760	n/a
595.25	n/a	0.0	1	304768	n/a
595.267578125	n/a	1.0	2	304777	n/a
595.283203125	n/a	0.0	1	304785	n/a
595.30078125	n/a	1.0	2	304794	n/a
595.31640625	n/a	0.0	1	304802	n/a
595.333984375	n/a	1.0	2	304811	n/a
595.349609375	n/a	0.0	1	304819	n/a
595.3671875	n/a	1.0	2	304828	n/a
595.384765625	n/a	1.0	2	304837	n/a
595.400390625	n/a	0.0	1	304845	n/a
595.41796875	n/a	1.0	2	304854	n/a
595.43359375	n/a	0.0	1	304862	n/a
595.451171875	n/a	1.0	2	304871	n/a
595.466796875	n/a	0.0	1	304879	n/a
595.484375	n/a	0.0	1	304888	n/a
595.5	n/a	1.0	2	304896	n/a
595.517578125	n/a	1.0	2	304905	n/a
595.533203125	n/a	0.0	1	304913	n/a
595.55078125	n/a	0.0	1	304922	n/a
595.56640625	n/a	1.0	2	304930	n/a
595.583984375	n/a	1.0	2	304939	n/a
595.599609375	n/a	0.0	1	304947	n/a
595.6171875	n/a	0.0	1	304956	n/a
595.634765625	n/a	1.0	2	304965	n/a
595.650390625	n/a	0.0	1	304973	n/a
595.66796875	n/a	1.0	2	304982	n/a
595.68359375	n/a	1.0	2	304990	n/a
595.701171875	n/a	0.0	1	304999	n/a
595.716796875	n/a	0.0	1	305007	n/a
595.734375	n/a	1.0	2	305016	n/a
595.75	n/a	0.0	1	305024	n/a
595.767578125	n/a	1.0	2	305033	n/a
595.783203125	n/a	1.0	2	305041	n/a
595.80078125	n/a	0.0	1	305050	n/a
595.81640625	n/a	0.0	1	305058	n/a
595.833984375	n/a	1.0	2	305067	n/a
595.849609375	n/a	1.0	2	305075	n/a
595.8671875	n/a	0.0	1	305084	n/a
595.884765625	n/a	1.0	2	305093	n/a
595.900390625	n/a	0.0	1	305101	n/a
595.91796875	n/a	1.0	2	305110	n/a
595.93359375	n/a	0.0	1	305118	n/a
595.951171875	n/a	0.0	1	305127	n/a
595.966796875	n/a	1.0	2	305135	n/a
595.984375	n/a	1.0	2	305144	n/a
596.0	n/a	0.0	1	305152	n/a
596.017578125	n/a	0.0	1	305161	n/a
596.033203125	n/a	1.0	2	305169	n/a
596.05078125	n/a	0.0	1	305178	n/a
596.06640625	n/a	1.0	2	305186	n/a
596.083984375	n/a	0.0	1	305195	n/a
596.099609375	n/a	1.0	2	305203	n/a
596.1171875	n/a	0.0	1	305212	n/a
596.134765625	n/a	1.0	2	305221	n/a
596.150390625	n/a	1.0	2	305229	n/a
596.16796875	n/a	0.0	1	305238	n/a
596.18359375	n/a	1.0	2	305246	n/a
596.201171875	n/a	0.0	1	305255	n/a
596.216796875	n/a	1.0	2	305263	n/a
596.234375	n/a	0.0	1	305272	n/a
596.25	n/a	0.0	1	305280	n/a
596.267578125	n/a	1.0	2	305289	n/a
596.283203125	n/a	1.0	2	305297	n/a
596.30078125	n/a	0.0	1	305306	n/a
596.31640625	n/a	1.0	2	305314	n/a
596.333984375	n/a	0.0	1	305323	n/a
596.349609375	n/a	1.0	2	305331	n/a
596.3671875	n/a	0.0	1	305340	n/a
596.384765625	n/a	0.0	1	305349	n/a
596.400390625	n/a	1.0	2	305357	n/a
596.41796875	n/a	1.0	2	305366	n/a
596.43359375	n/a	0.0	1	305374	n/a
596.451171875	n/a	1.0	2	305383	n/a
596.466796875	n/a	0.0	1	305391	n/a
596.484375	n/a	1.0	2	305400	n/a
596.5	n/a	0.0	1	305408	n/a
596.517578125	n/a	0.0	1	305417	n/a
596.533203125	n/a	1.0	2	305425	n/a
596.55078125	n/a	1.0	2	305434	n/a
596.56640625	n/a	0.0	1	305442	n/a
596.583984375	n/a	1.0	2	305451	n/a
596.599609375	n/a	0.0	1	305459	n/a
596.6171875	n/a	0.0	1	305468	n/a
596.634765625	n/a	1.0	2	305477	n/a
596.650390625	n/a	0.0	1	305485	n/a
596.66796875	n/a	1.0	2	305494	n/a
596.68359375	n/a	1.0	2	305502	n/a
596.701171875	n/a	0.0	1	305511	n/a
596.716796875	n/a	0.0	1	305519	n/a
596.734375	n/a	1.0	2	305528	n/a
596.75	n/a	0.0	1	305536	n/a
596.767578125	n/a	1.0	2	305545	n/a
596.783203125	n/a	1.0	2	305553	n/a
596.80078125	n/a	0.0	1	305562	n/a
596.81640625	n/a	1.0	2	305570	n/a
596.833984375	n/a	0.0	1	305579	n/a
596.849609375	n/a	0.0	1	305587	n/a
596.8671875	n/a	1.0	2	305596	n/a
596.884765625	n/a	1.0	2	305605	n/a
596.900390625	n/a	0.0	1	305613	n/a
596.91796875	n/a	0.0	1	305622	n/a
596.93359375	n/a	1.0	2	305630	n/a
596.951171875	n/a	0.0	1	305639	n/a
596.966796875	n/a	1.0	2	305647	n/a
596.984375	n/a	0.0	1	305656	n/a
597.0	n/a	1.0	2	305664	n/a
597.017578125	n/a	1.0	2	305673	n/a
597.033203125	n/a	0.0	1	305681	n/a
597.05078125	n/a	1.0	2	305690	n/a
597.06640625	n/a	0.0	1	305698	n/a
597.083984375	n/a	1.0	2	305707	n/a
597.099609375	n/a	0.0	1	305715	n/a
597.1171875	n/a	1.0	2	305724	n/a
597.134765625	n/a	0.0	1	305733	n/a
597.150390625	n/a	1.0	2	305741	n/a
597.16796875	n/a	0.0	1	305750	n/a
597.18359375	n/a	0.0	1	305758	n/a
597.201171875	n/a	1.0	2	305767	n/a
597.216796875	n/a	0.0	1	305775	n/a
597.234375	n/a	1.0	2	305784	n/a
597.25	n/a	0.0	1	305792	n/a
597.267578125	n/a	1.0	2	305801	n/a
597.283203125	n/a	0.0	1	305809	n/a
597.30078125	n/a	1.0	2	305818	n/a
597.31640625	n/a	1.0	2	305826	n/a
597.333984375	n/a	0.0	1	305835	n/a
597.349609375	n/a	0.0	1	305843	n/a
597.3671875	n/a	1.0	2	305852	n/a
597.384765625	n/a	0.0	1	305861	n/a
597.400390625	n/a	1.0	2	305869	n/a
597.41796875	n/a	0.0	1	305878	n/a
597.43359375	n/a	1.0	2	305886	n/a
597.451171875	n/a	0.0	1	305895	n/a
597.466796875	n/a	1.0	2	305903	n/a
597.484375	n/a	1.0	2	305912	n/a
597.5	n/a	0.0	1	305920	n/a
597.517578125	n/a	1.0	2	305929	n/a
597.533203125	n/a	0.0	1	305937	n/a
597.55078125	n/a	1.0	2	305946	n/a
597.56640625	n/a	0.0	1	305954	n/a
597.583984375	n/a	0.0	1	305963	n/a
597.599609375	n/a	1.0	2	305971	n/a
597.6171875	n/a	1.0	2	305980	n/a
597.634765625	n/a	0.0	1	305989	n/a
597.650390625	n/a	0.0	1	305997	n/a
597.66796875	n/a	1.0	2	306006	n/a
597.68359375	n/a	1.0	2	306014	n/a
597.701171875	n/a	0.0	1	306023	n/a
597.716796875	n/a	0.0	1	306031	n/a
597.734375	n/a	1.0	2	306040	n/a
597.75	n/a	0.0	1	306048	n/a
597.767578125	n/a	1.0	2	306057	n/a
597.783203125	n/a	1.0	2	306065	n/a
597.80078125	n/a	0.0	1	306074	n/a
597.81640625	n/a	0.0	1	306082	n/a
597.833984375	n/a	1.0	2	306091	n/a
597.849609375	n/a	0.0	1	306099	n/a
597.8671875	n/a	1.0	2	306108	n/a
597.884765625	n/a	1.0	2	306117	n/a
597.900390625	n/a	0.0	1	306125	n/a
597.91796875	n/a	0.0	1	306134	n/a
597.93359375	n/a	1.0	2	306142	n/a
597.951171875	n/a	1.0	2	306151	n/a
597.966796875	n/a	0.0	1	306159	n/a
597.984375	n/a	1.0	2	306168	n/a
598.0	n/a	0.0	1	306176	n/a
598.017578125	n/a	1.0	2	306185	n/a
598.033203125	n/a	0.0	1	306193	n/a
598.05078125	n/a	0.0	1	306202	n/a
598.06640625	n/a	1.0	2	306210	n/a
598.083984375	n/a	1.0	2	306219	n/a
598.099609375	n/a	0.0	1	306227	n/a
598.1171875	n/a	0.0	1	306236	n/a
598.134765625	n/a	1.0	2	306245	n/a
598.150390625	n/a	0.0	1	306253	n/a
598.16796875	n/a	1.0	2	306262	n/a
598.18359375	n/a	0.0	1	306270	n/a
598.201171875	n/a	1.0	2	306279	n/a
598.216796875	n/a	0.0	1	306287	n/a
598.234375	n/a	1.0	2	306296	n/a
598.25	n/a	1.0	2	306304	n/a
598.267578125	n/a	0.0	1	306313	n/a
598.283203125	n/a	1.0	2	306321	n/a
598.30078125	n/a	0.0	1	306330	n/a
598.31640625	n/a	1.0	2	306338	n/a
598.333984375	n/a	0.0	1	306347	n/a
598.349609375	n/a	0.0	1	306355	n/a
598.3671875	n/a	1.0	2	306364	n/a
598.384765625	n/a	1.0	2	306373	n/a
598.400390625	n/a	0.0	1	306381	n/a
598.41796875	n/a	1.0	2	306390	n/a
598.43359375	n/a	0.0	1	306398	n/a
598.451171875	n/a	1.0	2	306407	n/a
598.466796875	n/a	0.0	1	306415	n/a
598.484375	n/a	0.0	1	306424	n/a
598.5	n/a	1.0	2	306432	n/a
598.517578125	n/a	1.0	2	306441	n/a
598.533203125	n/a	0.0	1	306449	n/a
598.55078125	n/a	1.0	2	306458	n/a
598.56640625	n/a	0.0	1	306466	n/a
598.583984375	n/a	1.0	2	306475	n/a
598.599609375	n/a	0.0	1	306483	n/a
598.6171875	n/a	0.0	1	306492	n/a
598.634765625	n/a	1.0	2	306501	n/a
598.650390625	n/a	1.0	2	306509	n/a
598.66796875	n/a	0.0	1	306518	n/a
598.68359375	n/a	1.0	2	306526	n/a
598.701171875	n/a	0.0	1	306535	n/a
598.716796875	n/a	0.0	1	306543	n/a
598.734375	n/a	1.0	2	306552	n/a
598.75	n/a	0.0	1	306560	n/a
598.767578125	n/a	1.0	2	306569	n/a
598.783203125	n/a	1.0	2	306577	n/a
598.80078125	n/a	0.0	1	306586	n/a
598.81640625	n/a	0.0	1	306594	n/a
598.833984375	n/a	1.0	2	306603	n/a
598.849609375	n/a	0.0	1	306611	n/a
598.8671875	n/a	1.0	2	306620	n/a
598.884765625	n/a	1.0	2	306629	n/a
598.900390625	n/a	0.0	1	306637	n/a
598.91796875	n/a	1.0	2	306646	n/a
598.93359375	n/a	0.0	1	306654	n/a
598.951171875	n/a	0.0	1	306663	n/a
598.966796875	n/a	1.0	2	306671	n/a
598.984375	n/a	1.0	2	306680	n/a
599.0	n/a	0.0	1	306688	n/a
599.017578125	n/a	0.0	1	306697	n/a
599.033203125	n/a	1.0	2	306705	n/a
599.05078125	n/a	0.0	1	306714	n/a
599.06640625	n/a	1.0	2	306722	n/a
599.083984375	n/a	0.0	1	306731	n/a
599.099609375	n/a	1.0	2	306739	n/a
599.1171875	n/a	1.0	2	306748	n/a
599.134765625	n/a	0.0	1	306757	n/a
599.150390625	n/a	1.0	2	306765	n/a
599.16796875	n/a	0.0	1	306774	n/a
599.18359375	n/a	1.0	2	306782	n/a
599.201171875	n/a	0.0	1	306791	n/a
599.216796875	n/a	1.0	2	306799	n/a
599.234375	n/a	0.0	1	306808	n/a
599.25	n/a	1.0	2	306816	n/a
599.267578125	n/a	0.0	1	306825	n/a
599.283203125	n/a	0.0	1	306833	n/a
599.30078125	n/a	1.0	2	306842	n/a
599.31640625	n/a	0.0	1	306850	n/a
599.333984375	n/a	1.0	2	306859	n/a
599.349609375	n/a	0.0	1	306867	n/a
599.3671875	n/a	1.0	2	306876	n/a
599.384765625	n/a	0.0	1	306885	n/a
599.400390625	n/a	1.0	2	306893	n/a
599.41796875	n/a	1.0	2	306902	n/a
599.43359375	n/a	0.0	1	306910	n/a
599.451171875	n/a	0.0	1	306919	n/a
599.466796875	n/a	1.0	2	306927	n/a
599.484375	n/a	0.0	1	306936	n/a
599.5	n/a	1.0	2	306944	n/a
599.517578125	n/a	0.0	1	306953	n/a
599.533203125	n/a	1.0	2	306961	n/a
599.55078125	n/a	0.0	1	306970	n/a
599.56640625	n/a	1.0	2	306978	n/a
599.583984375	n/a	1.0	2	306987	n/a
599.599609375	n/a	0.0	1	306995	n/a
599.6171875	n/a	1.0	2	307004	n/a
599.634765625	n/a	0.0	1	307013	n/a
599.650390625	n/a	1.0	2	307021	n/a
599.66796875	n/a	0.0	1	307030	n/a
599.68359375	n/a	0.0	1	307038	n/a
599.701171875	n/a	1.0	2	307047	n/a
599.716796875	n/a	1.0	2	307055	n/a
599.734375	n/a	0.0	1	307064	n/a
599.75	n/a	0.0	1	307072	n/a
599.767578125	n/a	1.0	2	307081	n/a
599.783203125	n/a	1.0	2	307089	n/a
599.80078125	n/a	0.0	1	307098	n/a
599.81640625	n/a	0.0	1	307106	n/a
599.833984375	n/a	1.0	2	307115	n/a
599.849609375	n/a	0.0	1	307123	n/a
599.8671875	n/a	1.0	2	307132	n/a
599.884765625	n/a	1.0	2	307141	n/a
599.900390625	n/a	0.0	1	307149	n/a
599.91796875	n/a	0.0	1	307158	n/a
599.93359375	n/a	1.0	2	307166	n/a
599.951171875	n/a	0.0	1	307175	n/a
599.966796875	n/a	1.0	2	307183	n/a
599.984375	n/a	1.0	2	307192	n/a
600.0	n/a	0.0	1	307200	n/a
600.017578125	n/a	0.0	1	307209	n/a
600.033203125	n/a	1.0	2	307217	n/a
600.05078125	n/a	1.0	2	307226	n/a
600.06640625	n/a	0.0	1	307234	n/a
600.083984375	n/a	1.0	2	307243	n/a
600.099609375	n/a	0.0	1	307251	n/a
600.1171875	n/a	1.0	2	307260	n/a
600.134765625	n/a	0.0	1	307269	n/a
600.150390625	n/a	0.0	1	307277	n/a
600.16796875	n/a	1.0	2	307286	n/a
600.18359375	n/a	1.0	2	307294	n/a
600.201171875	n/a	0.0	1	307303	n/a
600.216796875	n/a	0.0	1	307311	n/a
600.234375	n/a	1.0	2	307320	n/a
600.25	n/a	0.0	1	307328	n/a
600.267578125	n/a	1.0	2	307337	n/a
600.283203125	n/a	0.0	1	307345	n/a
600.30078125	n/a	1.0	2	307354	n/a
600.31640625	n/a	0.0	1	307362	n/a
600.333984375	n/a	1.0	2	307371	n/a
600.349609375	n/a	1.0	2	307379	n/a
600.3671875	n/a	0.0	1	307388	n/a
600.384765625	n/a	1.0	2	307397	n/a
600.400390625	n/a	0.0	1	307405	n/a
600.41796875	n/a	1.0	2	307414	n/a
600.43359375	n/a	0.0	1	307422	n/a
600.451171875	n/a	0.0	1	307431	n/a
600.466796875	n/a	1.0	2	307439	n/a
600.484375	n/a	1.0	2	307448	n/a
600.5	n/a	0.0	1	307456	n/a
600.517578125	n/a	1.0	2	307465	n/a
600.533203125	n/a	0.0	1	307473	n/a
600.55078125	n/a	1.0	2	307482	n/a
600.56640625	n/a	0.0	1	307490	n/a
600.583984375	n/a	0.0	1	307499	n/a
600.599609375	n/a	1.0	2	307507	n/a
601.96875	n/a	1.0	2	308208	0.0
601.986328125	n/a	0.0	1	308217	n/a
602.001953125	n/a	0.0	1	308225	n/a
602.01953125	n/a	1.0	2	308234	n/a
602.03515625	n/a	0.0	1	308242	n/a
602.052734375	n/a	1.0	2	308251	n/a
602.068359375	n/a	0.0	1	308259	n/a
602.0859375	n/a	1.0	2	308268	n/a
602.1015625	n/a	0.0	1	308276	n/a
602.119140625	n/a	1.0	2	308285	n/a
602.134765625	n/a	0.0	1	308293	n/a
602.15234375	n/a	1.0	2	308302	n/a
602.16796875	n/a	1.0	2	308310	n/a
602.185546875	n/a	0.0	1	308319	n/a
602.201171875	n/a	0.0	1	308327	n/a
602.21875	n/a	1.0	2	308336	n/a
602.236328125	n/a	0.0	1	308345	n/a
602.251953125	n/a	1.0	2	308353	n/a
602.26953125	n/a	1.0	2	308362	n/a
602.28515625	n/a	0.0	1	308370	n/a
602.302734375	n/a	0.0	1	308379	n/a
602.318359375	n/a	1.0	2	308387	n/a
602.3359375	n/a	0.0	1	308396	n/a
602.3515625	n/a	1.0	2	308404	n/a
602.369140625	n/a	1.0	2	308413	n/a
602.384765625	n/a	0.0	1	308421	n/a
602.40234375	n/a	0.0	1	308430	n/a
602.41796875	n/a	1.0	2	308438	n/a
602.435546875	n/a	0.0	1	308447	n/a
602.451171875	n/a	1.0	2	308455	n/a
602.46875	n/a	0.0	1	308464	n/a
602.486328125	n/a	1.0	2	308473	n/a
602.501953125	n/a	0.0	1	308481	n/a
602.51953125	n/a	1.0	2	308490	n/a
602.53515625	n/a	1.0	2	308498	n/a
602.552734375	n/a	0.0	1	308507	n/a
602.568359375	n/a	0.0	1	308515	n/a
602.5859375	n/a	1.0	2	308524	n/a
602.6015625	n/a	0.0	1	308532	n/a
602.619140625	n/a	1.0	2	308541	n/a
602.634765625	n/a	1.0	2	308549	n/a
602.65234375	n/a	0.0	1	308558	n/a
602.66796875	n/a	1.0	2	308566	n/a
602.685546875	n/a	0.0	1	308575	n/a
602.701171875	n/a	1.0	2	308583	n/a
602.71875	n/a	0.0	1	308592	n/a
602.736328125	n/a	1.0	2	308601	n/a
602.751953125	n/a	0.0	1	308609	n/a
602.76953125	n/a	0.0	1	308618	n/a
602.78515625	n/a	1.0	2	308626	n/a
602.802734375	n/a	1.0	2	308635	n/a
602.818359375	n/a	0.0	1	308643	n/a
602.8359375	n/a	1.0	2	308652	n/a
602.8515625	n/a	0.0	1	308660	n/a
602.869140625	n/a	0.0	1	308669	n/a
602.884765625	n/a	1.0	2	308677	n/a
602.90234375	n/a	1.0	2	308686	n/a
602.91796875	n/a	0.0	1	308694	n/a
602.935546875	n/a	0.0	1	308703	n/a
602.951171875	n/a	1.0	2	308711	n/a
602.96875	n/a	0.0	1	308720	n/a
602.986328125	n/a	1.0	2	308729	n/a
603.001953125	n/a	1.0	2	308737	n/a
603.01953125	n/a	0.0	1	308746	n/a
603.03515625	n/a	1.0	2	308754	n/a
603.052734375	n/a	0.0	1	308763	n/a
603.068359375	n/a	0.0	1	308771	n/a
603.0859375	n/a	1.0	2	308780	n/a
603.1015625	n/a	1.0	2	308788	n/a
603.119140625	n/a	0.0	1	308797	n/a
603.134765625	n/a	0.0	1	308805	n/a
603.15234375	n/a	1.0	2	308814	n/a
603.16796875	n/a	1.0	2	308822	n/a
603.185546875	n/a	0.0	1	308831	n/a
603.201171875	n/a	1.0	2	308839	n/a
603.21875	n/a	0.0	1	308848	n/a
603.236328125	n/a	0.0	1	308857	n/a
603.251953125	n/a	1.0	2	308865	n/a
603.26953125	n/a	0.0	1	308874	n/a
603.28515625	n/a	1.0	2	308882	n/a
603.302734375	n/a	0.0	1	308891	n/a
603.318359375	n/a	1.0	2	308899	n/a
603.3359375	n/a	1.0	2	308908	n/a
603.3515625	n/a	0.0	1	308916	n/a
603.369140625	n/a	0.0	1	308925	n/a
603.384765625	n/a	1.0	2	308933	n/a
603.40234375	n/a	1.0	2	308942	n/a
603.41796875	n/a	0.0	1	308950	n/a
603.435546875	n/a	1.0	2	308959	n/a
603.451171875	n/a	0.0	1	308967	n/a
603.46875	n/a	0.0	1	308976	n/a
603.486328125	n/a	1.0	2	308985	n/a
603.501953125	n/a	1.0	2	308993	n/a
603.51953125	n/a	0.0	1	309002	n/a
603.53515625	n/a	1.0	2	309010	n/a
603.552734375	n/a	0.0	1	309019	n/a
603.568359375	n/a	1.0	2	309027	n/a
603.5859375	n/a	0.0	1	309036	n/a
603.6015625	n/a	1.0	2	309044	n/a
603.619140625	n/a	0.0	1	309053	n/a
603.634765625	n/a	0.0	1	309061	n/a
603.65234375	n/a	1.0	2	309070	n/a
603.66796875	n/a	1.0	2	309078	n/a
603.685546875	n/a	0.0	1	309087	n/a
603.701171875	n/a	1.0	2	309095	n/a
603.71875	n/a	0.0	1	309104	n/a
603.736328125	n/a	1.0	2	309113	n/a
603.751953125	n/a	0.0	1	309121	n/a
603.76953125	n/a	1.0	2	309130	n/a
603.78515625	n/a	0.0	1	309138	n/a
603.802734375	n/a	1.0	2	309147	n/a
603.818359375	n/a	0.0	1	309155	n/a
603.8359375	n/a	0.0	1	309164	n/a
603.8515625	n/a	1.0	2	309172	n/a
603.869140625	n/a	1.0	2	309181	n/a
603.884765625	n/a	0.0	1	309189	n/a
603.90234375	n/a	1.0	2	309198	n/a
603.91796875	n/a	0.0	1	309206	n/a
603.935546875	n/a	1.0	2	309215	n/a
603.951171875	n/a	0.0	1	309223	n/a
603.96875	n/a	0.0	1	309232	n/a
603.986328125	n/a	1.0	2	309241	n/a
604.001953125	n/a	0.0	1	309249	n/a
604.01953125	n/a	1.0	2	309258	n/a
604.03515625	n/a	0.0	1	309266	n/a
604.052734375	n/a	1.0	2	309275	n/a
604.068359375	n/a	1.0	2	309283	n/a
604.0859375	n/a	0.0	1	309292	n/a
604.1015625	n/a	0.0	1	309300	n/a
604.119140625	n/a	1.0	2	309309	n/a
604.134765625	n/a	0.0	1	309317	n/a
604.15234375	n/a	1.0	2	309326	n/a
604.16796875	n/a	0.0	1	309334	n/a
604.185546875	n/a	1.0	2	309343	n/a
604.201171875	n/a	0.0	1	309351	n/a
604.21875	n/a	1.0	2	309360	n/a
604.236328125	n/a	0.0	1	309369	n/a
604.251953125	n/a	1.0	2	309377	n/a
604.26953125	n/a	1.0	2	309386	n/a
604.28515625	n/a	0.0	1	309394	n/a
604.302734375	n/a	0.0	1	309403	n/a
604.318359375	n/a	1.0	2	309411	n/a
604.3359375	n/a	0.0	1	309420	n/a
604.3515625	n/a	1.0	2	309428	n/a
604.369140625	n/a	1.0	2	309437	n/a
604.384765625	n/a	0.0	1	309445	n/a
604.40234375	n/a	0.0	1	309454	n/a
604.41796875	n/a	1.0	2	309462	n/a
604.435546875	n/a	0.0	1	309471	n/a
604.451171875	n/a	1.0	2	309479	n/a
604.46875	n/a	1.0	2	309488	n/a
604.486328125	n/a	0.0	1	309497	n/a
604.501953125	n/a	0.0	1	309505	n/a
604.51953125	n/a	1.0	2	309514	n/a
604.53515625	n/a	0.0	1	309522	n/a
604.552734375	n/a	1.0	2	309531	n/a
604.568359375	n/a	0.0	1	309539	n/a
604.5859375	n/a	1.0	2	309548	n/a
604.6015625	n/a	0.0	1	309556	n/a
604.619140625	n/a	1.0	2	309565	n/a
604.634765625	n/a	1.0	2	309573	n/a
604.65234375	n/a	0.0	1	309582	n/a
604.66796875	n/a	0.0	1	309590	n/a
604.685546875	n/a	1.0	2	309599	n/a
604.701171875	n/a	0.0	1	309607	n/a
604.71875	n/a	1.0	2	309616	n/a
604.736328125	n/a	1.0	2	309625	n/a
604.751953125	n/a	0.0	1	309633	n/a
604.76953125	n/a	1.0	2	309642	n/a
604.78515625	n/a	0.0	1	309650	n/a
604.802734375	n/a	1.0	2	309659	n/a
604.818359375	n/a	0.0	1	309667	n/a
604.8359375	n/a	1.0	2	309676	n/a
604.8515625	n/a	0.0	1	309684	n/a
604.869140625	n/a	0.0	1	309693	n/a
604.884765625	n/a	1.0	2	309701	n/a
604.90234375	n/a	1.0	2	309710	n/a
604.91796875	n/a	0.0	1	309718	n/a
604.935546875	n/a	1.0	2	309727	n/a
604.951171875	n/a	0.0	1	309735	n/a
604.96875	n/a	0.0	1	309744	n/a
604.986328125	n/a	1.0	2	309753	n/a
605.001953125	n/a	1.0	2	309761	n/a
605.01953125	n/a	0.0	1	309770	n/a
605.03515625	n/a	0.0	1	309778	n/a
605.052734375	n/a	1.0	2	309787	n/a
605.068359375	n/a	0.0	1	309795	n/a
605.0859375	n/a	1.0	2	309804	n/a
605.1015625	n/a	1.0	2	309812	n/a
605.119140625	n/a	0.0	1	309821	n/a
605.134765625	n/a	1.0	2	309829	n/a
605.15234375	n/a	0.0	1	309838	n/a
605.16796875	n/a	0.0	1	309846	n/a
605.185546875	n/a	1.0	2	309855	n/a
605.201171875	n/a	1.0	2	309863	n/a
605.21875	n/a	0.0	1	309872	n/a
605.236328125	n/a	0.0	1	309881	n/a
605.251953125	n/a	1.0	2	309889	n/a
605.26953125	n/a	1.0	2	309898	n/a
605.28515625	n/a	0.0	1	309906	n/a
605.302734375	n/a	1.0	2	309915	n/a
605.318359375	n/a	0.0	1	309923	n/a
605.3359375	n/a	0.0	1	309932	n/a
605.3515625	n/a	1.0	2	309940	n/a
605.369140625	n/a	0.0	1	309949	n/a
605.384765625	n/a	1.0	2	309957	n/a
605.40234375	n/a	0.0	1	309966	n/a
605.41796875	n/a	1.0	2	309974	n/a
605.435546875	n/a	1.0	2	309983	n/a
605.451171875	n/a	0.0	1	309991	n/a
605.46875	n/a	0.0	1	310000	n/a
605.486328125	n/a	1.0	2	310009	n/a
605.501953125	n/a	1.0	2	310017	n/a
605.51953125	n/a	0.0	1	310026	n/a
605.53515625	n/a	1.0	2	310034	n/a
605.552734375	n/a	0.0	1	310043	n/a
605.568359375	n/a	0.0	1	310051	n/a
605.5859375	n/a	1.0	2	310060	n/a
605.6015625	n/a	1.0	2	310068	n/a
605.619140625	n/a	0.0	1	310077	n/a
605.634765625	n/a	1.0	2	310085	n/a
605.65234375	n/a	0.0	1	310094	n/a
605.66796875	n/a	1.0	2	310102	n/a
605.685546875	n/a	0.0	1	310111	n/a
605.701171875	n/a	1.0	2	310119	n/a
605.71875	n/a	0.0	1	310128	n/a
605.736328125	n/a	0.0	1	310137	n/a
605.751953125	n/a	1.0	2	310145	n/a
605.76953125	n/a	1.0	2	310154	n/a
605.78515625	n/a	0.0	1	310162	n/a
605.802734375	n/a	1.0	2	310171	n/a
605.818359375	n/a	0.0	1	310179	n/a
605.8359375	n/a	1.0	2	310188	n/a
605.8515625	n/a	0.0	1	310196	n/a
605.869140625	n/a	1.0	2	310205	n/a
605.884765625	n/a	0.0	1	310213	n/a
605.90234375	n/a	1.0	2	310222	n/a
605.91796875	n/a	0.0	1	310230	n/a
605.935546875	n/a	0.0	1	310239	n/a
605.951171875	n/a	1.0	2	310247	n/a
605.96875	n/a	1.0	2	310256	n/a
605.986328125	n/a	0.0	1	310265	n/a
606.001953125	n/a	1.0	2	310273	n/a
606.01953125	n/a	0.0	1	310282	n/a
606.03515625	n/a	1.0	2	310290	n/a
606.052734375	n/a	0.0	1	310299	n/a
606.068359375	n/a	0.0	1	310307	n/a
606.0859375	n/a	1.0	2	310316	n/a
606.1015625	n/a	0.0	1	310324	n/a
606.119140625	n/a	1.0	2	310333	n/a
606.134765625	n/a	0.0	1	310341	n/a
606.15234375	n/a	1.0	2	310350	n/a
606.16796875	n/a	1.0	2	310358	n/a
606.185546875	n/a	0.0	1	310367	n/a
606.201171875	n/a	0.0	1	310375	n/a
606.21875	n/a	1.0	2	310384	n/a
606.236328125	n/a	0.0	1	310393	n/a
606.251953125	n/a	1.0	2	310401	n/a
606.26953125	n/a	0.0	1	310410	n/a
606.28515625	n/a	1.0	2	310418	n/a
606.302734375	n/a	0.0	1	310427	n/a
606.318359375	n/a	1.0	2	310435	n/a
606.3359375	n/a	0.0	1	310444	n/a
606.3515625	n/a	1.0	2	310452	n/a
606.369140625	n/a	1.0	2	310461	n/a
606.384765625	n/a	0.0	1	310469	n/a
606.40234375	n/a	0.0	1	310478	n/a
606.41796875	n/a	1.0	2	310486	n/a
606.435546875	n/a	0.0	1	310495	n/a
606.451171875	n/a	1.0	2	310503	n/a
606.46875	n/a	1.0	2	310512	n/a
606.486328125	n/a	0.0	1	310521	n/a
606.501953125	n/a	0.0	1	310529	n/a
606.51953125	n/a	1.0	2	310538	n/a
606.53515625	n/a	0.0	1	310546	n/a
606.552734375	n/a	1.0	2	310555	n/a
606.568359375	n/a	1.0	2	310563	n/a
606.5859375	n/a	0.0	1	310572	n/a
606.6015625	n/a	0.0	1	310580	n/a
606.619140625	n/a	1.0	2	310589	n/a
606.634765625	n/a	0.0	1	310597	n/a
606.65234375	n/a	1.0	2	310606	n/a
606.66796875	n/a	0.0	1	310614	n/a
606.685546875	n/a	1.0	2	310623	n/a
606.701171875	n/a	0.0	1	310631	n/a
606.71875	n/a	1.0	2	310640	n/a
606.736328125	n/a	1.0	2	310649	n/a
606.751953125	n/a	0.0	1	310657	n/a
606.76953125	n/a	0.0	1	310666	n/a
606.78515625	n/a	1.0	2	310674	n/a
606.802734375	n/a	0.0	1	310683	n/a
606.818359375	n/a	1.0	2	310691	n/a
606.8359375	n/a	1.0	2	310700	n/a
606.8515625	n/a	0.0	1	310708	n/a
606.869140625	n/a	1.0	2	310717	n/a
606.884765625	n/a	0.0	1	310725	n/a
606.90234375	n/a	1.0	2	310734	n/a
606.91796875	n/a	0.0	1	310742	n/a
606.935546875	n/a	1.0	2	310751	n/a
606.951171875	n/a	0.0	1	310759	n/a
606.96875	n/a	0.0	1	310768	n/a
606.986328125	n/a	1.0	2	310777	n/a
607.001953125	n/a	1.0	2	310785	n/a
607.01953125	n/a	0.0	1	310794	n/a
607.03515625	n/a	1.0	2	310802	n/a
607.052734375	n/a	0.0	1	310811	n/a
607.068359375	n/a	0.0	1	310819	n/a
607.0859375	n/a	1.0	2	310828	n/a
607.1015625	n/a	1.0	2	310836	n/a
607.119140625	n/a	0.0	1	310845	n/a
607.134765625	n/a	0.0	1	310853	n/a
607.15234375	n/a	1.0	2	310862	n/a
607.16796875	n/a	0.0	1	310870	n/a
607.185546875	n/a	1.0	2	310879	n/a
607.201171875	n/a	1.0	2	310887	n/a
607.21875	n/a	0.0	1	310896	n/a
607.236328125	n/a	1.0	2	310905	n/a
607.251953125	n/a	0.0	1	310913	n/a
607.26953125	n/a	0.0	1	310922	n/a
607.28515625	n/a	1.0	2	310930	n/a
607.302734375	n/a	1.0	2	310939	n/a
607.318359375	n/a	0.0	1	310947	n/a
607.3359375	n/a	0.0	1	310956	n/a
607.3515625	n/a	1.0	2	310964	n/a
607.369140625	n/a	1.0	2	310973	n/a
607.384765625	n/a	0.0	1	310981	n/a
607.40234375	n/a	1.0	2	310990	n/a
607.41796875	n/a	0.0	1	310998	n/a
607.435546875	n/a	0.0	1	311007	n/a
607.451171875	n/a	1.0	2	311015	n/a
607.46875	n/a	0.0	1	311024	n/a
607.486328125	n/a	1.0	2	311033	n/a
607.501953125	n/a	0.0	1	311041	n/a
607.51953125	n/a	1.0	2	311050	n/a
607.53515625	n/a	1.0	2	311058	n/a
607.552734375	n/a	0.0	1	311067	n/a
607.568359375	n/a	0.0	1	311075	n/a
607.5859375	n/a	1.0	2	311084	n/a
607.6015625	n/a	1.0	2	311092	n/a
607.619140625	n/a	0.0	1	311101	n/a
607.634765625	n/a	1.0	2	311109	n/a
607.65234375	n/a	0.0	1	311118	n/a
607.66796875	n/a	0.0	1	311126	n/a
607.685546875	n/a	1.0	2	311135	n/a
607.701171875	n/a	1.0	2	311143	n/a
607.71875	n/a	0.0	1	311152	n/a
607.736328125	n/a	1.0	2	311161	n/a
607.751953125	n/a	0.0	1	311169	n/a
607.76953125	n/a	1.0	2	311178	n/a
607.78515625	n/a	0.0	1	311186	n/a
607.802734375	n/a	1.0	2	311195	n/a
607.818359375	n/a	0.0	1	311203	n/a
607.8359375	n/a	0.0	1	311212	n/a
607.8515625	n/a	1.0	2	311220	n/a
607.869140625	n/a	1.0	2	311229	n/a
607.884765625	n/a	0.0	1	311237	n/a
607.90234375	n/a	1.0	2	311246	n/a
607.91796875	n/a	0.0	1	311254	n/a
607.935546875	n/a	1.0	2	311263	n/a
607.951171875	n/a	0.0	1	311271	n/a
607.96875	n/a	1.0	2	311280	n/a
607.986328125	n/a	0.0	1	311289	n/a
608.001953125	n/a	1.0	2	311297	n/a
608.01953125	n/a	0.0	1	311306	n/a
608.03515625	n/a	0.0	1	311314	n/a
608.052734375	n/a	1.0	2	311323	n/a
608.068359375	n/a	1.0	2	311331	n/a
608.0859375	n/a	0.0	1	311340	n/a
608.1015625	n/a	1.0	2	311348	n/a
608.119140625	n/a	0.0	1	311357	n/a
608.134765625	n/a	1.0	2	311365	n/a
608.15234375	n/a	0.0	1	311374	n/a
608.16796875	n/a	0.0	1	311382	n/a
608.185546875	n/a	1.0	2	311391	n/a
608.201171875	n/a	0.0	1	311399	n/a
608.21875	n/a	1.0	2	311408	n/a
608.236328125	n/a	0.0	1	311417	n/a
608.251953125	n/a	1.0	2	311425	n/a
608.26953125	n/a	1.0	2	311434	n/a
608.28515625	n/a	0.0	1	311442	n/a
608.302734375	n/a	0.0	1	311451	n/a
608.318359375	n/a	1.0	2	311459	n/a
608.3359375	n/a	0.0	1	311468	n/a
608.3515625	n/a	1.0	2	311476	n/a
608.369140625	n/a	0.0	1	311485	n/a
608.384765625	n/a	1.0	2	311493	n/a
608.40234375	n/a	0.0	1	311502	n/a
608.41796875	n/a	1.0	2	311510	n/a
608.435546875	n/a	0.0	1	311519	n/a
608.451171875	n/a	1.0	2	311527	n/a
608.46875	n/a	1.0	2	311536	n/a
608.486328125	n/a	0.0	1	311545	n/a
608.501953125	n/a	0.0	1	311553	n/a
608.51953125	n/a	1.0	2	311562	n/a
608.53515625	n/a	0.0	1	311570	n/a
608.552734375	n/a	1.0	2	311579	n/a
608.568359375	n/a	1.0	2	311587	n/a
608.5859375	n/a	0.0	1	311596	n/a
608.6015625	n/a	0.0	1	311604	n/a
608.619140625	n/a	1.0	2	311613	n/a
608.634765625	n/a	0.0	1	311621	n/a
608.65234375	n/a	1.0	2	311630	n/a
608.66796875	n/a	1.0	2	311638	n/a
608.685546875	n/a	0.0	1	311647	n/a
608.701171875	n/a	0.0	1	311655	n/a
608.71875	n/a	1.0	2	311664	n/a
608.736328125	n/a	0.0	1	311673	n/a
608.751953125	n/a	1.0	2	311681	n/a
608.76953125	n/a	0.0	1	311690	n/a
608.78515625	n/a	1.0	2	311698	n/a
608.802734375	n/a	0.0	1	311707	n/a
608.818359375	n/a	1.0	2	311715	n/a
608.8359375	n/a	1.0	2	311724	n/a
608.8515625	n/a	0.0	1	311732	n/a
608.869140625	n/a	0.0	1	311741	n/a
608.884765625	n/a	1.0	2	311749	n/a
608.90234375	n/a	0.0	1	311758	n/a
608.91796875	n/a	1.0	2	311766	n/a
608.935546875	n/a	1.0	2	311775	n/a
608.951171875	n/a	0.0	1	311783	n/a
608.96875	n/a	1.0	2	311792	n/a
608.986328125	n/a	0.0	1	311801	n/a
609.001953125	n/a	1.0	2	311809	n/a
609.01953125	n/a	0.0	1	311818	n/a
609.03515625	n/a	1.0	2	311826	n/a
609.052734375	n/a	0.0	1	311835	n/a
609.068359375	n/a	0.0	1	311843	n/a
609.0859375	n/a	1.0	2	311852	n/a
609.1015625	n/a	1.0	2	311860	n/a
609.119140625	n/a	0.0	1	311869	n/a
609.134765625	n/a	1.0	2	311877	n/a
609.15234375	n/a	0.0	1	311886	n/a
609.16796875	n/a	0.0	1	311894	n/a
609.185546875	n/a	1.0	2	311903	n/a
609.201171875	n/a	1.0	2	311911	n/a
609.21875	n/a	0.0	1	311920	n/a
609.236328125	n/a	0.0	1	311929	n/a
609.251953125	n/a	1.0	2	311937	n/a
609.26953125	n/a	0.0	1	311946	n/a
609.28515625	n/a	1.0	2	311954	n/a
609.302734375	n/a	1.0	2	311963	n/a
609.318359375	n/a	0.0	1	311971	n/a
609.3359375	n/a	1.0	2	311980	n/a
609.3515625	n/a	0.0	1	311988	n/a
609.369140625	n/a	0.0	1	311997	n/a
609.384765625	n/a	1.0	2	312005	n/a
609.40234375	n/a	1.0	2	312014	n/a
609.41796875	n/a	0.0	1	312022	n/a
609.435546875	n/a	0.0	1	312031	n/a
609.451171875	n/a	1.0	2	312039	n/a
609.46875	n/a	1.0	2	312048	n/a
609.486328125	n/a	0.0	1	312057	n/a
609.501953125	n/a	1.0	2	312065	n/a
609.51953125	n/a	0.0	1	312074	n/a
609.53515625	n/a	0.0	1	312082	n/a
609.552734375	n/a	1.0	2	312091	n/a
609.568359375	n/a	0.0	1	312099	n/a
609.5859375	n/a	1.0	2	312108	n/a
609.6015625	n/a	0.0	1	312116	n/a
609.619140625	n/a	1.0	2	312125	n/a
609.634765625	n/a	1.0	2	312133	n/a
609.65234375	n/a	0.0	1	312142	n/a
609.66796875	n/a	0.0	1	312150	n/a
609.685546875	n/a	1.0	2	312159	n/a
609.701171875	n/a	1.0	2	312167	n/a
609.71875	n/a	0.0	1	312176	n/a
609.736328125	n/a	1.0	2	312185	n/a
609.751953125	n/a	0.0	1	312193	n/a
609.76953125	n/a	0.0	1	312202	n/a
609.78515625	n/a	1.0	2	312210	n/a
609.802734375	n/a	1.0	2	312219	n/a
609.818359375	n/a	0.0	1	312227	n/a
609.8359375	n/a	1.0	2	312236	n/a
609.8515625	n/a	0.0	1	312244	n/a
609.869140625	n/a	1.0	2	312253	n/a
609.884765625	n/a	0.0	1	312261	n/a
609.90234375	n/a	1.0	2	312270	n/a
609.91796875	n/a	0.0	1	312278	n/a
609.935546875	n/a	0.0	1	312287	n/a
609.951171875	n/a	1.0	2	312295	n/a
609.96875	n/a	1.0	2	312304	n/a
609.986328125	n/a	0.0	1	312313	n/a
610.001953125	n/a	1.0	2	312321	n/a
610.01953125	n/a	0.0	1	312330	n/a
610.03515625	n/a	1.0	2	312338	n/a
610.052734375	n/a	0.0	1	312347	n/a
610.068359375	n/a	1.0	2	312355	n/a
610.0859375	n/a	0.0	1	312364	n/a
610.1015625	n/a	1.0	2	312372	n/a
610.119140625	n/a	0.0	1	312381	n/a
610.134765625	n/a	0.0	1	312389	n/a
610.15234375	n/a	1.0	2	312398	n/a
610.16796875	n/a	1.0	2	312406	n/a
610.185546875	n/a	0.0	1	312415	n/a
610.201171875	n/a	1.0	2	312423	n/a
610.21875	n/a	0.0	1	312432	n/a
610.236328125	n/a	1.0	2	312441	n/a
610.251953125	n/a	0.0	1	312449	n/a
610.26953125	n/a	0.0	1	312458	n/a
610.28515625	n/a	1.0	2	312466	n/a
610.302734375	n/a	0.0	1	312475	n/a
610.318359375	n/a	1.0	2	312483	n/a
610.3359375	n/a	0.0	1	312492	n/a
610.3515625	n/a	1.0	2	312500	n/a
610.369140625	n/a	1.0	2	312509	n/a
610.384765625	n/a	0.0	1	312517	n/a
610.40234375	n/a	0.0	1	312526	n/a
610.41796875	n/a	1.0	2	312534	n/a
610.435546875	n/a	0.0	1	312543	n/a
610.451171875	n/a	1.0	2	312551	n/a
610.46875	n/a	0.0	1	312560	n/a
610.486328125	n/a	1.0	2	312569	n/a
610.501953125	n/a	0.0	1	312577	n/a
610.51953125	n/a	1.0	2	312586	n/a
610.53515625	n/a	0.0	1	312594	n/a
610.552734375	n/a	1.0	2	312603	n/a
610.568359375	n/a	1.0	2	312611	n/a
610.5859375	n/a	0.0	1	312620	n/a
610.6015625	n/a	0.0	1	312628	n/a
610.619140625	n/a	1.0	2	312637	n/a
610.634765625	n/a	0.0	1	312645	n/a
610.65234375	n/a	1.0	2	312654	n/a
610.66796875	n/a	1.0	2	312662	n/a
610.685546875	n/a	0.0	1	312671	n/a
610.701171875	n/a	0.0	1	312679	n/a
610.71875	n/a	1.0	2	312688	n/a
610.736328125	n/a	0.0	1	312697	n/a
610.751953125	n/a	1.0	2	312705	n/a
610.76953125	n/a	1.0	2	312714	n/a
610.78515625	n/a	0.0	1	312722	n/a
610.802734375	n/a	0.0	1	312731	n/a
610.818359375	n/a	1.0	2	312739	n/a
610.8359375	n/a	0.0	1	312748	n/a
610.8515625	n/a	1.0	2	312756	n/a
610.869140625	n/a	0.0	1	312765	n/a
610.884765625	n/a	1.0	2	312773	n/a
610.90234375	n/a	0.0	1	312782	n/a
610.91796875	n/a	1.0	2	312790	n/a
610.935546875	n/a	1.0	2	312799	n/a
610.951171875	n/a	0.0	1	312807	n/a
610.96875	n/a	0.0	1	312816	n/a
610.986328125	n/a	1.0	2	312825	n/a
611.001953125	n/a	0.0	1	312833	n/a
611.01953125	n/a	1.0	2	312842	n/a
611.03515625	n/a	1.0	2	312850	n/a
611.052734375	n/a	0.0	1	312859	n/a
611.068359375	n/a	1.0	2	312867	n/a
611.0859375	n/a	0.0	1	312876	n/a
611.1015625	n/a	1.0	2	312884	n/a
611.119140625	n/a	0.0	1	312893	n/a
611.134765625	n/a	1.0	2	312901	n/a
611.15234375	n/a	0.0	1	312910	n/a
611.16796875	n/a	0.0	1	312918	n/a
611.185546875	n/a	1.0	2	312927	n/a
611.201171875	n/a	1.0	2	312935	n/a
611.21875	n/a	0.0	1	312944	n/a
611.236328125	n/a	1.0	2	312953	n/a
611.251953125	n/a	0.0	1	312961	n/a
611.26953125	n/a	0.0	1	312970	n/a
611.28515625	n/a	1.0	2	312978	n/a
611.302734375	n/a	1.0	2	312987	n/a
611.318359375	n/a	0.0	1	312995	n/a
611.3359375	n/a	0.0	1	313004	n/a
611.3515625	n/a	1.0	2	313012	n/a
611.369140625	n/a	0.0	1	313021	n/a
611.384765625	n/a	1.0	2	313029	n/a
611.40234375	n/a	1.0	2	313038	n/a
611.41796875	n/a	0.0	1	313046	n/a
611.435546875	n/a	1.0	2	313055	n/a
611.451171875	n/a	0.0	1	313063	n/a
611.46875	n/a	0.0	1	313072	n/a
611.486328125	n/a	1.0	2	313081	n/a
611.501953125	n/a	1.0	2	313089	n/a
611.51953125	n/a	0.0	1	313098	n/a
611.53515625	n/a	0.0	1	313106	n/a
611.552734375	n/a	1.0	2	313115	n/a
611.568359375	n/a	1.0	2	313123	n/a
611.5859375	n/a	0.0	1	313132	n/a
611.6015625	n/a	1.0	2	313140	n/a
611.619140625	n/a	0.0	1	313149	n/a
611.634765625	n/a	0.0	1	313157	n/a
611.65234375	n/a	1.0	2	313166	n/a
611.66796875	n/a	0.0	1	313174	n/a
611.685546875	n/a	1.0	2	313183	n/a
611.701171875	n/a	0.0	1	313191	n/a
611.71875	n/a	1.0	2	313200	n/a
611.736328125	n/a	1.0	2	313209	n/a
611.751953125	n/a	0.0	1	313217	n/a
611.76953125	n/a	0.0	1	313226	n/a
611.78515625	n/a	1.0	2	313234	n/a
611.802734375	n/a	1.0	2	313243	n/a
611.818359375	n/a	0.0	1	313251	n/a
611.8359375	n/a	1.0	2	313260	n/a
611.8515625	n/a	0.0	1	313268	n/a
611.869140625	n/a	0.0	1	313277	n/a
611.884765625	n/a	1.0	2	313285	n/a
611.90234375	n/a	1.0	2	313294	n/a
611.91796875	n/a	0.0	1	313302	n/a
611.935546875	n/a	1.0	2	313311	n/a
611.951171875	n/a	0.0	1	313319	n/a
611.96875	n/a	1.0	2	313328	n/a
611.986328125	n/a	0.0	1	313337	n/a
612.001953125	n/a	1.0	2	313345	n/a
612.01953125	n/a	0.0	1	313354	n/a
612.03515625	n/a	0.0	1	313362	n/a
612.052734375	n/a	1.0	2	313371	n/a
612.068359375	n/a	1.0	2	313379	n/a
612.0859375	n/a	0.0	1	313388	n/a
612.1015625	n/a	1.0	2	313396	n/a
612.119140625	n/a	0.0	1	313405	n/a
612.134765625	n/a	1.0	2	313413	n/a
612.15234375	n/a	0.0	1	313422	n/a
612.16796875	n/a	1.0	2	313430	n/a
612.185546875	n/a	0.0	1	313439	n/a
612.201171875	n/a	1.0	2	313447	n/a
612.21875	n/a	0.0	1	313456	n/a
612.236328125	n/a	0.0	1	313465	n/a
612.251953125	n/a	1.0	2	313473	n/a
612.26953125	n/a	1.0	2	313482	n/a
612.28515625	n/a	0.0	1	313490	n/a
612.302734375	n/a	1.0	2	313499	n/a
612.318359375	n/a	0.0	1	313507	n/a
612.3359375	n/a	1.0	2	313516	n/a
612.3515625	n/a	0.0	1	313524	n/a
612.369140625	n/a	0.0	1	313533	n/a
612.384765625	n/a	1.0	2	313541	n/a
612.40234375	n/a	0.0	1	313550	n/a
612.41796875	n/a	1.0	2	313558	n/a
612.435546875	n/a	0.0	1	313567	n/a
612.451171875	n/a	1.0	2	313575	n/a
612.46875	n/a	1.0	2	313584	n/a
612.486328125	n/a	0.0	1	313593	n/a
612.501953125	n/a	0.0	1	313601	n/a
612.51953125	n/a	1.0	2	313610	n/a
612.53515625	n/a	0.0	1	313618	n/a
612.552734375	n/a	1.0	2	313627	n/a
612.568359375	n/a	0.0	1	313635	n/a
612.5859375	n/a	1.0	2	313644	n/a
612.6015625	n/a	0.0	1	313652	n/a
612.619140625	n/a	1.0	2	313661	n/a
612.634765625	n/a	0.0	1	313669	n/a
612.65234375	n/a	1.0	2	313678	n/a
612.66796875	n/a	1.0	2	313686	n/a
612.685546875	n/a	0.0	1	313695	n/a
612.701171875	n/a	0.0	1	313703	n/a
612.71875	n/a	1.0	2	313712	n/a
612.736328125	n/a	0.0	1	313721	n/a
612.751953125	n/a	1.0	2	313729	n/a
612.76953125	n/a	1.0	2	313738	n/a
612.78515625	n/a	0.0	1	313746	n/a
612.802734375	n/a	0.0	1	313755	n/a
612.818359375	n/a	1.0	2	313763	n/a
612.8359375	n/a	0.0	1	313772	n/a
612.8515625	n/a	1.0	2	313780	n/a
612.869140625	n/a	1.0	2	313789	n/a
612.884765625	n/a	0.0	1	313797	n/a
612.90234375	n/a	0.0	1	313806	n/a
612.91796875	n/a	1.0	2	313814	n/a
612.935546875	n/a	0.0	1	313823	n/a
612.951171875	n/a	1.0	2	313831	n/a
612.96875	n/a	0.0	1	313840	n/a
612.986328125	n/a	1.0	2	313849	n/a
613.001953125	n/a	0.0	1	313857	n/a
613.01953125	n/a	1.0	2	313866	n/a
613.03515625	n/a	1.0	2	313874	n/a
613.052734375	n/a	0.0	1	313883	n/a
613.068359375	n/a	0.0	1	313891	n/a
613.0859375	n/a	1.0	2	313900	n/a
613.1015625	n/a	0.0	1	313908	n/a
613.119140625	n/a	1.0	2	313917	n/a
613.134765625	n/a	1.0	2	313925	n/a
613.15234375	n/a	0.0	1	313934	n/a
613.16796875	n/a	1.0	2	313942	n/a
613.185546875	n/a	0.0	1	313951	n/a
613.201171875	n/a	1.0	2	313959	n/a
613.21875	n/a	0.0	1	313968	n/a
613.236328125	n/a	1.0	2	313977	n/a
613.251953125	n/a	0.0	1	313985	n/a
613.26953125	n/a	0.0	1	313994	n/a
613.28515625	n/a	1.0	2	314002	n/a
613.302734375	n/a	1.0	2	314011	n/a
613.318359375	n/a	0.0	1	314019	n/a
613.3359375	n/a	1.0	2	314028	n/a
613.3515625	n/a	0.0	1	314036	n/a
613.369140625	n/a	0.0	1	314045	n/a
613.384765625	n/a	1.0	2	314053	n/a
613.40234375	n/a	1.0	2	314062	n/a
613.41796875	n/a	0.0	1	314070	n/a
613.435546875	n/a	0.0	1	314079	n/a
613.451171875	n/a	1.0	2	314087	n/a
613.46875	n/a	0.0	1	314096	n/a
613.486328125	n/a	1.0	2	314105	n/a
613.501953125	n/a	1.0	2	314113	n/a
613.51953125	n/a	0.0	1	314122	n/a
613.53515625	n/a	1.0	2	314130	n/a
613.552734375	n/a	0.0	1	314139	n/a
613.568359375	n/a	0.0	1	314147	n/a
613.5859375	n/a	1.0	2	314156	n/a
613.6015625	n/a	1.0	2	314164	n/a
613.619140625	n/a	0.0	1	314173	n/a
613.634765625	n/a	0.0	1	314181	n/a
613.65234375	n/a	1.0	2	314190	n/a
613.66796875	n/a	1.0	2	314198	n/a
613.685546875	n/a	0.0	1	314207	n/a
613.701171875	n/a	1.0	2	314215	n/a
613.71875	n/a	0.0	1	314224	n/a
613.736328125	n/a	0.0	1	314233	n/a
613.751953125	n/a	1.0	2	314241	n/a
613.76953125	n/a	0.0	1	314250	n/a
613.78515625	n/a	1.0	2	314258	n/a
613.802734375	n/a	0.0	1	314267	n/a
613.818359375	n/a	1.0	2	314275	n/a
613.8359375	n/a	1.0	2	314284	n/a
613.8515625	n/a	0.0	1	314292	n/a
613.869140625	n/a	0.0	1	314301	n/a
613.884765625	n/a	1.0	2	314309	n/a
613.90234375	n/a	1.0	2	314318	n/a
613.91796875	n/a	0.0	1	314326	n/a
613.935546875	n/a	1.0	2	314335	n/a
613.951171875	n/a	0.0	1	314343	n/a
613.96875	n/a	0.0	1	314352	n/a
613.986328125	n/a	1.0	2	314361	n/a
614.001953125	n/a	1.0	2	314369	n/a
614.01953125	n/a	0.0	1	314378	n/a
614.03515625	n/a	1.0	2	314386	n/a
614.052734375	n/a	0.0	1	314395	n/a
614.068359375	n/a	1.0	2	314403	n/a
614.0859375	n/a	0.0	1	314412	n/a
614.1015625	n/a	1.0	2	314420	n/a
614.119140625	n/a	0.0	1	314429	n/a
614.134765625	n/a	0.0	1	314437	n/a
614.15234375	n/a	1.0	2	314446	n/a
614.16796875	n/a	1.0	2	314454	n/a
614.185546875	n/a	0.0	1	314463	n/a
614.201171875	n/a	1.0	2	314471	n/a
614.21875	n/a	0.0	1	314480	n/a
614.236328125	n/a	1.0	2	314489	n/a
614.251953125	n/a	0.0	1	314497	n/a
614.26953125	n/a	1.0	2	314506	n/a
614.28515625	n/a	0.0	1	314514	n/a
614.302734375	n/a	1.0	2	314523	n/a
614.318359375	n/a	0.0	1	314531	n/a
614.3359375	n/a	0.0	1	314540	n/a
614.3515625	n/a	1.0	2	314548	n/a
614.369140625	n/a	1.0	2	314557	n/a
614.384765625	n/a	0.0	1	314565	n/a
614.40234375	n/a	1.0	2	314574	n/a
614.41796875	n/a	0.0	1	314582	n/a
614.435546875	n/a	1.0	2	314591	n/a
614.451171875	n/a	0.0	1	314599	n/a
614.46875	n/a	0.0	1	314608	n/a
614.486328125	n/a	1.0	2	314617	n/a
614.501953125	n/a	0.0	1	314625	n/a
614.51953125	n/a	1.0	2	314634	n/a
614.53515625	n/a	0.0	1	314642	n/a
614.552734375	n/a	1.0	2	314651	n/a
614.568359375	n/a	1.0	2	314659	n/a
614.5859375	n/a	0.0	1	314668	n/a
614.6015625	n/a	0.0	1	314676	n/a
614.619140625	n/a	1.0	2	314685	n/a
614.634765625	n/a	0.0	1	314693	n/a
614.65234375	n/a	1.0	2	314702	n/a
614.66796875	n/a	0.0	1	314710	n/a
614.685546875	n/a	1.0	2	314719	n/a
614.701171875	n/a	0.0	1	314727	n/a
614.71875	n/a	1.0	2	314736	n/a
614.736328125	n/a	0.0	1	314745	n/a
614.751953125	n/a	1.0	2	314753	n/a
614.76953125	n/a	1.0	2	314762	n/a
614.78515625	n/a	0.0	1	314770	n/a
614.802734375	n/a	0.0	1	314779	n/a
614.818359375	n/a	1.0	2	314787	n/a
614.8359375	n/a	0.0	1	314796	n/a
614.8515625	n/a	1.0	2	314804	n/a
614.869140625	n/a	1.0	2	314813	n/a
614.884765625	n/a	0.0	1	314821	n/a
614.90234375	n/a	0.0	1	314830	n/a
614.91796875	n/a	1.0	2	314838	n/a
614.935546875	n/a	0.0	1	314847	n/a
614.951171875	n/a	1.0	2	314855	n/a
614.96875	n/a	1.0	2	314864	n/a
614.986328125	n/a	0.0	1	314873	n/a
615.001953125	n/a	0.0	1	314881	n/a
615.01953125	n/a	1.0	2	314890	n/a
615.03515625	n/a	0.0	1	314898	n/a
615.052734375	n/a	1.0	2	314907	n/a
615.068359375	n/a	0.0	1	314915	n/a
615.0859375	n/a	1.0	2	314924	n/a
615.1015625	n/a	0.0	1	314932	n/a
615.119140625	n/a	1.0	2	314941	n/a
615.134765625	n/a	1.0	2	314949	n/a
615.15234375	n/a	0.0	1	314958	n/a
615.16796875	n/a	0.0	1	314966	n/a
615.185546875	n/a	1.0	2	314975	n/a
615.201171875	n/a	0.0	1	314983	n/a
615.21875	n/a	1.0	2	314992	n/a
615.236328125	n/a	1.0	2	315001	n/a
615.251953125	n/a	0.0	1	315009	n/a
615.26953125	n/a	1.0	2	315018	n/a
615.28515625	n/a	0.0	1	315026	n/a
615.302734375	n/a	1.0	2	315035	n/a
615.318359375	n/a	0.0	1	315043	n/a
615.3359375	n/a	1.0	2	315052	n/a
615.3515625	n/a	0.0	1	315060	n/a
615.369140625	n/a	0.0	1	315069	n/a
615.384765625	n/a	1.0	2	315077	n/a
615.40234375	n/a	1.0	2	315086	n/a
615.41796875	n/a	0.0	1	315094	n/a
615.435546875	n/a	1.0	2	315103	n/a
615.451171875	n/a	0.0	1	315111	n/a
615.46875	n/a	0.0	1	315120	n/a
615.486328125	n/a	1.0	2	315129	n/a
615.501953125	n/a	1.0	2	315137	n/a
615.51953125	n/a	0.0	1	315146	n/a
615.53515625	n/a	0.0	1	315154	n/a
615.552734375	n/a	1.0	2	315163	n/a
615.568359375	n/a	0.0	1	315171	n/a
615.5859375	n/a	1.0	2	315180	n/a
615.6015625	n/a	1.0	2	315188	n/a
615.619140625	n/a	0.0	1	315197	n/a
615.634765625	n/a	1.0	2	315205	n/a
615.65234375	n/a	0.0	1	315214	n/a
615.66796875	n/a	0.0	1	315222	n/a
615.685546875	n/a	1.0	2	315231	n/a
615.701171875	n/a	1.0	2	315239	n/a
615.71875	n/a	0.0	1	315248	n/a
615.736328125	n/a	0.0	1	315257	n/a
615.751953125	n/a	1.0	2	315265	n/a
615.76953125	n/a	1.0	2	315274	n/a
615.78515625	n/a	0.0	1	315282	n/a
615.802734375	n/a	1.0	2	315291	n/a
615.818359375	n/a	0.0	1	315299	n/a
615.8359375	n/a	0.0	1	315308	n/a
615.8515625	n/a	1.0	2	315316	n/a
615.869140625	n/a	0.0	1	315325	n/a
615.884765625	n/a	1.0	2	315333	n/a
615.90234375	n/a	0.0	1	315342	n/a
615.91796875	n/a	1.0	2	315350	n/a
615.935546875	n/a	1.0	2	315359	n/a
615.951171875	n/a	0.0	1	315367	n/a
615.96875	n/a	0.0	1	315376	n/a
615.986328125	n/a	1.0	2	315385	n/a
616.001953125	n/a	1.0	2	315393	n/a
616.01953125	n/a	0.0	1	315402	n/a
616.03515625	n/a	1.0	2	315410	n/a
616.052734375	n/a	0.0	1	315419	n/a
616.068359375	n/a	0.0	1	315427	n/a
616.0859375	n/a	1.0	2	315436	n/a
616.1015625	n/a	1.0	2	315444	n/a
616.119140625	n/a	0.0	1	315453	n/a
616.134765625	n/a	1.0	2	315461	n/a
616.15234375	n/a	0.0	1	315470	n/a
616.16796875	n/a	1.0	2	315478	n/a
616.185546875	n/a	0.0	1	315487	n/a
616.201171875	n/a	1.0	2	315495	n/a
616.21875	n/a	0.0	1	315504	n/a
616.236328125	n/a	0.0	1	315513	n/a
616.251953125	n/a	1.0	2	315521	n/a
616.26953125	n/a	1.0	2	315530	n/a
616.28515625	n/a	0.0	1	315538	n/a
616.302734375	n/a	1.0	2	315547	n/a
616.318359375	n/a	0.0	1	315555	n/a
616.3359375	n/a	1.0	2	315564	n/a
616.3515625	n/a	0.0	1	315572	n/a
616.369140625	n/a	1.0	2	315581	n/a
616.384765625	n/a	0.0	1	315589	n/a
616.40234375	n/a	1.0	2	315598	n/a
616.41796875	n/a	0.0	1	315606	n/a
616.435546875	n/a	0.0	1	315615	n/a
616.451171875	n/a	1.0	2	315623	n/a
616.46875	n/a	1.0	2	315632	n/a
616.486328125	n/a	0.0	1	315641	n/a
616.501953125	n/a	1.0	2	315649	n/a
616.51953125	n/a	0.0	1	315658	n/a
616.53515625	n/a	1.0	2	315666	n/a
616.552734375	n/a	0.0	1	315675	n/a
616.568359375	n/a	0.0	1	315683	n/a
616.5859375	n/a	1.0	2	315692	n/a
616.6015625	n/a	0.0	1	315700	n/a
616.619140625	n/a	1.0	2	315709	n/a
616.634765625	n/a	0.0	1	315717	n/a
616.65234375	n/a	1.0	2	315726	n/a
616.66796875	n/a	1.0	2	315734	n/a
616.685546875	n/a	0.0	1	315743	n/a
616.701171875	n/a	0.0	1	315751	n/a
616.71875	n/a	1.0	2	315760	n/a
616.736328125	n/a	0.0	1	315769	n/a
616.751953125	n/a	1.0	2	315777	n/a
616.76953125	n/a	0.0	1	315786	n/a
616.78515625	n/a	1.0	2	315794	n/a
616.802734375	n/a	0.0	1	315803	n/a
616.818359375	n/a	1.0	2	315811	n/a
616.8359375	n/a	0.0	1	315820	n/a
616.8515625	n/a	1.0	2	315828	n/a
616.869140625	n/a	1.0	2	315837	n/a
616.884765625	n/a	0.0	1	315845	n/a
616.90234375	n/a	0.0	1	315854	n/a
616.91796875	n/a	1.0	2	315862	n/a
616.935546875	n/a	0.0	1	315871	n/a
616.951171875	n/a	1.0	2	315879	n/a
616.96875	n/a	1.0	2	315888	n/a
616.986328125	n/a	0.0	1	315897	n/a
617.001953125	n/a	0.0	1	315905	n/a
617.01953125	n/a	1.0	2	315914	n/a
617.03515625	n/a	0.0	1	315922	n/a
617.052734375	n/a	1.0	2	315931	n/a
617.068359375	n/a	1.0	2	315939	n/a
617.0859375	n/a	0.0	1	315948	n/a
617.1015625	n/a	0.0	1	315956	n/a
617.119140625	n/a	1.0	2	315965	n/a
617.134765625	n/a	0.0	1	315973	n/a
617.15234375	n/a	1.0	2	315982	n/a
617.16796875	n/a	0.0	1	315990	n/a
617.185546875	n/a	1.0	2	315999	n/a
617.201171875	n/a	0.0	1	316007	n/a
617.21875	n/a	1.0	2	316016	n/a
617.236328125	n/a	1.0	2	316025	n/a
617.251953125	n/a	0.0	1	316033	n/a
617.26953125	n/a	0.0	1	316042	n/a
617.28515625	n/a	1.0	2	316050	n/a
617.302734375	n/a	0.0	1	316059	n/a
617.318359375	n/a	1.0	2	316067	n/a
617.3359375	n/a	1.0	2	316076	n/a
617.3515625	n/a	0.0	1	316084	n/a
617.369140625	n/a	1.0	2	316093	n/a
617.384765625	n/a	0.0	1	316101	n/a
617.40234375	n/a	1.0	2	316110	n/a
617.41796875	n/a	0.0	1	316118	n/a
617.435546875	n/a	1.0	2	316127	n/a
617.451171875	n/a	0.0	1	316135	n/a
617.46875	n/a	0.0	1	316144	n/a
617.486328125	n/a	1.0	2	316153	n/a
617.501953125	n/a	1.0	2	316161	n/a
617.51953125	n/a	0.0	1	316170	n/a
617.53515625	n/a	1.0	2	316178	n/a
617.552734375	n/a	0.0	1	316187	n/a
617.568359375	n/a	0.0	1	316195	n/a
617.5859375	n/a	1.0	2	316204	n/a
617.6015625	n/a	1.0	2	316212	n/a
617.619140625	n/a	0.0	1	316221	n/a
617.634765625	n/a	0.0	1	316229	n/a
617.65234375	n/a	1.0	2	316238	n/a
617.66796875	n/a	0.0	1	316246	n/a
617.685546875	n/a	1.0	2	316255	n/a
617.701171875	n/a	1.0	2	316263	n/a
617.71875	n/a	0.0	1	316272	n/a
617.736328125	n/a	1.0	2	316281	n/a
617.751953125	n/a	0.0	1	316289	n/a
617.76953125	n/a	0.0	1	316298	n/a
617.78515625	n/a	1.0	2	316306	n/a
617.802734375	n/a	1.0	2	316315	n/a
617.818359375	n/a	0.0	1	316323	n/a
617.8359375	n/a	0.0	1	316332	n/a
617.8515625	n/a	1.0	2	316340	n/a
617.869140625	n/a	1.0	2	316349	n/a
617.884765625	n/a	0.0	1	316357	n/a
617.90234375	n/a	1.0	2	316366	n/a
617.91796875	n/a	0.0	1	316374	n/a
617.935546875	n/a	0.0	1	316383	n/a
617.951171875	n/a	1.0	2	316391	n/a
617.96875	n/a	0.0	1	316400	n/a
617.986328125	n/a	1.0	2	316409	n/a
618.001953125	n/a	0.0	1	316417	n/a
618.01953125	n/a	1.0	2	316426	n/a
618.03515625	n/a	1.0	2	316434	n/a
618.052734375	n/a	0.0	1	316443	n/a
618.068359375	n/a	0.0	1	316451	n/a
618.0859375	n/a	1.0	2	316460	n/a
618.1015625	n/a	1.0	2	316468	n/a
618.119140625	n/a	0.0	1	316477	n/a
618.134765625	n/a	1.0	2	316485	n/a
618.15234375	n/a	0.0	1	316494	n/a
618.16796875	n/a	0.0	1	316502	n/a
618.185546875	n/a	1.0	2	316511	n/a
618.201171875	n/a	1.0	2	316519	n/a
618.21875	n/a	0.0	1	316528	n/a
618.236328125	n/a	1.0	2	316537	n/a
618.251953125	n/a	0.0	1	316545	n/a
618.26953125	n/a	1.0	2	316554	n/a
618.28515625	n/a	0.0	1	316562	n/a
618.302734375	n/a	1.0	2	316571	n/a
618.318359375	n/a	0.0	1	316579	n/a
618.3359375	n/a	0.0	1	316588	n/a
618.3515625	n/a	1.0	2	316596	n/a
618.369140625	n/a	1.0	2	316605	n/a
618.384765625	n/a	0.0	1	316613	n/a
618.40234375	n/a	1.0	2	316622	n/a
618.41796875	n/a	0.0	1	316630	n/a
618.435546875	n/a	1.0	2	316639	n/a
618.451171875	n/a	0.0	1	316647	n/a
618.46875	n/a	1.0	2	316656	n/a
618.486328125	n/a	0.0	1	316665	n/a
618.501953125	n/a	1.0	2	316673	n/a
618.51953125	n/a	0.0	1	316682	n/a
618.53515625	n/a	0.0	1	316690	n/a
618.552734375	n/a	1.0	2	316699	n/a
618.568359375	n/a	1.0	2	316707	n/a
618.5859375	n/a	0.0	1	316716	n/a
618.6015625	n/a	1.0	2	316724	n/a
618.619140625	n/a	0.0	1	316733	n/a
618.634765625	n/a	1.0	2	316741	n/a
618.65234375	n/a	0.0	1	316750	n/a
618.66796875	n/a	0.0	1	316758	n/a
618.685546875	n/a	1.0	2	316767	n/a
618.701171875	n/a	0.0	1	316775	n/a
618.71875	n/a	1.0	2	316784	n/a
618.736328125	n/a	0.0	1	316793	n/a
618.751953125	n/a	1.0	2	316801	n/a
618.76953125	n/a	1.0	2	316810	n/a
618.78515625	n/a	0.0	1	316818	n/a
618.802734375	n/a	0.0	1	316827	n/a
618.818359375	n/a	1.0	2	316835	n/a
618.8359375	n/a	0.0	1	316844	n/a
618.8515625	n/a	1.0	2	316852	n/a
618.869140625	n/a	0.0	1	316861	n/a
618.884765625	n/a	1.0	2	316869	n/a
618.90234375	n/a	0.0	1	316878	n/a
618.91796875	n/a	1.0	2	316886	n/a
618.935546875	n/a	0.0	1	316895	n/a
618.951171875	n/a	1.0	2	316903	n/a
618.96875	n/a	1.0	2	316912	n/a
618.986328125	n/a	0.0	1	316921	n/a
619.001953125	n/a	0.0	1	316929	n/a
619.01953125	n/a	1.0	2	316938	n/a
619.03515625	n/a	0.0	1	316946	n/a
619.052734375	n/a	1.0	2	316955	n/a
619.068359375	n/a	1.0	2	316963	n/a
619.0859375	n/a	0.0	1	316972	n/a
619.1015625	n/a	0.0	1	316980	n/a
619.119140625	n/a	1.0	2	316989	n/a
619.134765625	n/a	0.0	1	316997	n/a
619.15234375	n/a	1.0	2	317006	n/a
619.16796875	n/a	1.0	2	317014	n/a
619.185546875	n/a	0.0	1	317023	n/a
619.201171875	n/a	0.0	1	317031	n/a
619.21875	n/a	1.0	2	317040	n/a
619.236328125	n/a	0.0	1	317049	n/a
619.251953125	n/a	1.0	2	317057	n/a
619.26953125	n/a	0.0	1	317066	n/a
619.28515625	n/a	1.0	2	317074	n/a
619.302734375	n/a	0.0	1	317083	n/a
619.318359375	n/a	1.0	2	317091	n/a
619.3359375	n/a	1.0	2	317100	n/a
619.3515625	n/a	0.0	1	317108	n/a
619.369140625	n/a	0.0	1	317117	n/a
619.384765625	n/a	1.0	2	317125	n/a
619.40234375	n/a	0.0	1	317134	n/a
619.41796875	n/a	1.0	2	317142	n/a
619.435546875	n/a	1.0	2	317151	n/a
619.451171875	n/a	0.0	1	317159	n/a
619.46875	n/a	1.0	2	317168	n/a
619.486328125	n/a	0.0	1	317177	n/a
619.501953125	n/a	1.0	2	317185	n/a
619.51953125	n/a	0.0	1	317194	n/a
619.53515625	n/a	1.0	2	317202	n/a
619.552734375	n/a	0.0	1	317211	n/a
619.568359375	n/a	0.0	1	317219	n/a
619.5859375	n/a	1.0	2	317228	n/a
619.6015625	n/a	1.0	2	317236	n/a
619.619140625	n/a	0.0	1	317245	n/a
619.634765625	n/a	1.0	2	317253	n/a
619.65234375	n/a	0.0	1	317262	n/a
619.66796875	n/a	0.0	1	317270	n/a
619.685546875	n/a	1.0	2	317279	n/a
619.701171875	n/a	1.0	2	317287	n/a
619.71875	n/a	0.0	1	317296	n/a
619.736328125	n/a	0.0	1	317305	n/a
619.751953125	n/a	1.0	2	317313	n/a
619.76953125	n/a	0.0	1	317322	n/a
619.78515625	n/a	1.0	2	317330	n/a
619.802734375	n/a	1.0	2	317339	n/a
619.818359375	n/a	0.0	1	317347	n/a
619.8359375	n/a	1.0	2	317356	n/a
619.8515625	n/a	0.0	1	317364	n/a
619.869140625	n/a	0.0	1	317373	n/a
619.884765625	n/a	1.0	2	317381	n/a
619.90234375	n/a	1.0	2	317390	n/a
619.91796875	n/a	0.0	1	317398	n/a
619.935546875	n/a	0.0	1	317407	n/a
619.951171875	n/a	1.0	2	317415	n/a
619.96875	n/a	1.0	2	317424	n/a
619.986328125	n/a	0.0	1	317433	n/a
620.001953125	n/a	1.0	2	317441	n/a
620.01953125	n/a	0.0	1	317450	n/a
620.03515625	n/a	0.0	1	317458	n/a
620.052734375	n/a	1.0	2	317467	n/a
620.068359375	n/a	0.0	1	317475	n/a
620.0859375	n/a	1.0	2	317484	n/a
620.1015625	n/a	0.0	1	317492	n/a
620.119140625	n/a	1.0	2	317501	n/a
620.134765625	n/a	1.0	2	317509	n/a
620.15234375	n/a	0.0	1	317518	n/a
620.16796875	n/a	0.0	1	317526	n/a
620.185546875	n/a	1.0	2	317535	n/a
620.201171875	n/a	1.0	2	317543	n/a
620.21875	n/a	0.0	1	317552	n/a
620.236328125	n/a	1.0	2	317561	n/a
620.251953125	n/a	0.0	1	317569	n/a
620.26953125	n/a	0.0	1	317578	n/a
620.28515625	n/a	1.0	2	317586	n/a
620.302734375	n/a	1.0	2	317595	n/a
620.318359375	n/a	0.0	1	317603	n/a
620.3359375	n/a	1.0	2	317612	n/a
620.3515625	n/a	0.0	1	317620	n/a
620.369140625	n/a	1.0	2	317629	n/a
620.384765625	n/a	0.0	1	317637	n/a
620.40234375	n/a	1.0	2	317646	n/a
620.41796875	n/a	0.0	1	317654	n/a
620.435546875	n/a	0.0	1	317663	n/a
620.451171875	n/a	1.0	2	317671	n/a
620.46875	n/a	1.0	2	317680	n/a
620.486328125	n/a	0.0	1	317689	n/a
620.501953125	n/a	1.0	2	317697	n/a
620.51953125	n/a	0.0	1	317706	n/a
620.53515625	n/a	1.0	2	317714	n/a
620.552734375	n/a	0.0	1	317723	n/a
620.568359375	n/a	1.0	2	317731	n/a
620.5859375	n/a	0.0	1	317740	n/a
620.6015625	n/a	1.0	2	317748	n/a
620.619140625	n/a	0.0	1	317757	n/a
620.634765625	n/a	0.0	1	317765	n/a
620.65234375	n/a	1.0	2	317774	n/a
620.66796875	n/a	1.0	2	317782	n/a
620.685546875	n/a	0.0	1	317791	n/a
620.701171875	n/a	1.0	2	317799	n/a
620.71875	n/a	0.0	1	317808	n/a
620.736328125	n/a	1.0	2	317817	n/a
620.751953125	n/a	0.0	1	317825	n/a
620.76953125	n/a	0.0	1	317834	n/a
620.78515625	n/a	1.0	2	317842	n/a
620.802734375	n/a	0.0	1	317851	n/a
620.818359375	n/a	1.0	2	317859	n/a
620.8359375	n/a	0.0	1	317868	n/a
620.8515625	n/a	1.0	2	317876	n/a
620.869140625	n/a	1.0	2	317885	n/a
620.884765625	n/a	0.0	1	317893	n/a
620.90234375	n/a	0.0	1	317902	n/a
620.91796875	n/a	1.0	2	317910	n/a
620.935546875	n/a	0.0	1	317919	n/a
620.951171875	n/a	1.0	2	317927	n/a
620.96875	n/a	0.0	1	317936	n/a
620.986328125	n/a	1.0	2	317945	n/a
621.001953125	n/a	0.0	1	317953	n/a
621.01953125	n/a	1.0	2	317962	n/a
621.03515625	n/a	0.0	1	317970	n/a
621.052734375	n/a	1.0	2	317979	n/a
621.068359375	n/a	1.0	2	317987	n/a
621.0859375	n/a	0.0	1	317996	n/a
621.1015625	n/a	0.0	1	318004	n/a
621.119140625	n/a	1.0	2	318013	n/a
621.134765625	n/a	0.0	1	318021	n/a
621.15234375	n/a	1.0	2	318030	n/a
621.16796875	n/a	1.0	2	318038	n/a
621.185546875	n/a	0.0	1	318047	n/a
621.201171875	n/a	0.0	1	318055	n/a
621.21875	n/a	1.0	2	318064	n/a
621.236328125	n/a	0.0	1	318073	n/a
621.251953125	n/a	1.0	2	318081	n/a
621.26953125	n/a	1.0	2	318090	n/a
621.28515625	n/a	0.0	1	318098	n/a
621.302734375	n/a	0.0	1	318107	n/a
621.318359375	n/a	1.0	2	318115	n/a
621.3359375	n/a	0.0	1	318124	n/a
621.3515625	n/a	1.0	2	318132	n/a
621.369140625	n/a	0.0	1	318141	n/a
621.384765625	n/a	1.0	2	318149	n/a
621.40234375	n/a	0.0	1	318158	n/a
621.41796875	n/a	1.0	2	318166	n/a
621.435546875	n/a	1.0	2	318175	n/a
621.451171875	n/a	0.0	1	318183	n/a
621.46875	n/a	0.0	1	318192	n/a
621.486328125	n/a	1.0	2	318201	n/a
621.501953125	n/a	0.0	1	318209	n/a
621.51953125	n/a	1.0	2	318218	n/a
621.53515625	n/a	1.0	2	318226	n/a
621.552734375	n/a	0.0	1	318235	n/a
621.568359375	n/a	1.0	2	318243	n/a
621.5859375	n/a	0.0	1	318252	n/a
621.6015625	n/a	1.0	2	318260	n/a
621.619140625	n/a	0.0	1	318269	n/a
621.634765625	n/a	1.0	2	318277	n/a
621.65234375	n/a	0.0	1	318286	n/a
621.66796875	n/a	0.0	1	318294	n/a
621.685546875	n/a	1.0	2	318303	n/a
621.701171875	n/a	1.0	2	318311	n/a
621.71875	n/a	0.0	1	318320	n/a
621.736328125	n/a	1.0	2	318329	n/a
621.751953125	n/a	0.0	1	318337	n/a
621.76953125	n/a	0.0	1	318346	n/a
621.78515625	n/a	1.0	2	318354	n/a
621.802734375	n/a	1.0	2	318363	n/a
621.818359375	n/a	0.0	1	318371	n/a
621.8359375	n/a	0.0	1	318380	n/a
621.8515625	n/a	1.0	2	318388	n/a
621.869140625	n/a	0.0	1	318397	n/a
621.884765625	n/a	1.0	2	318405	n/a
621.90234375	n/a	1.0	2	318414	n/a
621.91796875	n/a	0.0	1	318422	n/a
621.935546875	n/a	1.0	2	318431	n/a
621.951171875	n/a	0.0	1	318439	n/a
621.96875	n/a	0.0	1	318448	n/a
621.986328125	n/a	1.0	2	318457	n/a
622.001953125	n/a	1.0	2	318465	n/a
622.01953125	n/a	0.0	1	318474	n/a
622.03515625	n/a	0.0	1	318482	n/a
622.052734375	n/a	1.0	2	318491	n/a
622.068359375	n/a	1.0	2	318499	n/a
622.0859375	n/a	0.0	1	318508	n/a
622.1015625	n/a	1.0	2	318516	n/a
622.119140625	n/a	0.0	1	318525	n/a
622.134765625	n/a	0.0	1	318533	n/a
622.15234375	n/a	1.0	2	318542	n/a
622.16796875	n/a	0.0	1	318550	n/a
622.185546875	n/a	1.0	2	318559	n/a
622.201171875	n/a	0.0	1	318567	n/a
622.21875	n/a	1.0	2	318576	n/a
622.236328125	n/a	1.0	2	318585	n/a
622.251953125	n/a	0.0	1	318593	n/a
622.26953125	n/a	0.0	1	318602	n/a
622.28515625	n/a	1.0	2	318610	n/a
622.302734375	n/a	1.0	2	318619	n/a
622.318359375	n/a	0.0	1	318627	n/a
622.3359375	n/a	1.0	2	318636	n/a
622.3515625	n/a	0.0	1	318644	n/a
622.369140625	n/a	0.0	1	318653	n/a
622.384765625	n/a	1.0	2	318661	n/a
622.40234375	n/a	1.0	2	318670	n/a
622.41796875	n/a	0.0	1	318678	n/a
622.435546875	n/a	1.0	2	318687	n/a
622.451171875	n/a	0.0	1	318695	n/a
622.46875	n/a	1.0	2	318704	n/a
622.486328125	n/a	0.0	1	318713	n/a
622.501953125	n/a	1.0	2	318721	n/a
622.51953125	n/a	0.0	1	318730	n/a
622.53515625	n/a	0.0	1	318738	n/a
622.552734375	n/a	1.0	2	318747	n/a
622.568359375	n/a	1.0	2	318755	n/a
622.5859375	n/a	0.0	1	318764	n/a
622.6015625	n/a	1.0	2	318772	n/a
622.619140625	n/a	0.0	1	318781	n/a
622.634765625	n/a	1.0	2	318789	n/a
622.65234375	n/a	0.0	1	318798	n/a
622.66796875	n/a	1.0	2	318806	n/a
622.685546875	n/a	0.0	1	318815	n/a
622.701171875	n/a	1.0	2	318823	n/a
622.71875	n/a	0.0	1	318832	n/a
622.736328125	n/a	0.0	1	318841	n/a
622.751953125	n/a	1.0	2	318849	n/a
622.76953125	n/a	1.0	2	318858	n/a
622.78515625	n/a	0.0	1	318866	n/a
622.802734375	n/a	1.0	2	318875	n/a
622.818359375	n/a	0.0	1	318883	n/a
622.8359375	n/a	1.0	2	318892	n/a
622.8515625	n/a	0.0	1	318900	n/a
622.869140625	n/a	0.0	1	318909	n/a
622.884765625	n/a	1.0	2	318917	n/a
622.90234375	n/a	0.0	1	318926	n/a
622.91796875	n/a	1.0	2	318934	n/a
622.935546875	n/a	0.0	1	318943	n/a
622.951171875	n/a	1.0	2	318951	n/a
622.96875	n/a	1.0	2	318960	n/a
622.986328125	n/a	0.0	1	318969	n/a
623.001953125	n/a	0.0	1	318977	n/a
623.01953125	n/a	1.0	2	318986	n/a
623.03515625	n/a	0.0	1	318994	n/a
623.052734375	n/a	1.0	2	319003	n/a
623.068359375	n/a	0.0	1	319011	n/a
623.0859375	n/a	1.0	2	319020	n/a
623.1015625	n/a	0.0	1	319028	n/a
623.119140625	n/a	1.0	2	319037	n/a
623.134765625	n/a	0.0	1	319045	n/a
623.15234375	n/a	1.0	2	319054	n/a
623.16796875	n/a	1.0	2	319062	n/a
623.185546875	n/a	0.0	1	319071	n/a
623.201171875	n/a	0.0	1	319079	n/a
623.21875	n/a	1.0	2	319088	n/a
623.236328125	n/a	0.0	1	319097	n/a
623.251953125	n/a	1.0	2	319105	n/a
623.26953125	n/a	1.0	2	319114	n/a
623.28515625	n/a	0.0	1	319122	n/a
623.302734375	n/a	0.0	1	319131	n/a
623.318359375	n/a	1.0	2	319139	n/a
623.3359375	n/a	0.0	1	319148	n/a
623.3515625	n/a	1.0	2	319156	n/a
623.369140625	n/a	1.0	2	319165	n/a
623.384765625	n/a	0.0	1	319173	n/a
623.40234375	n/a	0.0	1	319182	n/a
623.41796875	n/a	1.0	2	319190	n/a
623.435546875	n/a	0.0	1	319199	n/a
623.451171875	n/a	1.0	2	319207	n/a
623.46875	n/a	0.0	1	319216	n/a
623.486328125	n/a	1.0	2	319225	n/a
623.501953125	n/a	0.0	1	319233	n/a
623.51953125	n/a	1.0	2	319242	n/a
623.53515625	n/a	1.0	2	319250	n/a
623.552734375	n/a	0.0	1	319259	n/a
623.568359375	n/a	0.0	1	319267	n/a
623.5859375	n/a	1.0	2	319276	n/a
623.6015625	n/a	0.0	1	319284	n/a
623.619140625	n/a	1.0	2	319293	n/a
623.634765625	n/a	1.0	2	319301	n/a
623.65234375	n/a	0.0	1	319310	n/a
623.66796875	n/a	1.0	2	319318	n/a
623.685546875	n/a	0.0	1	319327	n/a
623.701171875	n/a	1.0	2	319335	n/a
623.71875	n/a	0.0	1	319344	n/a
623.736328125	n/a	1.0	2	319353	n/a
623.751953125	n/a	0.0	1	319361	n/a
623.76953125	n/a	0.0	1	319370	n/a
623.78515625	n/a	1.0	2	319378	n/a
623.802734375	n/a	1.0	2	319387	n/a
623.818359375	n/a	0.0	1	319395	n/a
623.8359375	n/a	1.0	2	319404	n/a
623.8515625	n/a	0.0	1	319412	n/a
623.869140625	n/a	0.0	1	319421	n/a
623.884765625	n/a	1.0	2	319429	n/a
623.90234375	n/a	1.0	2	319438	n/a
623.91796875	n/a	0.0	1	319446	n/a
623.935546875	n/a	0.0	1	319455	n/a
623.951171875	n/a	1.0	2	319463	n/a
623.96875	n/a	0.0	1	319472	n/a
623.986328125	n/a	1.0	2	319481	n/a
624.001953125	n/a	1.0	2	319489	n/a
624.01953125	n/a	0.0	1	319498	n/a
624.03515625	n/a	1.0	2	319506	n/a
624.052734375	n/a	0.0	1	319515	n/a
624.068359375	n/a	0.0	1	319523	n/a
624.0859375	n/a	1.0	2	319532	n/a
624.1015625	n/a	1.0	2	319540	n/a
624.119140625	n/a	0.0	1	319549	n/a
624.134765625	n/a	0.0	1	319557	n/a
624.15234375	n/a	1.0	2	319566	n/a
624.16796875	n/a	1.0	2	319574	n/a
624.185546875	n/a	0.0	1	319583	n/a
624.201171875	n/a	1.0	2	319591	n/a
624.21875	n/a	0.0	1	319600	n/a
624.236328125	n/a	0.0	1	319609	n/a
624.251953125	n/a	1.0	2	319617	n/a
624.26953125	n/a	0.0	1	319626	n/a
624.28515625	n/a	1.0	2	319634	n/a
624.302734375	n/a	0.0	1	319643	n/a
624.318359375	n/a	1.0	2	319651	n/a
624.3359375	n/a	1.0	2	319660	n/a
624.3515625	n/a	0.0	1	319668	n/a
624.369140625	n/a	0.0	1	319677	n/a
624.384765625	n/a	1.0	2	319685	n/a
624.40234375	n/a	1.0	2	319694	n/a
624.41796875	n/a	0.0	1	319702	n/a
624.435546875	n/a	1.0	2	319711	n/a
624.451171875	n/a	0.0	1	319719	n/a
624.46875	n/a	0.0	1	319728	n/a
624.486328125	n/a	1.0	2	319737	n/a
624.501953125	n/a	1.0	2	319745	n/a
624.51953125	n/a	0.0	1	319754	n/a
624.53515625	n/a	1.0	2	319762	n/a
624.552734375	n/a	0.0	1	319771	n/a
624.568359375	n/a	1.0	2	319779	n/a
624.5859375	n/a	0.0	1	319788	n/a
624.6015625	n/a	1.0	2	319796	n/a
624.619140625	n/a	0.0	1	319805	n/a
624.634765625	n/a	0.0	1	319813	n/a
624.65234375	n/a	1.0	2	319822	n/a
624.66796875	n/a	1.0	2	319830	n/a
624.685546875	n/a	0.0	1	319839	n/a
624.701171875	n/a	1.0	2	319847	n/a
624.71875	n/a	0.0	1	319856	n/a
624.736328125	n/a	1.0	2	319865	n/a
624.751953125	n/a	0.0	1	319873	n/a
624.76953125	n/a	1.0	2	319882	n/a
624.78515625	n/a	0.0	1	319890	n/a
624.802734375	n/a	1.0	2	319899	n/a
624.818359375	n/a	0.0	1	319907	n/a
624.8359375	n/a	0.0	1	319916	n/a
624.8515625	n/a	1.0	2	319924	n/a
624.869140625	n/a	1.0	2	319933	n/a
624.884765625	n/a	0.0	1	319941	n/a
624.90234375	n/a	1.0	2	319950	n/a
624.91796875	n/a	0.0	1	319958	n/a
624.935546875	n/a	1.0	2	319967	n/a
624.951171875	n/a	0.0	1	319975	n/a
624.96875	n/a	0.0	1	319984	n/a
624.986328125	n/a	1.0	2	319993	n/a
625.001953125	n/a	0.0	1	320001	n/a
625.01953125	n/a	1.0	2	320010	n/a
625.03515625	n/a	0.0	1	320018	n/a
625.052734375	n/a	1.0	2	320027	n/a
625.068359375	n/a	1.0	2	320035	n/a
625.0859375	n/a	0.0	1	320044	n/a
625.1015625	n/a	0.0	1	320052	n/a
625.119140625	n/a	1.0	2	320061	n/a
625.134765625	n/a	0.0	1	320069	n/a
625.15234375	n/a	1.0	2	320078	n/a
625.16796875	n/a	0.0	1	320086	n/a
625.185546875	n/a	1.0	2	320095	n/a
625.201171875	n/a	0.0	1	320103	n/a
625.21875	n/a	1.0	2	320112	n/a
625.236328125	n/a	0.0	1	320121	n/a
625.251953125	n/a	1.0	2	320129	n/a
625.26953125	n/a	1.0	2	320138	n/a
625.28515625	n/a	0.0	1	320146	n/a
625.302734375	n/a	0.0	1	320155	n/a
625.318359375	n/a	1.0	2	320163	n/a
625.3359375	n/a	0.0	1	320172	n/a
625.3515625	n/a	1.0	2	320180	n/a
625.369140625	n/a	1.0	2	320189	n/a
625.384765625	n/a	0.0	1	320197	n/a
625.40234375	n/a	0.0	1	320206	n/a
625.41796875	n/a	1.0	2	320214	n/a
625.435546875	n/a	0.0	1	320223	n/a
625.451171875	n/a	1.0	2	320231	n/a
625.46875	n/a	1.0	2	320240	n/a
625.486328125	n/a	0.0	1	320249	n/a
625.501953125	n/a	0.0	1	320257	n/a
625.51953125	n/a	1.0	2	320266	n/a
625.53515625	n/a	0.0	1	320274	n/a
625.552734375	n/a	1.0	2	320283	n/a
625.568359375	n/a	0.0	1	320291	n/a
625.5859375	n/a	1.0	2	320300	n/a
625.6015625	n/a	0.0	1	320308	n/a
625.619140625	n/a	1.0	2	320317	n/a
625.634765625	n/a	1.0	2	320325	n/a
625.65234375	n/a	0.0	1	320334	n/a
625.66796875	n/a	0.0	1	320342	n/a
625.685546875	n/a	1.0	2	320351	n/a
625.701171875	n/a	0.0	1	320359	n/a
625.71875	n/a	1.0	2	320368	n/a
625.736328125	n/a	1.0	2	320377	n/a
625.751953125	n/a	0.0	1	320385	n/a
625.76953125	n/a	1.0	2	320394	n/a
625.78515625	n/a	0.0	1	320402	n/a
625.802734375	n/a	1.0	2	320411	n/a
625.818359375	n/a	0.0	1	320419	n/a
625.8359375	n/a	1.0	2	320428	n/a
625.8515625	n/a	0.0	1	320436	n/a
625.869140625	n/a	0.0	1	320445	n/a
625.884765625	n/a	1.0	2	320453	n/a
625.90234375	n/a	1.0	2	320462	n/a
625.91796875	n/a	0.0	1	320470	n/a
625.935546875	n/a	1.0	2	320479	n/a
625.951171875	n/a	0.0	1	320487	n/a
625.96875	n/a	0.0	1	320496	n/a
625.986328125	n/a	1.0	2	320505	n/a
626.001953125	n/a	1.0	2	320513	n/a
626.01953125	n/a	0.0	1	320522	n/a
626.03515625	n/a	0.0	1	320530	n/a
626.052734375	n/a	1.0	2	320539	n/a
626.068359375	n/a	0.0	1	320547	n/a
626.0859375	n/a	1.0	2	320556	n/a
626.1015625	n/a	1.0	2	320564	n/a
626.119140625	n/a	0.0	1	320573	n/a
626.134765625	n/a	1.0	2	320581	n/a
626.15234375	n/a	0.0	1	320590	n/a
626.16796875	n/a	0.0	1	320598	n/a
626.185546875	n/a	1.0	2	320607	n/a
626.201171875	n/a	1.0	2	320615	n/a
626.21875	n/a	0.0	1	320624	n/a
626.236328125	n/a	0.0	1	320633	n/a
626.251953125	n/a	1.0	2	320641	n/a
626.26953125	n/a	1.0	2	320650	n/a
626.28515625	n/a	0.0	1	320658	n/a
626.302734375	n/a	1.0	2	320667	n/a
626.318359375	n/a	0.0	1	320675	n/a
626.3359375	n/a	0.0	1	320684	n/a
626.3515625	n/a	1.0	2	320692	n/a
626.369140625	n/a	0.0	1	320701	n/a
626.384765625	n/a	1.0	2	320709	n/a
626.40234375	n/a	0.0	1	320718	n/a
626.41796875	n/a	1.0	2	320726	n/a
626.435546875	n/a	1.0	2	320735	n/a
626.451171875	n/a	0.0	1	320743	n/a
626.46875	n/a	0.0	1	320752	n/a
626.486328125	n/a	1.0	2	320761	n/a
626.501953125	n/a	1.0	2	320769	n/a
626.51953125	n/a	0.0	1	320778	n/a
626.53515625	n/a	1.0	2	320786	n/a
626.552734375	n/a	0.0	1	320795	n/a
626.568359375	n/a	0.0	1	320803	n/a
626.5859375	n/a	1.0	2	320812	n/a
626.6015625	n/a	1.0	2	320820	n/a
626.619140625	n/a	0.0	1	320829	n/a
626.634765625	n/a	1.0	2	320837	n/a
626.65234375	n/a	0.0	1	320846	n/a
626.66796875	n/a	1.0	2	320854	n/a
626.685546875	n/a	0.0	1	320863	n/a
626.701171875	n/a	1.0	2	320871	n/a
626.71875	n/a	0.0	1	320880	n/a
626.736328125	n/a	0.0	1	320889	n/a
626.751953125	n/a	1.0	2	320897	n/a
626.76953125	n/a	1.0	2	320906	n/a
626.78515625	n/a	0.0	1	320914	n/a
626.802734375	n/a	1.0	2	320923	n/a
626.818359375	n/a	0.0	1	320931	n/a
626.8359375	n/a	1.0	2	320940	n/a
626.8515625	n/a	0.0	1	320948	n/a
626.869140625	n/a	1.0	2	320957	n/a
626.884765625	n/a	0.0	1	320965	n/a
626.90234375	n/a	1.0	2	320974	n/a
626.91796875	n/a	0.0	1	320982	n/a
626.935546875	n/a	0.0	1	320991	n/a
626.951171875	n/a	1.0	2	320999	n/a
626.96875	n/a	1.0	2	321008	n/a
626.986328125	n/a	0.0	1	321017	n/a
627.001953125	n/a	1.0	2	321025	n/a
627.01953125	n/a	0.0	1	321034	n/a
627.03515625	n/a	1.0	2	321042	n/a
627.052734375	n/a	0.0	1	321051	n/a
627.068359375	n/a	0.0	1	321059	n/a
627.0859375	n/a	1.0	2	321068	n/a
627.1015625	n/a	0.0	1	321076	n/a
627.119140625	n/a	1.0	2	321085	n/a
627.134765625	n/a	0.0	1	321093	n/a
627.15234375	n/a	1.0	2	321102	n/a
627.16796875	n/a	1.0	2	321110	n/a
627.185546875	n/a	0.0	1	321119	n/a
627.201171875	n/a	0.0	1	321127	n/a
627.21875	n/a	1.0	2	321136	n/a
627.236328125	n/a	0.0	1	321145	n/a
627.251953125	n/a	1.0	2	321153	n/a
627.26953125	n/a	0.0	1	321162	n/a
627.28515625	n/a	1.0	2	321170	n/a
627.302734375	n/a	0.0	1	321179	n/a
627.318359375	n/a	1.0	2	321187	n/a
627.3359375	n/a	0.0	1	321196	n/a
627.3515625	n/a	1.0	2	321204	n/a
627.369140625	n/a	1.0	2	321213	n/a
627.384765625	n/a	0.0	1	321221	n/a
627.40234375	n/a	0.0	1	321230	n/a
627.41796875	n/a	1.0	2	321238	n/a
627.435546875	n/a	0.0	1	321247	n/a
627.451171875	n/a	1.0	2	321255	n/a
627.46875	n/a	1.0	2	321264	n/a
627.486328125	n/a	0.0	1	321273	n/a
627.501953125	n/a	0.0	1	321281	n/a
627.51953125	n/a	1.0	2	321290	n/a
627.53515625	n/a	0.0	1	321298	n/a
627.552734375	n/a	1.0	2	321307	n/a
627.568359375	n/a	1.0	2	321315	n/a
627.5859375	n/a	0.0	1	321324	n/a
627.6015625	n/a	0.0	1	321332	n/a
627.619140625	n/a	1.0	2	321341	n/a
627.634765625	n/a	0.0	1	321349	n/a
627.65234375	n/a	1.0	2	321358	n/a
627.66796875	n/a	0.0	1	321366	n/a
627.685546875	n/a	1.0	2	321375	n/a
627.701171875	n/a	0.0	1	321383	n/a
627.71875	n/a	1.0	2	321392	n/a
627.736328125	n/a	1.0	2	321401	n/a
627.751953125	n/a	0.0	1	321409	n/a
627.76953125	n/a	0.0	1	321418	n/a
627.78515625	n/a	1.0	2	321426	n/a
627.802734375	n/a	0.0	1	321435	n/a
627.818359375	n/a	1.0	2	321443	n/a
627.8359375	n/a	1.0	2	321452	n/a
627.8515625	n/a	0.0	1	321460	n/a
627.869140625	n/a	1.0	2	321469	n/a
627.884765625	n/a	0.0	1	321477	n/a
627.90234375	n/a	1.0	2	321486	n/a
627.91796875	n/a	0.0	1	321494	n/a
627.935546875	n/a	1.0	2	321503	n/a
627.951171875	n/a	0.0	1	321511	n/a
627.96875	n/a	0.0	1	321520	n/a
627.986328125	n/a	1.0	2	321529	n/a
628.001953125	n/a	1.0	2	321537	n/a
628.01953125	n/a	0.0	1	321546	n/a
628.03515625	n/a	1.0	2	321554	n/a
628.052734375	n/a	0.0	1	321563	n/a
628.068359375	n/a	0.0	1	321571	n/a
628.0859375	n/a	1.0	2	321580	n/a
628.1015625	n/a	1.0	2	321588	n/a
628.119140625	n/a	0.0	1	321597	n/a
628.134765625	n/a	0.0	1	321605	n/a
628.15234375	n/a	1.0	2	321614	n/a
628.16796875	n/a	0.0	1	321622	n/a
628.185546875	n/a	1.0	2	321631	n/a
628.201171875	n/a	1.0	2	321639	n/a
628.21875	n/a	0.0	1	321648	n/a
628.236328125	n/a	1.0	2	321657	n/a
628.251953125	n/a	0.0	1	321665	n/a
628.26953125	n/a	0.0	1	321674	n/a
628.28515625	n/a	1.0	2	321682	n/a
628.302734375	n/a	1.0	2	321691	n/a
628.318359375	n/a	0.0	1	321699	n/a
628.3359375	n/a	0.0	1	321708	n/a
628.3515625	n/a	1.0	2	321716	n/a
628.369140625	n/a	1.0	2	321725	n/a
628.384765625	n/a	0.0	1	321733	n/a
628.40234375	n/a	1.0	2	321742	n/a
628.41796875	n/a	0.0	1	321750	n/a
628.435546875	n/a	0.0	1	321759	n/a
628.451171875	n/a	1.0	2	321767	n/a
628.46875	n/a	0.0	1	321776	n/a
628.486328125	n/a	1.0	2	321785	n/a
628.501953125	n/a	0.0	1	321793	n/a
628.51953125	n/a	1.0	2	321802	n/a
628.53515625	n/a	1.0	2	321810	n/a
628.552734375	n/a	0.0	1	321819	n/a
628.568359375	n/a	0.0	1	321827	n/a
628.5859375	n/a	1.0	2	321836	n/a
628.6015625	n/a	1.0	2	321844	n/a
628.619140625	n/a	0.0	1	321853	n/a
628.634765625	n/a	1.0	2	321861	n/a
628.65234375	n/a	0.0	1	321870	n/a
628.66796875	n/a	0.0	1	321878	n/a
628.685546875	n/a	1.0	2	321887	n/a
628.701171875	n/a	1.0	2	321895	n/a
628.71875	n/a	0.0	1	321904	n/a
628.736328125	n/a	1.0	2	321913	n/a
628.751953125	n/a	0.0	1	321921	n/a
628.76953125	n/a	1.0	2	321930	n/a
628.78515625	n/a	0.0	1	321938	n/a
628.802734375	n/a	1.0	2	321947	n/a
628.818359375	n/a	0.0	1	321955	n/a
628.8359375	n/a	0.0	1	321964	n/a
628.8515625	n/a	1.0	2	321972	n/a
628.869140625	n/a	1.0	2	321981	n/a
628.884765625	n/a	0.0	1	321989	n/a
628.90234375	n/a	1.0	2	321998	n/a
628.91796875	n/a	0.0	1	322006	n/a
628.935546875	n/a	1.0	2	322015	n/a
628.951171875	n/a	0.0	1	322023	n/a
628.96875	n/a	1.0	2	322032	n/a
628.986328125	n/a	0.0	1	322041	n/a
629.001953125	n/a	1.0	2	322049	n/a
629.01953125	n/a	0.0	1	322058	n/a
629.03515625	n/a	0.0	1	322066	n/a
629.052734375	n/a	1.0	2	322075	n/a
629.068359375	n/a	1.0	2	322083	n/a
629.0859375	n/a	0.0	1	322092	n/a
629.1015625	n/a	1.0	2	322100	n/a
629.119140625	n/a	0.0	1	322109	n/a
629.134765625	n/a	1.0	2	322117	n/a
629.15234375	n/a	0.0	1	322126	n/a
629.16796875	n/a	0.0	1	322134	n/a
629.185546875	n/a	1.0	2	322143	n/a
629.201171875	n/a	0.0	1	322151	n/a
629.21875	n/a	1.0	2	322160	n/a
629.236328125	n/a	0.0	1	322169	n/a
629.251953125	n/a	1.0	2	322177	n/a
629.26953125	n/a	1.0	2	322186	n/a
629.28515625	n/a	0.0	1	322194	n/a
629.302734375	n/a	0.0	1	322203	n/a
629.318359375	n/a	1.0	2	322211	n/a
629.3359375	n/a	0.0	1	322220	n/a
629.3515625	n/a	1.0	2	322228	n/a
629.369140625	n/a	0.0	1	322237	n/a
629.384765625	n/a	1.0	2	322245	n/a
629.40234375	n/a	0.0	1	322254	n/a
629.41796875	n/a	1.0	2	322262	n/a
629.435546875	n/a	0.0	1	322271	n/a
629.451171875	n/a	1.0	2	322279	n/a
629.46875	n/a	1.0	2	322288	n/a
629.486328125	n/a	0.0	1	322297	n/a
629.501953125	n/a	0.0	1	322305	n/a
629.51953125	n/a	1.0	2	322314	n/a
629.53515625	n/a	0.0	1	322322	n/a
629.552734375	n/a	1.0	2	322331	n/a
629.568359375	n/a	1.0	2	322339	n/a
629.5859375	n/a	0.0	1	322348	n/a
629.6015625	n/a	0.0	1	322356	n/a
629.619140625	n/a	1.0	2	322365	n/a
629.634765625	n/a	0.0	1	322373	n/a
629.65234375	n/a	1.0	2	322382	n/a
629.66796875	n/a	1.0	2	322390	n/a
629.685546875	n/a	0.0	1	322399	n/a
629.701171875	n/a	0.0	1	322407	n/a
629.71875	n/a	1.0	2	322416	n/a
629.736328125	n/a	0.0	1	322425	n/a
629.751953125	n/a	1.0	2	322433	n/a
629.76953125	n/a	0.0	1	322442	n/a
629.78515625	n/a	1.0	2	322450	n/a
629.802734375	n/a	0.0	1	322459	n/a
629.818359375	n/a	1.0	2	322467	n/a
629.8359375	n/a	1.0	2	322476	n/a
629.8515625	n/a	0.0	1	322484	n/a
629.869140625	n/a	0.0	1	322493	n/a
629.884765625	n/a	1.0	2	322501	n/a
629.90234375	n/a	0.0	1	322510	n/a
629.91796875	n/a	1.0	2	322518	n/a
629.935546875	n/a	1.0	2	322527	n/a
629.951171875	n/a	0.0	1	322535	n/a
629.96875	n/a	1.0	2	322544	n/a
629.986328125	n/a	0.0	1	322553	n/a
630.001953125	n/a	1.0	2	322561	n/a
630.01953125	n/a	0.0	1	322570	n/a
630.03515625	n/a	1.0	2	322578	n/a
630.052734375	n/a	0.0	1	322587	n/a
630.068359375	n/a	0.0	1	322595	n/a
630.0859375	n/a	1.0	2	322604	n/a
630.1015625	n/a	1.0	2	322612	n/a
630.119140625	n/a	0.0	1	322621	n/a
630.134765625	n/a	1.0	2	322629	n/a
630.15234375	n/a	0.0	1	322638	n/a
630.16796875	n/a	0.0	1	322646	n/a
630.185546875	n/a	1.0	2	322655	n/a
630.201171875	n/a	1.0	2	322663	n/a
630.21875	n/a	0.0	1	322672	n/a
630.236328125	n/a	0.0	1	322681	n/a
630.251953125	n/a	1.0	2	322689	n/a
630.26953125	n/a	0.0	1	322698	n/a
630.28515625	n/a	1.0	2	322706	n/a
630.302734375	n/a	1.0	2	322715	n/a
630.318359375	n/a	0.0	1	322723	n/a
630.3359375	n/a	1.0	2	322732	n/a
630.3515625	n/a	0.0	1	322740	n/a
630.369140625	n/a	0.0	1	322749	n/a
630.384765625	n/a	1.0	2	322757	n/a
630.40234375	n/a	1.0	2	322766	n/a
630.41796875	n/a	0.0	1	322774	n/a
630.435546875	n/a	0.0	1	322783	n/a
630.451171875	n/a	1.0	2	322791	n/a
630.46875	n/a	1.0	2	322800	n/a
630.486328125	n/a	0.0	1	322809	n/a
630.501953125	n/a	1.0	2	322817	n/a
630.51953125	n/a	0.0	1	322826	n/a
630.53515625	n/a	0.0	1	322834	n/a
630.552734375	n/a	1.0	2	322843	n/a
630.568359375	n/a	0.0	1	322851	n/a
630.5859375	n/a	1.0	2	322860	n/a
630.6015625	n/a	0.0	1	322868	n/a
630.619140625	n/a	1.0	2	322877	n/a
630.634765625	n/a	1.0	2	322885	n/a
630.65234375	n/a	0.0	1	322894	n/a
630.66796875	n/a	0.0	1	322902	n/a
630.685546875	n/a	1.0	2	322911	n/a
630.701171875	n/a	1.0	2	322919	n/a
630.71875	n/a	0.0	1	322928	n/a
630.736328125	n/a	1.0	2	322937	n/a
630.751953125	n/a	0.0	1	322945	n/a
630.76953125	n/a	0.0	1	322954	n/a
630.78515625	n/a	1.0	2	322962	n/a
630.802734375	n/a	1.0	2	322971	n/a
630.818359375	n/a	0.0	1	322979	n/a
630.8359375	n/a	1.0	2	322988	n/a
630.8515625	n/a	0.0	1	322996	n/a
630.869140625	n/a	1.0	2	323005	n/a
630.884765625	n/a	0.0	1	323013	n/a
630.90234375	n/a	1.0	2	323022	n/a
630.91796875	n/a	0.0	1	323030	n/a
630.935546875	n/a	0.0	1	323039	n/a
630.951171875	n/a	1.0	2	323047	n/a
630.96875	n/a	1.0	2	323056	n/a
630.986328125	n/a	0.0	1	323065	n/a
631.001953125	n/a	1.0	2	323073	n/a
631.01953125	n/a	0.0	1	323082	n/a
631.03515625	n/a	1.0	2	323090	n/a
631.052734375	n/a	0.0	1	323099	n/a
631.068359375	n/a	1.0	2	323107	n/a
631.0859375	n/a	0.0	1	323116	n/a
631.1015625	n/a	1.0	2	323124	n/a
631.119140625	n/a	0.0	1	323133	n/a
631.134765625	n/a	0.0	1	323141	n/a
631.15234375	n/a	1.0	2	323150	n/a
631.16796875	n/a	1.0	2	323158	n/a
631.185546875	n/a	0.0	1	323167	n/a
631.201171875	n/a	1.0	2	323175	n/a
631.21875	n/a	0.0	1	323184	n/a
631.236328125	n/a	1.0	2	323193	n/a
631.251953125	n/a	0.0	1	323201	n/a
631.26953125	n/a	0.0	1	323210	n/a
631.28515625	n/a	1.0	2	323218	n/a
631.302734375	n/a	0.0	1	323227	n/a
631.318359375	n/a	1.0	2	323235	n/a
631.3359375	n/a	0.0	1	323244	n/a
631.3515625	n/a	1.0	2	323252	n/a
631.369140625	n/a	1.0	2	323261	n/a
631.384765625	n/a	0.0	1	323269	n/a
631.40234375	n/a	0.0	1	323278	n/a
631.41796875	n/a	1.0	2	323286	n/a
631.435546875	n/a	0.0	1	323295	n/a
631.451171875	n/a	1.0	2	323303	n/a
631.46875	n/a	0.0	1	323312	n/a
631.486328125	n/a	1.0	2	323321	n/a
631.501953125	n/a	0.0	1	323329	n/a
631.51953125	n/a	1.0	2	323338	n/a
631.53515625	n/a	0.0	1	323346	n/a
631.552734375	n/a	1.0	2	323355	n/a
631.568359375	n/a	1.0	2	323363	n/a
631.5859375	n/a	0.0	1	323372	n/a
631.6015625	n/a	0.0	1	323380	n/a
631.619140625	n/a	1.0	2	323389	n/a
631.634765625	n/a	0.0	1	323397	n/a
631.65234375	n/a	1.0	2	323406	n/a
631.66796875	n/a	1.0	2	323414	n/a
631.685546875	n/a	0.0	1	323423	n/a
631.701171875	n/a	0.0	1	323431	n/a
631.71875	n/a	1.0	2	323440	n/a
631.736328125	n/a	0.0	1	323449	n/a
631.751953125	n/a	1.0	2	323457	n/a
631.76953125	n/a	1.0	2	323466	n/a
631.78515625	n/a	0.0	1	323474	n/a
631.802734375	n/a	0.0	1	323483	n/a
631.818359375	n/a	1.0	2	323491	n/a
631.8359375	n/a	0.0	1	323500	n/a
631.8515625	n/a	1.0	2	323508	n/a
631.869140625	n/a	0.0	1	323517	n/a
631.884765625	n/a	1.0	2	323525	n/a
631.90234375	n/a	0.0	1	323534	n/a
631.91796875	n/a	1.0	2	323542	n/a
631.935546875	n/a	1.0	2	323551	n/a
631.951171875	n/a	0.0	1	323559	n/a
631.96875	n/a	0.0	1	323568	n/a
631.986328125	n/a	1.0	2	323577	n/a
632.001953125	n/a	0.0	1	323585	n/a
632.01953125	n/a	1.0	2	323594	n/a
632.03515625	n/a	1.0	2	323602	n/a
632.052734375	n/a	0.0	1	323611	n/a
632.068359375	n/a	1.0	2	323619	n/a
632.0859375	n/a	0.0	1	323628	n/a
632.1015625	n/a	1.0	2	323636	n/a
632.119140625	n/a	0.0	1	323645	n/a
632.134765625	n/a	1.0	2	323653	n/a
632.15234375	n/a	0.0	1	323662	n/a
632.16796875	n/a	0.0	1	323670	n/a
632.185546875	n/a	1.0	2	323679	n/a
632.201171875	n/a	1.0	2	323687	n/a
632.21875	n/a	0.0	1	323696	n/a
632.236328125	n/a	1.0	2	323705	n/a
632.251953125	n/a	0.0	1	323713	n/a
632.26953125	n/a	0.0	1	323722	n/a
632.28515625	n/a	1.0	2	323730	n/a
632.302734375	n/a	1.0	2	323739	n/a
632.318359375	n/a	0.0	1	323747	n/a
632.3359375	n/a	0.0	1	323756	n/a
632.3515625	n/a	1.0	2	323764	n/a
632.369140625	n/a	0.0	1	323773	n/a
632.384765625	n/a	1.0	2	323781	n/a
632.40234375	n/a	1.0	2	323790	n/a
632.41796875	n/a	0.0	1	323798	n/a
632.435546875	n/a	1.0	2	323807	n/a
632.451171875	n/a	0.0	1	323815	n/a
632.46875	n/a	0.0	1	323824	n/a
632.486328125	n/a	1.0	2	323833	n/a
632.501953125	n/a	1.0	2	323841	n/a
632.51953125	n/a	0.0	1	323850	n/a
632.53515625	n/a	0.0	1	323858	n/a
632.552734375	n/a	1.0	2	323867	n/a
632.568359375	n/a	1.0	2	323875	n/a
632.5859375	n/a	0.0	1	323884	n/a
632.6015625	n/a	1.0	2	323892	n/a
632.619140625	n/a	0.0	1	323901	n/a
632.634765625	n/a	0.0	1	323909	n/a
632.65234375	n/a	1.0	2	323918	n/a
632.66796875	n/a	0.0	1	323926	n/a
632.685546875	n/a	1.0	2	323935	n/a
632.701171875	n/a	0.0	1	323943	n/a
632.71875	n/a	1.0	2	323952	n/a
632.736328125	n/a	1.0	2	323961	n/a
632.751953125	n/a	0.0	1	323969	n/a
632.76953125	n/a	0.0	1	323978	n/a
632.78515625	n/a	1.0	2	323986	n/a
632.802734375	n/a	1.0	2	323995	n/a
632.818359375	n/a	0.0	1	324003	n/a
632.8359375	n/a	1.0	2	324012	n/a
632.8515625	n/a	0.0	1	324020	n/a
632.869140625	n/a	0.0	1	324029	n/a
632.884765625	n/a	1.0	2	324037	n/a
632.90234375	n/a	1.0	2	324046	n/a
632.91796875	n/a	0.0	1	324054	n/a
632.935546875	n/a	1.0	2	324063	n/a
632.951171875	n/a	0.0	1	324071	n/a
632.96875	n/a	1.0	2	324080	n/a
632.986328125	n/a	0.0	1	324089	n/a
633.001953125	n/a	1.0	2	324097	n/a
633.01953125	n/a	0.0	1	324106	n/a
633.03515625	n/a	0.0	1	324114	n/a
633.052734375	n/a	1.0	2	324123	n/a
633.068359375	n/a	1.0	2	324131	n/a
633.0859375	n/a	0.0	1	324140	n/a
633.1015625	n/a	1.0	2	324148	n/a
633.119140625	n/a	0.0	1	324157	n/a
633.134765625	n/a	1.0	2	324165	n/a
633.15234375	n/a	0.0	1	324174	n/a
633.16796875	n/a	1.0	2	324182	n/a
633.185546875	n/a	0.0	1	324191	n/a
633.201171875	n/a	1.0	2	324199	n/a
633.21875	n/a	0.0	1	324208	n/a
633.236328125	n/a	0.0	1	324217	n/a
633.251953125	n/a	1.0	2	324225	n/a
633.26953125	n/a	1.0	2	324234	n/a
633.28515625	n/a	0.0	1	324242	n/a
633.302734375	n/a	1.0	2	324251	n/a
633.318359375	n/a	0.0	1	324259	n/a
633.3359375	n/a	1.0	2	324268	n/a
633.3515625	n/a	0.0	1	324276	n/a
633.369140625	n/a	0.0	1	324285	n/a
633.384765625	n/a	1.0	2	324293	n/a
633.40234375	n/a	0.0	1	324302	n/a
633.41796875	n/a	1.0	2	324310	n/a
633.435546875	n/a	0.0	1	324319	n/a
633.451171875	n/a	1.0	2	324327	n/a
634.7890625	n/a	0.0	1	325012	4.0
634.806640625	n/a	1.0	2	325021	n/a
634.822265625	n/a	0.0	1	325029	n/a
634.83984375	n/a	1.0	2	325038	n/a
634.85546875	n/a	0.0	1	325046	n/a
634.873046875	n/a	1.0	2	325055	n/a
634.888671875	n/a	0.0	1	325063	n/a
634.90625	n/a	1.0	2	325072	n/a
634.921875	n/a	1.0	2	325080	n/a
634.939453125	n/a	0.0	1	325089	n/a
634.955078125	n/a	0.0	1	325097	n/a
634.97265625	n/a	1.0	2	325106	n/a
634.98828125	n/a	0.0	1	325114	n/a
635.005859375	n/a	1.0	2	325123	n/a
635.021484375	n/a	1.0	2	325131	n/a
635.0390625	n/a	0.0	1	325140	n/a
635.056640625	n/a	1.0	2	325149	n/a
635.072265625	n/a	0.0	1	325157	n/a
635.08984375	n/a	0.0	1	325166	n/a
635.10546875	n/a	1.0	2	325174	n/a
635.123046875	n/a	0.0	1	325183	n/a
635.138671875	n/a	1.0	2	325191	n/a
635.15625	n/a	0.0	1	325200	n/a
635.171875	n/a	1.0	2	325208	n/a
635.189453125	n/a	0.0	1	325217	n/a
635.205078125	n/a	1.0	2	325225	n/a
635.22265625	n/a	0.0	1	325234	n/a
635.23828125	n/a	1.0	2	325242	n/a
635.255859375	n/a	1.0	2	325251	n/a
635.271484375	n/a	0.0	1	325259	n/a
635.2890625	n/a	0.0	1	325268	n/a
635.306640625	n/a	1.0	2	325277	n/a
635.322265625	n/a	0.0	1	325285	n/a
635.33984375	n/a	1.0	2	325294	n/a
635.35546875	n/a	1.0	2	325302	n/a
635.373046875	n/a	0.0	1	325311	n/a
635.388671875	n/a	1.0	2	325319	n/a
635.40625	n/a	0.0	1	325328	n/a
635.421875	n/a	1.0	2	325336	n/a
635.439453125	n/a	0.0	1	325345	n/a
635.455078125	n/a	1.0	2	325353	n/a
635.47265625	n/a	0.0	1	325362	n/a
635.48828125	n/a	1.0	2	325370	n/a
635.505859375	n/a	0.0	1	325379	n/a
635.521484375	n/a	1.0	2	325387	n/a
635.5390625	n/a	0.0	1	325396	n/a
635.556640625	n/a	1.0	2	325405	n/a
635.572265625	n/a	0.0	1	325413	n/a
635.58984375	n/a	1.0	2	325422	n/a
635.60546875	n/a	0.0	1	325430	n/a
635.623046875	n/a	1.0	2	325439	n/a
635.638671875	n/a	0.0	1	325447	n/a
635.65625	n/a	1.0	2	325456	n/a
635.671875	n/a	0.0	1	325464	n/a
635.689453125	n/a	0.0	1	325473	n/a
635.705078125	n/a	1.0	2	325481	n/a
635.72265625	n/a	1.0	2	325490	n/a
635.73828125	n/a	0.0	1	325498	n/a
635.755859375	n/a	0.0	1	325507	n/a
635.771484375	n/a	1.0	2	325515	n/a
635.7890625	n/a	1.0	2	325524	n/a
635.806640625	n/a	0.0	1	325533	n/a
635.822265625	n/a	0.0	1	325541	n/a
635.83984375	n/a	1.0	2	325550	n/a
635.85546875	n/a	0.0	1	325558	n/a
635.873046875	n/a	1.0	2	325567	n/a
635.888671875	n/a	1.0	2	325575	n/a
635.90625	n/a	0.0	1	325584	n/a
635.921875	n/a	0.0	1	325592	n/a
635.939453125	n/a	1.0	2	325601	n/a
635.955078125	n/a	1.0	2	325609	n/a
635.97265625	n/a	0.0	1	325618	n/a
635.98828125	n/a	1.0	2	325626	n/a
636.005859375	n/a	0.0	1	325635	n/a
636.021484375	n/a	0.0	1	325643	n/a
636.0390625	n/a	1.0	2	325652	n/a
636.056640625	n/a	0.0	1	325661	n/a
636.072265625	n/a	1.0	2	325669	n/a
636.08984375	n/a	1.0	2	325678	n/a
636.10546875	n/a	0.0	1	325686	n/a
636.123046875	n/a	0.0	1	325695	n/a
636.138671875	n/a	1.0	2	325703	n/a
636.15625	n/a	0.0	1	325712	n/a
636.171875	n/a	1.0	2	325720	n/a
636.189453125	n/a	1.0	2	325729	n/a
636.205078125	n/a	0.0	1	325737	n/a
636.22265625	n/a	1.0	2	325746	n/a
636.23828125	n/a	0.0	1	325754	n/a
636.255859375	n/a	1.0	2	325763	n/a
636.271484375	n/a	0.0	1	325771	n/a
636.2890625	n/a	1.0	2	325780	n/a
636.306640625	n/a	0.0	1	325789	n/a
636.322265625	n/a	0.0	1	325797	n/a
636.33984375	n/a	1.0	2	325806	n/a
636.35546875	n/a	1.0	2	325814	n/a
636.373046875	n/a	0.0	1	325823	n/a
636.388671875	n/a	0.0	1	325831	n/a
636.40625	n/a	1.0	2	325840	n/a
636.421875	n/a	0.0	1	325848	n/a
636.439453125	n/a	1.0	2	325857	n/a
636.455078125	n/a	1.0	2	325865	n/a
636.47265625	n/a	0.0	1	325874	n/a
636.48828125	n/a	1.0	2	325882	n/a
636.505859375	n/a	0.0	1	325891	n/a
636.521484375	n/a	0.0	1	325899	n/a
636.5390625	n/a	1.0	2	325908	n/a
636.556640625	n/a	0.0	1	325917	n/a
636.572265625	n/a	1.0	2	325925	n/a
636.58984375	n/a	1.0	2	325934	n/a
636.60546875	n/a	0.0	1	325942	n/a
636.623046875	n/a	0.0	1	325951	n/a
636.638671875	n/a	1.0	2	325959	n/a
636.65625	n/a	0.0	1	325968	n/a
636.671875	n/a	1.0	2	325976	n/a
636.689453125	n/a	1.0	2	325985	n/a
636.705078125	n/a	0.0	1	325993	n/a
636.72265625	n/a	0.0	1	326002	n/a
636.73828125	n/a	1.0	2	326010	n/a
636.755859375	n/a	1.0	2	326019	n/a
636.771484375	n/a	0.0	1	326027	n/a
636.7890625	n/a	0.0	1	326036	n/a
636.806640625	n/a	1.0	2	326045	n/a
636.822265625	n/a	1.0	2	326053	n/a
636.83984375	n/a	0.0	1	326062	n/a
636.85546875	n/a	1.0	2	326070	n/a
636.873046875	n/a	0.0	1	326079	n/a
636.888671875	n/a	0.0	1	326087	n/a
636.90625	n/a	1.0	2	326096	n/a
636.921875	n/a	0.0	1	326104	n/a
636.939453125	n/a	1.0	2	326113	n/a
636.955078125	n/a	0.0	1	326121	n/a
636.97265625	n/a	1.0	2	326130	n/a
636.98828125	n/a	0.0	1	326138	n/a
637.005859375	n/a	1.0	2	326147	n/a
637.021484375	n/a	1.0	2	326155	n/a
637.0390625	n/a	0.0	1	326164	n/a
637.056640625	n/a	0.0	1	326173	n/a
637.072265625	n/a	1.0	2	326181	n/a
637.08984375	n/a	0.0	1	326190	n/a
637.10546875	n/a	1.0	2	326198	n/a
637.123046875	n/a	1.0	2	326207	n/a
637.138671875	n/a	0.0	1	326215	n/a
637.15625	n/a	1.0	2	326224	n/a
637.171875	n/a	0.0	1	326232	n/a
637.189453125	n/a	0.0	1	326241	n/a
637.205078125	n/a	1.0	2	326249	n/a
637.22265625	n/a	0.0	1	326258	n/a
637.23828125	n/a	1.0	2	326266	n/a
637.255859375	n/a	0.0	1	326275	n/a
637.271484375	n/a	1.0	2	326283	n/a
637.2890625	n/a	0.0	1	326292	n/a
637.306640625	n/a	1.0	2	326301	n/a
637.322265625	n/a	0.0	1	326309	n/a
637.33984375	n/a	1.0	2	326318	n/a
637.35546875	n/a	1.0	2	326326	n/a
637.373046875	n/a	0.0	1	326335	n/a
637.388671875	n/a	0.0	1	326343	n/a
637.40625	n/a	1.0	2	326352	n/a
637.421875	n/a	0.0	1	326360	n/a
637.439453125	n/a	1.0	2	326369	n/a
637.455078125	n/a	1.0	2	326377	n/a
637.47265625	n/a	0.0	1	326386	n/a
637.48828125	n/a	1.0	2	326394	n/a
637.505859375	n/a	0.0	1	326403	n/a
637.521484375	n/a	1.0	2	326411	n/a
637.5390625	n/a	0.0	1	326420	n/a
637.556640625	n/a	1.0	2	326429	n/a
637.572265625	n/a	0.0	1	326437	n/a
637.58984375	n/a	1.0	2	326446	n/a
637.60546875	n/a	0.0	1	326454	n/a
637.623046875	n/a	1.0	2	326463	n/a
637.638671875	n/a	0.0	1	326471	n/a
637.65625	n/a	1.0	2	326480	n/a
637.671875	n/a	0.0	1	326488	n/a
637.689453125	n/a	1.0	2	326497	n/a
637.705078125	n/a	0.0	1	326505	n/a
637.72265625	n/a	1.0	2	326514	n/a
637.73828125	n/a	0.0	1	326522	n/a
637.755859375	n/a	1.0	2	326531	n/a
637.771484375	n/a	0.0	1	326539	n/a
637.7890625	n/a	0.0	1	326548	n/a
637.806640625	n/a	1.0	2	326557	n/a
637.822265625	n/a	1.0	2	326565	n/a
637.83984375	n/a	0.0	1	326574	n/a
637.85546875	n/a	0.0	1	326582	n/a
637.873046875	n/a	1.0	2	326591	n/a
637.888671875	n/a	1.0	2	326599	n/a
637.90625	n/a	0.0	1	326608	n/a
637.921875	n/a	0.0	1	326616	n/a
637.939453125	n/a	1.0	2	326625	n/a
637.955078125	n/a	0.0	1	326633	n/a
637.97265625	n/a	1.0	2	326642	n/a
637.98828125	n/a	1.0	2	326650	n/a
638.005859375	n/a	0.0	1	326659	n/a
638.021484375	n/a	0.0	1	326667	n/a
638.0390625	n/a	1.0	2	326676	n/a
638.056640625	n/a	1.0	2	326685	n/a
638.072265625	n/a	0.0	1	326693	n/a
638.08984375	n/a	1.0	2	326702	n/a
638.10546875	n/a	0.0	1	326710	n/a
638.123046875	n/a	0.0	1	326719	n/a
638.138671875	n/a	1.0	2	326727	n/a
638.15625	n/a	0.0	1	326736	n/a
638.171875	n/a	1.0	2	326744	n/a
638.189453125	n/a	1.0	2	326753	n/a
638.205078125	n/a	0.0	1	326761	n/a
638.22265625	n/a	0.0	1	326770	n/a
638.23828125	n/a	1.0	2	326778	n/a
638.255859375	n/a	0.0	1	326787	n/a
638.271484375	n/a	1.0	2	326795	n/a
638.2890625	n/a	1.0	2	326804	n/a
638.306640625	n/a	0.0	1	326813	n/a
638.322265625	n/a	1.0	2	326821	n/a
638.33984375	n/a	0.0	1	326830	n/a
638.35546875	n/a	1.0	2	326838	n/a
638.373046875	n/a	0.0	1	326847	n/a
638.388671875	n/a	1.0	2	326855	n/a
638.40625	n/a	0.0	1	326864	n/a
638.421875	n/a	0.0	1	326872	n/a
638.439453125	n/a	1.0	2	326881	n/a
638.455078125	n/a	1.0	2	326889	n/a
638.47265625	n/a	0.0	1	326898	n/a
638.48828125	n/a	0.0	1	326906	n/a
638.505859375	n/a	1.0	2	326915	n/a
638.521484375	n/a	0.0	1	326923	n/a
638.5390625	n/a	1.0	2	326932	n/a
638.556640625	n/a	1.0	2	326941	n/a
638.572265625	n/a	0.0	1	326949	n/a
638.58984375	n/a	1.0	2	326958	n/a
638.60546875	n/a	0.0	1	326966	n/a
638.623046875	n/a	0.0	1	326975	n/a
638.638671875	n/a	1.0	2	326983	n/a
638.65625	n/a	0.0	1	326992	n/a
638.671875	n/a	1.0	2	327000	n/a
638.689453125	n/a	1.0	2	327009	n/a
638.705078125	n/a	0.0	1	327017	n/a
638.72265625	n/a	0.0	1	327026	n/a
638.73828125	n/a	1.0	2	327034	n/a
638.755859375	n/a	0.0	1	327043	n/a
638.771484375	n/a	1.0	2	327051	n/a
638.7890625	n/a	1.0	2	327060	n/a
638.806640625	n/a	0.0	1	327069	n/a
638.822265625	n/a	0.0	1	327077	n/a
638.83984375	n/a	1.0	2	327086	n/a
638.85546875	n/a	1.0	2	327094	n/a
638.873046875	n/a	0.0	1	327103	n/a
638.888671875	n/a	0.0	1	327111	n/a
638.90625	n/a	1.0	2	327120	n/a
638.921875	n/a	1.0	2	327128	n/a
638.939453125	n/a	0.0	1	327137	n/a
638.955078125	n/a	1.0	2	327145	n/a
638.97265625	n/a	0.0	1	327154	n/a
638.98828125	n/a	0.0	1	327162	n/a
639.005859375	n/a	1.0	2	327171	n/a
639.021484375	n/a	0.0	1	327179	n/a
639.0390625	n/a	1.0	2	327188	n/a
639.056640625	n/a	0.0	1	327197	n/a
639.072265625	n/a	1.0	2	327205	n/a
639.08984375	n/a	0.0	1	327214	n/a
639.10546875	n/a	1.0	2	327222	n/a
639.123046875	n/a	1.0	2	327231	n/a
639.138671875	n/a	0.0	1	327239	n/a
639.15625	n/a	0.0	1	327248	n/a
639.171875	n/a	1.0	2	327256	n/a
639.189453125	n/a	0.0	1	327265	n/a
639.205078125	n/a	1.0	2	327273	n/a
639.22265625	n/a	1.0	2	327282	n/a
639.23828125	n/a	0.0	1	327290	n/a
639.255859375	n/a	1.0	2	327299	n/a
639.271484375	n/a	0.0	1	327307	n/a
639.2890625	n/a	0.0	1	327316	n/a
639.306640625	n/a	1.0	2	327325	n/a
639.322265625	n/a	0.0	1	327333	n/a
639.33984375	n/a	1.0	2	327342	n/a
639.35546875	n/a	0.0	1	327350	n/a
639.373046875	n/a	1.0	2	327359	n/a
639.388671875	n/a	0.0	1	327367	n/a
639.40625	n/a	1.0	2	327376	n/a
639.421875	n/a	0.0	1	327384	n/a
639.439453125	n/a	1.0	2	327393	n/a
639.455078125	n/a	1.0	2	327401	n/a
639.47265625	n/a	0.0	1	327410	n/a
639.48828125	n/a	0.0	1	327418	n/a
639.505859375	n/a	1.0	2	327427	n/a
639.521484375	n/a	0.0	1	327435	n/a
639.5390625	n/a	1.0	2	327444	n/a
639.556640625	n/a	1.0	2	327453	n/a
639.572265625	n/a	0.0	1	327461	n/a
639.58984375	n/a	1.0	2	327470	n/a
639.60546875	n/a	0.0	1	327478	n/a
639.623046875	n/a	1.0	2	327487	n/a
639.638671875	n/a	0.0	1	327495	n/a
639.65625	n/a	1.0	2	327504	n/a
639.671875	n/a	0.0	1	327512	n/a
639.689453125	n/a	1.0	2	327521	n/a
639.705078125	n/a	0.0	1	327529	n/a
639.72265625	n/a	1.0	2	327538	n/a
639.73828125	n/a	0.0	1	327546	n/a
639.755859375	n/a	1.0	2	327555	n/a
639.771484375	n/a	0.0	1	327563	n/a
639.7890625	n/a	1.0	2	327572	n/a
639.806640625	n/a	0.0	1	327581	n/a
639.822265625	n/a	1.0	2	327589	n/a
639.83984375	n/a	0.0	1	327598	n/a
639.85546875	n/a	1.0	2	327606	n/a
639.873046875	n/a	0.0	1	327615	n/a
639.888671875	n/a	0.0	1	327623	n/a
639.90625	n/a	1.0	2	327632	n/a
639.921875	n/a	1.0	2	327640	n/a
639.939453125	n/a	0.0	1	327649	n/a
639.955078125	n/a	0.0	1	327657	n/a
639.97265625	n/a	1.0	2	327666	n/a
639.98828125	n/a	1.0	2	327674	n/a
640.005859375	n/a	0.0	1	327683	n/a
640.021484375	n/a	0.0	1	327691	n/a
640.0390625	n/a	1.0	2	327700	n/a
640.056640625	n/a	0.0	1	327709	n/a
640.072265625	n/a	1.0	2	327717	n/a
640.08984375	n/a	1.0	2	327726	n/a
640.10546875	n/a	0.0	1	327734	n/a
640.123046875	n/a	0.0	1	327743	n/a
640.138671875	n/a	1.0	2	327751	n/a
640.15625	n/a	1.0	2	327760	n/a
640.171875	n/a	0.0	1	327768	n/a
640.189453125	n/a	1.0	2	327777	n/a
640.205078125	n/a	0.0	1	327785	n/a
640.22265625	n/a	0.0	1	327794	n/a
640.23828125	n/a	1.0	2	327802	n/a
640.255859375	n/a	0.0	1	327811	n/a
640.271484375	n/a	1.0	2	327819	n/a
640.2890625	n/a	1.0	2	327828	n/a
640.306640625	n/a	0.0	1	327837	n/a
640.322265625	n/a	0.0	1	327845	n/a
640.33984375	n/a	1.0	2	327854	n/a
640.35546875	n/a	0.0	1	327862	n/a
640.373046875	n/a	1.0	2	327871	n/a
640.388671875	n/a	1.0	2	327879	n/a
640.40625	n/a	0.0	1	327888	n/a
640.421875	n/a	1.0	2	327896	n/a
640.439453125	n/a	0.0	1	327905	n/a
640.455078125	n/a	1.0	2	327913	n/a
640.47265625	n/a	0.0	1	327922	n/a
640.48828125	n/a	1.0	2	327930	n/a
640.505859375	n/a	0.0	1	327939	n/a
640.521484375	n/a	0.0	1	327947	n/a
640.5390625	n/a	1.0	2	327956	n/a
640.556640625	n/a	1.0	2	327965	n/a
640.572265625	n/a	0.0	1	327973	n/a
640.58984375	n/a	0.0	1	327982	n/a
640.60546875	n/a	1.0	2	327990	n/a
640.623046875	n/a	0.0	1	327999	n/a
640.638671875	n/a	1.0	2	328007	n/a
640.65625	n/a	1.0	2	328016	n/a
640.671875	n/a	0.0	1	328024	n/a
640.689453125	n/a	1.0	2	328033	n/a
640.705078125	n/a	0.0	1	328041	n/a
640.72265625	n/a	0.0	1	328050	n/a
640.73828125	n/a	1.0	2	328058	n/a
640.755859375	n/a	0.0	1	328067	n/a
640.771484375	n/a	1.0	2	328075	n/a
640.7890625	n/a	1.0	2	328084	n/a
640.806640625	n/a	0.0	1	328093	n/a
640.822265625	n/a	0.0	1	328101	n/a
640.83984375	n/a	1.0	2	328110	n/a
640.85546875	n/a	0.0	1	328118	n/a
640.873046875	n/a	1.0	2	328127	n/a
640.888671875	n/a	1.0	2	328135	n/a
640.90625	n/a	0.0	1	328144	n/a
640.921875	n/a	0.0	1	328152	n/a
640.939453125	n/a	1.0	2	328161	n/a
640.955078125	n/a	1.0	2	328169	n/a
640.97265625	n/a	0.0	1	328178	n/a
640.98828125	n/a	0.0	1	328186	n/a
641.005859375	n/a	1.0	2	328195	n/a
641.021484375	n/a	1.0	2	328203	n/a
641.0390625	n/a	0.0	1	328212	n/a
641.056640625	n/a	1.0	2	328221	n/a
641.072265625	n/a	0.0	1	328229	n/a
641.08984375	n/a	0.0	1	328238	n/a
641.10546875	n/a	1.0	2	328246	n/a
641.123046875	n/a	0.0	1	328255	n/a
641.138671875	n/a	1.0	2	328263	n/a
641.15625	n/a	0.0	1	328272	n/a
641.171875	n/a	1.0	2	328280	n/a
641.189453125	n/a	0.0	1	328289	n/a
641.205078125	n/a	1.0	2	328297	n/a
641.22265625	n/a	1.0	2	328306	n/a
641.23828125	n/a	0.0	1	328314	n/a
641.255859375	n/a	0.0	1	328323	n/a
641.271484375	n/a	1.0	2	328331	n/a
641.2890625	n/a	0.0	1	328340	n/a
641.306640625	n/a	1.0	2	328349	n/a
641.322265625	n/a	1.0	2	328357	n/a
641.33984375	n/a	0.0	1	328366	n/a
641.35546875	n/a	1.0	2	328374	n/a
641.373046875	n/a	0.0	1	328383	n/a
641.388671875	n/a	0.0	1	328391	n/a
641.40625	n/a	1.0	2	328400	n/a
641.421875	n/a	0.0	1	328408	n/a
641.439453125	n/a	1.0	2	328417	n/a
641.455078125	n/a	0.0	1	328425	n/a
641.47265625	n/a	1.0	2	328434	n/a
641.48828125	n/a	0.0	1	328442	n/a
641.505859375	n/a	1.0	2	328451	n/a
641.521484375	n/a	0.0	1	328459	n/a
641.5390625	n/a	1.0	2	328468	n/a
641.556640625	n/a	1.0	2	328477	n/a
641.572265625	n/a	0.0	1	328485	n/a
641.58984375	n/a	0.0	1	328494	n/a
641.60546875	n/a	1.0	2	328502	n/a
641.623046875	n/a	0.0	1	328511	n/a
641.638671875	n/a	1.0	2	328519	n/a
641.65625	n/a	1.0	2	328528	n/a
641.671875	n/a	0.0	1	328536	n/a
641.689453125	n/a	1.0	2	328545	n/a
641.705078125	n/a	0.0	1	328553	n/a
641.72265625	n/a	1.0	2	328562	n/a
641.73828125	n/a	0.0	1	328570	n/a
641.755859375	n/a	1.0	2	328579	n/a
641.771484375	n/a	0.0	1	328587	n/a
641.7890625	n/a	1.0	2	328596	n/a
641.806640625	n/a	0.0	1	328605	n/a
641.822265625	n/a	1.0	2	328613	n/a
641.83984375	n/a	0.0	1	328622	n/a
641.85546875	n/a	1.0	2	328630	n/a
641.873046875	n/a	0.0	1	328639	n/a
641.888671875	n/a	1.0	2	328647	n/a
641.90625	n/a	0.0	1	328656	n/a
641.921875	n/a	1.0	2	328664	n/a
641.939453125	n/a	0.0	1	328673	n/a
641.955078125	n/a	1.0	2	328681	n/a
641.97265625	n/a	0.0	1	328690	n/a
641.98828125	n/a	0.0	1	328698	n/a
642.005859375	n/a	1.0	2	328707	n/a
642.021484375	n/a	1.0	2	328715	n/a
642.0390625	n/a	0.0	1	328724	n/a
642.056640625	n/a	0.0	1	328733	n/a
642.072265625	n/a	1.0	2	328741	n/a
642.08984375	n/a	1.0	2	328750	n/a
642.10546875	n/a	0.0	1	328758	n/a
642.123046875	n/a	0.0	1	328767	n/a
642.138671875	n/a	1.0	2	328775	n/a
642.15625	n/a	0.0	1	328784	n/a
642.171875	n/a	1.0	2	328792	n/a
642.189453125	n/a	1.0	2	328801	n/a
642.205078125	n/a	0.0	1	328809	n/a
642.22265625	n/a	0.0	1	328818	n/a
642.23828125	n/a	1.0	2	328826	n/a
642.255859375	n/a	1.0	2	328835	n/a
642.271484375	n/a	0.0	1	328843	n/a
642.2890625	n/a	1.0	2	328852	n/a
642.306640625	n/a	0.0	1	328861	n/a
642.322265625	n/a	0.0	1	328869	n/a
642.33984375	n/a	1.0	2	328878	n/a
642.35546875	n/a	0.0	1	328886	n/a
642.373046875	n/a	1.0	2	328895	n/a
642.388671875	n/a	1.0	2	328903	n/a
642.40625	n/a	0.0	1	328912	n/a
642.421875	n/a	0.0	1	328920	n/a
642.439453125	n/a	1.0	2	328929	n/a
642.455078125	n/a	0.0	1	328937	n/a
642.47265625	n/a	1.0	2	328946	n/a
642.48828125	n/a	1.0	2	328954	n/a
642.505859375	n/a	0.0	1	328963	n/a
642.521484375	n/a	1.0	2	328971	n/a
642.5390625	n/a	0.0	1	328980	n/a
642.556640625	n/a	1.0	2	328989	n/a
642.572265625	n/a	0.0	1	328997	n/a
642.58984375	n/a	1.0	2	329006	n/a
642.60546875	n/a	0.0	1	329014	n/a
642.623046875	n/a	0.0	1	329023	n/a
642.638671875	n/a	1.0	2	329031	n/a
642.65625	n/a	1.0	2	329040	n/a
642.671875	n/a	0.0	1	329048	n/a
642.689453125	n/a	0.0	1	329057	n/a
642.705078125	n/a	1.0	2	329065	n/a
642.72265625	n/a	0.0	1	329074	n/a
642.73828125	n/a	1.0	2	329082	n/a
642.755859375	n/a	1.0	2	329091	n/a
642.771484375	n/a	0.0	1	329099	n/a
642.7890625	n/a	1.0	2	329108	n/a
642.806640625	n/a	0.0	1	329117	n/a
642.822265625	n/a	0.0	1	329125	n/a
642.83984375	n/a	1.0	2	329134	n/a
642.85546875	n/a	0.0	1	329142	n/a
642.873046875	n/a	1.0	2	329151	n/a
642.888671875	n/a	1.0	2	329159	n/a
642.90625	n/a	0.0	1	329168	n/a
642.921875	n/a	0.0	1	329176	n/a
642.939453125	n/a	1.0	2	329185	n/a
642.955078125	n/a	0.0	1	329193	n/a
642.97265625	n/a	1.0	2	329202	n/a
642.98828125	n/a	1.0	2	329210	n/a
643.005859375	n/a	0.0	1	329219	n/a
643.021484375	n/a	0.0	1	329227	n/a
643.0390625	n/a	1.0	2	329236	n/a
643.056640625	n/a	1.0	2	329245	n/a
643.072265625	n/a	0.0	1	329253	n/a
643.08984375	n/a	0.0	1	329262	n/a
643.10546875	n/a	1.0	2	329270	n/a
643.123046875	n/a	1.0	2	329279	n/a
643.138671875	n/a	0.0	1	329287	n/a
643.15625	n/a	1.0	2	329296	n/a
643.171875	n/a	0.0	1	329304	n/a
643.189453125	n/a	0.0	1	329313	n/a
643.205078125	n/a	1.0	2	329321	n/a
643.22265625	n/a	0.0	1	329330	n/a
643.23828125	n/a	1.0	2	329338	n/a
643.255859375	n/a	0.0	1	329347	n/a
643.271484375	n/a	1.0	2	329355	n/a
643.2890625	n/a	0.0	1	329364	n/a
643.306640625	n/a	1.0	2	329373	n/a
643.322265625	n/a	1.0	2	329381	n/a
643.33984375	n/a	0.0	1	329390	n/a
643.35546875	n/a	0.0	1	329398	n/a
643.373046875	n/a	1.0	2	329407	n/a
643.388671875	n/a	0.0	1	329415	n/a
643.40625	n/a	1.0	2	329424	n/a
643.421875	n/a	1.0	2	329432	n/a
643.439453125	n/a	0.0	1	329441	n/a
643.455078125	n/a	1.0	2	329449	n/a
643.47265625	n/a	0.0	1	329458	n/a
643.48828125	n/a	0.0	1	329466	n/a
643.505859375	n/a	1.0	2	329475	n/a
643.521484375	n/a	0.0	1	329483	n/a
643.5390625	n/a	1.0	2	329492	n/a
643.556640625	n/a	0.0	1	329501	n/a
643.572265625	n/a	1.0	2	329509	n/a
643.58984375	n/a	0.0	1	329518	n/a
643.60546875	n/a	1.0	2	329526	n/a
643.623046875	n/a	0.0	1	329535	n/a
643.638671875	n/a	1.0	2	329543	n/a
643.65625	n/a	1.0	2	329552	n/a
643.671875	n/a	0.0	1	329560	n/a
643.689453125	n/a	0.0	1	329569	n/a
643.705078125	n/a	1.0	2	329577	n/a
643.72265625	n/a	0.0	1	329586	n/a
643.73828125	n/a	1.0	2	329594	n/a
643.755859375	n/a	1.0	2	329603	n/a
643.771484375	n/a	0.0	1	329611	n/a
643.7890625	n/a	1.0	2	329620	n/a
643.806640625	n/a	0.0	1	329629	n/a
643.822265625	n/a	1.0	2	329637	n/a
643.83984375	n/a	0.0	1	329646	n/a
643.85546875	n/a	1.0	2	329654	n/a
643.873046875	n/a	0.0	1	329663	n/a
643.888671875	n/a	1.0	2	329671	n/a
643.90625	n/a	0.0	1	329680	n/a
643.921875	n/a	1.0	2	329688	n/a
643.939453125	n/a	0.0	1	329697	n/a
643.955078125	n/a	1.0	2	329705	n/a
643.97265625	n/a	0.0	1	329714	n/a
643.98828125	n/a	1.0	2	329722	n/a
644.005859375	n/a	0.0	1	329731	n/a
644.021484375	n/a	1.0	2	329739	n/a
644.0390625	n/a	0.0	1	329748	n/a
644.056640625	n/a	1.0	2	329757	n/a
644.072265625	n/a	0.0	1	329765	n/a
644.08984375	n/a	0.0	1	329774	n/a
644.10546875	n/a	1.0	2	329782	n/a
644.123046875	n/a	1.0	2	329791	n/a
644.138671875	n/a	0.0	1	329799	n/a
644.15625	n/a	0.0	1	329808	n/a
644.171875	n/a	1.0	2	329816	n/a
644.189453125	n/a	1.0	2	329825	n/a
644.205078125	n/a	0.0	1	329833	n/a
644.22265625	n/a	0.0	1	329842	n/a
644.23828125	n/a	1.0	2	329850	n/a
644.255859375	n/a	0.0	1	329859	n/a
644.271484375	n/a	1.0	2	329867	n/a
644.2890625	n/a	1.0	2	329876	n/a
644.306640625	n/a	0.0	1	329885	n/a
644.322265625	n/a	0.0	1	329893	n/a
644.33984375	n/a	1.0	2	329902	n/a
644.35546875	n/a	1.0	2	329910	n/a
644.373046875	n/a	0.0	1	329919	n/a
644.388671875	n/a	1.0	2	329927	n/a
644.40625	n/a	0.0	1	329936	n/a
644.421875	n/a	0.0	1	329944	n/a
644.439453125	n/a	1.0	2	329953	n/a
644.455078125	n/a	0.0	1	329961	n/a
644.47265625	n/a	1.0	2	329970	n/a
644.48828125	n/a	1.0	2	329978	n/a
644.505859375	n/a	0.0	1	329987	n/a
644.521484375	n/a	0.0	1	329995	n/a
644.5390625	n/a	1.0	2	330004	n/a
644.556640625	n/a	0.0	1	330013	n/a
644.572265625	n/a	1.0	2	330021	n/a
644.58984375	n/a	1.0	2	330030	n/a
644.60546875	n/a	0.0	1	330038	n/a
644.623046875	n/a	1.0	2	330047	n/a
644.638671875	n/a	0.0	1	330055	n/a
644.65625	n/a	1.0	2	330064	n/a
644.671875	n/a	0.0	1	330072	n/a
644.689453125	n/a	1.0	2	330081	n/a
644.705078125	n/a	0.0	1	330089	n/a
644.72265625	n/a	0.0	1	330098	n/a
644.73828125	n/a	1.0	2	330106	n/a
644.755859375	n/a	1.0	2	330115	n/a
644.771484375	n/a	0.0	1	330123	n/a
644.7890625	n/a	0.0	1	330132	n/a
644.806640625	n/a	1.0	2	330141	n/a
644.822265625	n/a	0.0	1	330149	n/a
644.83984375	n/a	1.0	2	330158	n/a
644.85546875	n/a	1.0	2	330166	n/a
644.873046875	n/a	0.0	1	330175	n/a
644.888671875	n/a	1.0	2	330183	n/a
644.90625	n/a	0.0	1	330192	n/a
644.921875	n/a	0.0	1	330200	n/a
644.939453125	n/a	1.0	2	330209	n/a
644.955078125	n/a	0.0	1	330217	n/a
644.97265625	n/a	1.0	2	330226	n/a
644.98828125	n/a	1.0	2	330234	n/a
645.005859375	n/a	0.0	1	330243	n/a
645.021484375	n/a	0.0	1	330251	n/a
645.0390625	n/a	1.0	2	330260	n/a
645.056640625	n/a	0.0	1	330269	n/a
645.072265625	n/a	1.0	2	330277	n/a
645.08984375	n/a	1.0	2	330286	n/a
645.10546875	n/a	0.0	1	330294	n/a
645.123046875	n/a	0.0	1	330303	n/a
645.138671875	n/a	1.0	2	330311	n/a
645.15625	n/a	1.0	2	330320	n/a
645.171875	n/a	0.0	1	330328	n/a
645.189453125	n/a	0.0	1	330337	n/a
645.205078125	n/a	1.0	2	330345	n/a
645.22265625	n/a	1.0	2	330354	n/a
645.23828125	n/a	0.0	1	330362	n/a
645.255859375	n/a	1.0	2	330371	n/a
645.271484375	n/a	0.0	1	330379	n/a
645.2890625	n/a	0.0	1	330388	n/a
645.306640625	n/a	1.0	2	330397	n/a
645.322265625	n/a	0.0	1	330405	n/a
645.33984375	n/a	1.0	2	330414	n/a
645.35546875	n/a	0.0	1	330422	n/a
645.373046875	n/a	1.0	2	330431	n/a
645.388671875	n/a	0.0	1	330439	n/a
645.40625	n/a	1.0	2	330448	n/a
645.421875	n/a	1.0	2	330456	n/a
645.439453125	n/a	0.0	1	330465	n/a
645.455078125	n/a	0.0	1	330473	n/a
645.47265625	n/a	1.0	2	330482	n/a
645.48828125	n/a	0.0	1	330490	n/a
645.505859375	n/a	1.0	2	330499	n/a
645.521484375	n/a	1.0	2	330507	n/a
645.5390625	n/a	0.0	1	330516	n/a
645.556640625	n/a	1.0	2	330525	n/a
645.572265625	n/a	0.0	1	330533	n/a
645.58984375	n/a	0.0	1	330542	n/a
645.60546875	n/a	1.0	2	330550	n/a
645.623046875	n/a	0.0	1	330559	n/a
645.638671875	n/a	1.0	2	330567	n/a
645.65625	n/a	0.0	1	330576	n/a
645.671875	n/a	1.0	2	330584	n/a
645.689453125	n/a	0.0	1	330593	n/a
645.705078125	n/a	1.0	2	330601	n/a
645.72265625	n/a	0.0	1	330610	n/a
645.73828125	n/a	1.0	2	330618	n/a
645.755859375	n/a	1.0	2	330627	n/a
645.771484375	n/a	0.0	1	330635	n/a
645.7890625	n/a	0.0	1	330644	n/a
645.806640625	n/a	1.0	2	330653	n/a
645.822265625	n/a	0.0	1	330661	n/a
645.83984375	n/a	1.0	2	330670	n/a
645.85546875	n/a	1.0	2	330678	n/a
645.873046875	n/a	0.0	1	330687	n/a
645.888671875	n/a	1.0	2	330695	n/a
645.90625	n/a	0.0	1	330704	n/a
645.921875	n/a	1.0	2	330712	n/a
645.939453125	n/a	0.0	1	330721	n/a
645.955078125	n/a	1.0	2	330729	n/a
645.97265625	n/a	0.0	1	330738	n/a
645.98828125	n/a	1.0	2	330746	n/a
646.005859375	n/a	0.0	1	330755	n/a
646.021484375	n/a	1.0	2	330763	n/a
646.0390625	n/a	0.0	1	330772	n/a
646.056640625	n/a	1.0	2	330781	n/a
646.072265625	n/a	0.0	1	330789	n/a
646.08984375	n/a	1.0	2	330798	n/a
646.10546875	n/a	0.0	1	330806	n/a
646.123046875	n/a	1.0	2	330815	n/a
646.138671875	n/a	0.0	1	330823	n/a
646.15625	n/a	1.0	2	330832	n/a
646.171875	n/a	0.0	1	330840	n/a
646.189453125	n/a	0.0	1	330849	n/a
646.205078125	n/a	1.0	2	330857	n/a
646.22265625	n/a	1.0	2	330866	n/a
646.23828125	n/a	0.0	1	330874	n/a
646.255859375	n/a	0.0	1	330883	n/a
646.271484375	n/a	1.0	2	330891	n/a
646.2890625	n/a	1.0	2	330900	n/a
646.306640625	n/a	0.0	1	330909	n/a
646.322265625	n/a	0.0	1	330917	n/a
646.33984375	n/a	1.0	2	330926	n/a
646.35546875	n/a	0.0	1	330934	n/a
646.373046875	n/a	1.0	2	330943	n/a
646.388671875	n/a	1.0	2	330951	n/a
646.40625	n/a	0.0	1	330960	n/a
646.421875	n/a	0.0	1	330968	n/a
646.439453125	n/a	1.0	2	330977	n/a
646.455078125	n/a	1.0	2	330985	n/a
646.47265625	n/a	0.0	1	330994	n/a
646.48828125	n/a	1.0	2	331002	n/a
646.505859375	n/a	0.0	1	331011	n/a
646.521484375	n/a	0.0	1	331019	n/a
646.5390625	n/a	1.0	2	331028	n/a
646.556640625	n/a	0.0	1	331037	n/a
646.572265625	n/a	1.0	2	331045	n/a
646.58984375	n/a	1.0	2	331054	n/a
646.60546875	n/a	0.0	1	331062	n/a
646.623046875	n/a	0.0	1	331071	n/a
646.638671875	n/a	1.0	2	331079	n/a
646.65625	n/a	0.0	1	331088	n/a
646.671875	n/a	1.0	2	331096	n/a
646.689453125	n/a	1.0	2	331105	n/a
646.705078125	n/a	0.0	1	331113	n/a
646.72265625	n/a	1.0	2	331122	n/a
646.73828125	n/a	0.0	1	331130	n/a
646.755859375	n/a	1.0	2	331139	n/a
646.771484375	n/a	0.0	1	331147	n/a
646.7890625	n/a	1.0	2	331156	n/a
646.806640625	n/a	0.0	1	331165	n/a
646.822265625	n/a	0.0	1	331173	n/a
646.83984375	n/a	1.0	2	331182	n/a
646.85546875	n/a	1.0	2	331190	n/a
646.873046875	n/a	0.0	1	331199	n/a
646.888671875	n/a	0.0	1	331207	n/a
646.90625	n/a	1.0	2	331216	n/a
646.921875	n/a	0.0	1	331224	n/a
646.939453125	n/a	1.0	2	331233	n/a
646.955078125	n/a	1.0	2	331241	n/a
646.97265625	n/a	0.0	1	331250	n/a
646.98828125	n/a	1.0	2	331258	n/a
647.005859375	n/a	0.0	1	331267	n/a
647.021484375	n/a	0.0	1	331275	n/a
647.0390625	n/a	1.0	2	331284	n/a
647.056640625	n/a	0.0	1	331293	n/a
647.072265625	n/a	1.0	2	331301	n/a
647.08984375	n/a	1.0	2	331310	n/a
647.10546875	n/a	0.0	1	331318	n/a
647.123046875	n/a	0.0	1	331327	n/a
647.138671875	n/a	1.0	2	331335	n/a
647.15625	n/a	0.0	1	331344	n/a
647.171875	n/a	1.0	2	331352	n/a
647.189453125	n/a	1.0	2	331361	n/a
647.205078125	n/a	0.0	1	331369	n/a
647.22265625	n/a	0.0	1	331378	n/a
647.23828125	n/a	1.0	2	331386	n/a
647.255859375	n/a	1.0	2	331395	n/a
647.271484375	n/a	0.0	1	331403	n/a
647.2890625	n/a	0.0	1	331412	n/a
647.306640625	n/a	1.0	2	331421	n/a
647.322265625	n/a	1.0	2	331429	n/a
647.33984375	n/a	0.0	1	331438	n/a
647.35546875	n/a	1.0	2	331446	n/a
647.373046875	n/a	0.0	1	331455	n/a
647.388671875	n/a	0.0	1	331463	n/a
647.40625	n/a	1.0	2	331472	n/a
647.421875	n/a	0.0	1	331480	n/a
647.439453125	n/a	1.0	2	331489	n/a
647.455078125	n/a	0.0	1	331497	n/a
647.47265625	n/a	1.0	2	331506	n/a
647.48828125	n/a	0.0	1	331514	n/a
647.505859375	n/a	1.0	2	331523	n/a
647.521484375	n/a	1.0	2	331531	n/a
647.5390625	n/a	0.0	1	331540	n/a
647.556640625	n/a	0.0	1	331549	n/a
647.572265625	n/a	1.0	2	331557	n/a
647.58984375	n/a	0.0	1	331566	n/a
647.60546875	n/a	1.0	2	331574	n/a
647.623046875	n/a	1.0	2	331583	n/a
647.638671875	n/a	0.0	1	331591	n/a
647.65625	n/a	1.0	2	331600	n/a
647.671875	n/a	0.0	1	331608	n/a
647.689453125	n/a	0.0	1	331617	n/a
647.705078125	n/a	1.0	2	331625	n/a
647.72265625	n/a	0.0	1	331634	n/a
647.73828125	n/a	1.0	2	331642	n/a
647.755859375	n/a	0.0	1	331651	n/a
647.771484375	n/a	1.0	2	331659	n/a
647.7890625	n/a	0.0	1	331668	n/a
647.806640625	n/a	1.0	2	331677	n/a
647.822265625	n/a	0.0	1	331685	n/a
647.83984375	n/a	1.0	2	331694	n/a
647.85546875	n/a	1.0	2	331702	n/a
647.873046875	n/a	0.0	1	331711	n/a
647.888671875	n/a	0.0	1	331719	n/a
647.90625	n/a	1.0	2	331728	n/a
647.921875	n/a	0.0	1	331736	n/a
647.939453125	n/a	1.0	2	331745	n/a
647.955078125	n/a	1.0	2	331753	n/a
647.97265625	n/a	0.0	1	331762	n/a
647.98828125	n/a	1.0	2	331770	n/a
648.005859375	n/a	0.0	1	331779	n/a
648.021484375	n/a	1.0	2	331787	n/a
648.0390625	n/a	0.0	1	331796	n/a
648.056640625	n/a	1.0	2	331805	n/a
648.072265625	n/a	0.0	1	331813	n/a
648.08984375	n/a	1.0	2	331822	n/a
648.10546875	n/a	0.0	1	331830	n/a
648.123046875	n/a	1.0	2	331839	n/a
648.138671875	n/a	0.0	1	331847	n/a
648.15625	n/a	1.0	2	331856	n/a
648.171875	n/a	0.0	1	331864	n/a
648.189453125	n/a	1.0	2	331873	n/a
648.205078125	n/a	0.0	1	331881	n/a
648.22265625	n/a	1.0	2	331890	n/a
648.23828125	n/a	0.0	1	331898	n/a
648.255859375	n/a	1.0	2	331907	n/a
648.271484375	n/a	0.0	1	331915	n/a
648.2890625	n/a	0.0	1	331924	n/a
648.306640625	n/a	1.0	2	331933	n/a
648.322265625	n/a	1.0	2	331941	n/a
648.33984375	n/a	0.0	1	331950	n/a
648.35546875	n/a	0.0	1	331958	n/a
648.373046875	n/a	1.0	2	331967	n/a
648.388671875	n/a	1.0	2	331975	n/a
648.40625	n/a	0.0	1	331984	n/a
648.421875	n/a	0.0	1	331992	n/a
648.439453125	n/a	1.0	2	332001	n/a
648.455078125	n/a	0.0	1	332009	n/a
648.47265625	n/a	1.0	2	332018	n/a
648.48828125	n/a	1.0	2	332026	n/a
648.505859375	n/a	0.0	1	332035	n/a
648.521484375	n/a	0.0	1	332043	n/a
648.5390625	n/a	1.0	2	332052	n/a
648.556640625	n/a	1.0	2	332061	n/a
648.572265625	n/a	0.0	1	332069	n/a
648.58984375	n/a	1.0	2	332078	n/a
648.60546875	n/a	0.0	1	332086	n/a
648.623046875	n/a	0.0	1	332095	n/a
648.638671875	n/a	1.0	2	332103	n/a
648.65625	n/a	0.0	1	332112	n/a
648.671875	n/a	1.0	2	332120	n/a
648.689453125	n/a	1.0	2	332129	n/a
648.705078125	n/a	0.0	1	332137	n/a
648.72265625	n/a	0.0	1	332146	n/a
648.73828125	n/a	1.0	2	332154	n/a
648.755859375	n/a	0.0	1	332163	n/a
648.771484375	n/a	1.0	2	332171	n/a
648.7890625	n/a	1.0	2	332180	n/a
648.806640625	n/a	0.0	1	332189	n/a
648.822265625	n/a	1.0	2	332197	n/a
648.83984375	n/a	0.0	1	332206	n/a
648.85546875	n/a	1.0	2	332214	n/a
648.873046875	n/a	0.0	1	332223	n/a
648.888671875	n/a	1.0	2	332231	n/a
648.90625	n/a	0.0	1	332240	n/a
648.921875	n/a	0.0	1	332248	n/a
648.939453125	n/a	1.0	2	332257	n/a
648.955078125	n/a	1.0	2	332265	n/a
648.97265625	n/a	0.0	1	332274	n/a
648.98828125	n/a	0.0	1	332282	n/a
649.005859375	n/a	1.0	2	332291	n/a
649.021484375	n/a	0.0	1	332299	n/a
649.0390625	n/a	1.0	2	332308	n/a
649.056640625	n/a	1.0	2	332317	n/a
649.072265625	n/a	0.0	1	332325	n/a
649.08984375	n/a	1.0	2	332334	n/a
649.10546875	n/a	0.0	1	332342	n/a
649.123046875	n/a	0.0	1	332351	n/a
649.138671875	n/a	1.0	2	332359	n/a
649.15625	n/a	0.0	1	332368	n/a
649.171875	n/a	1.0	2	332376	n/a
649.189453125	n/a	1.0	2	332385	n/a
649.205078125	n/a	0.0	1	332393	n/a
649.22265625	n/a	0.0	1	332402	n/a
649.23828125	n/a	1.0	2	332410	n/a
649.255859375	n/a	0.0	1	332419	n/a
649.271484375	n/a	1.0	2	332427	n/a
649.2890625	n/a	1.0	2	332436	n/a
649.306640625	n/a	0.0	1	332445	n/a
649.322265625	n/a	0.0	1	332453	n/a
649.33984375	n/a	1.0	2	332462	n/a
649.35546875	n/a	1.0	2	332470	n/a
649.373046875	n/a	0.0	1	332479	n/a
649.388671875	n/a	0.0	1	332487	n/a
649.40625	n/a	1.0	2	332496	n/a
649.421875	n/a	1.0	2	332504	n/a
649.439453125	n/a	0.0	1	332513	n/a
649.455078125	n/a	1.0	2	332521	n/a
649.47265625	n/a	0.0	1	332530	n/a
649.48828125	n/a	0.0	1	332538	n/a
649.505859375	n/a	1.0	2	332547	n/a
649.521484375	n/a	0.0	1	332555	n/a
649.5390625	n/a	1.0	2	332564	n/a
649.556640625	n/a	0.0	1	332573	n/a
649.572265625	n/a	1.0	2	332581	n/a
649.58984375	n/a	0.0	1	332590	n/a
649.60546875	n/a	1.0	2	332598	n/a
649.623046875	n/a	1.0	2	332607	n/a
649.638671875	n/a	0.0	1	332615	n/a
649.65625	n/a	0.0	1	332624	n/a
649.671875	n/a	1.0	2	332632	n/a
649.689453125	n/a	0.0	1	332641	n/a
649.705078125	n/a	1.0	2	332649	n/a
649.72265625	n/a	1.0	2	332658	n/a
649.73828125	n/a	0.0	1	332666	n/a
649.755859375	n/a	1.0	2	332675	n/a
649.771484375	n/a	0.0	1	332683	n/a
649.7890625	n/a	0.0	1	332692	n/a
649.806640625	n/a	1.0	2	332701	n/a
649.822265625	n/a	0.0	1	332709	n/a
649.83984375	n/a	1.0	2	332718	n/a
649.85546875	n/a	0.0	1	332726	n/a
649.873046875	n/a	1.0	2	332735	n/a
649.888671875	n/a	0.0	1	332743	n/a
649.90625	n/a	1.0	2	332752	n/a
649.921875	n/a	0.0	1	332760	n/a
649.939453125	n/a	1.0	2	332769	n/a
649.955078125	n/a	1.0	2	332777	n/a
649.97265625	n/a	0.0	1	332786	n/a
649.98828125	n/a	0.0	1	332794	n/a
650.005859375	n/a	1.0	2	332803	n/a
650.021484375	n/a	0.0	1	332811	n/a
650.0390625	n/a	1.0	2	332820	n/a
650.056640625	n/a	1.0	2	332829	n/a
650.072265625	n/a	0.0	1	332837	n/a
650.08984375	n/a	1.0	2	332846	n/a
650.10546875	n/a	0.0	1	332854	n/a
650.123046875	n/a	1.0	2	332863	n/a
650.138671875	n/a	0.0	1	332871	n/a
650.15625	n/a	1.0	2	332880	n/a
650.171875	n/a	0.0	1	332888	n/a
650.189453125	n/a	1.0	2	332897	n/a
650.205078125	n/a	0.0	1	332905	n/a
650.22265625	n/a	1.0	2	332914	n/a
650.23828125	n/a	0.0	1	332922	n/a
650.255859375	n/a	1.0	2	332931	n/a
650.271484375	n/a	0.0	1	332939	n/a
650.2890625	n/a	1.0	2	332948	n/a
650.306640625	n/a	0.0	1	332957	n/a
650.322265625	n/a	1.0	2	332965	n/a
650.33984375	n/a	0.0	1	332974	n/a
650.35546875	n/a	1.0	2	332982	n/a
650.373046875	n/a	0.0	1	332991	n/a
650.388671875	n/a	0.0	1	332999	n/a
650.40625	n/a	1.0	2	333008	n/a
650.421875	n/a	1.0	2	333016	n/a
650.439453125	n/a	0.0	1	333025	n/a
650.455078125	n/a	0.0	1	333033	n/a
650.47265625	n/a	1.0	2	333042	n/a
650.48828125	n/a	1.0	2	333050	n/a
650.505859375	n/a	0.0	1	333059	n/a
650.521484375	n/a	0.0	1	333067	n/a
650.5390625	n/a	1.0	2	333076	n/a
650.556640625	n/a	0.0	1	333085	n/a
650.572265625	n/a	1.0	2	333093	n/a
650.58984375	n/a	1.0	2	333102	n/a
650.60546875	n/a	0.0	1	333110	n/a
650.623046875	n/a	0.0	1	333119	n/a
650.638671875	n/a	1.0	2	333127	n/a
650.65625	n/a	1.0	2	333136	n/a
650.671875	n/a	0.0	1	333144	n/a
650.689453125	n/a	1.0	2	333153	n/a
650.705078125	n/a	0.0	1	333161	n/a
650.72265625	n/a	0.0	1	333170	n/a
650.73828125	n/a	1.0	2	333178	n/a
650.755859375	n/a	0.0	1	333187	n/a
650.771484375	n/a	1.0	2	333195	n/a
650.7890625	n/a	1.0	2	333204	n/a
650.806640625	n/a	0.0	1	333213	n/a
650.822265625	n/a	0.0	1	333221	n/a
650.83984375	n/a	1.0	2	333230	n/a
650.85546875	n/a	0.0	1	333238	n/a
650.873046875	n/a	1.0	2	333247	n/a
650.888671875	n/a	1.0	2	333255	n/a
650.90625	n/a	0.0	1	333264	n/a
650.921875	n/a	1.0	2	333272	n/a
650.939453125	n/a	0.0	1	333281	n/a
650.955078125	n/a	1.0	2	333289	n/a
650.97265625	n/a	0.0	1	333298	n/a
650.98828125	n/a	1.0	2	333306	n/a
651.005859375	n/a	0.0	1	333315	n/a
651.021484375	n/a	0.0	1	333323	n/a
651.0390625	n/a	1.0	2	333332	n/a
651.056640625	n/a	1.0	2	333341	n/a
651.072265625	n/a	0.0	1	333349	n/a
651.08984375	n/a	0.0	1	333358	n/a
651.10546875	n/a	1.0	2	333366	n/a
651.123046875	n/a	0.0	1	333375	n/a
651.138671875	n/a	1.0	2	333383	n/a
651.15625	n/a	1.0	2	333392	n/a
651.171875	n/a	0.0	1	333400	n/a
651.189453125	n/a	1.0	2	333409	n/a
651.205078125	n/a	0.0	1	333417	n/a
651.22265625	n/a	0.0	1	333426	n/a
651.23828125	n/a	1.0	2	333434	n/a
651.255859375	n/a	0.0	1	333443	n/a
651.271484375	n/a	1.0	2	333451	n/a
651.2890625	n/a	1.0	2	333460	n/a
651.306640625	n/a	0.0	1	333469	n/a
651.322265625	n/a	0.0	1	333477	n/a
651.33984375	n/a	1.0	2	333486	n/a
651.35546875	n/a	0.0	1	333494	n/a
651.373046875	n/a	1.0	2	333503	n/a
651.388671875	n/a	1.0	2	333511	n/a
651.40625	n/a	0.0	1	333520	n/a
651.421875	n/a	0.0	1	333528	n/a
651.439453125	n/a	1.0	2	333537	n/a
651.455078125	n/a	1.0	2	333545	n/a
651.47265625	n/a	0.0	1	333554	n/a
651.48828125	n/a	0.0	1	333562	n/a
651.505859375	n/a	1.0	2	333571	n/a
651.521484375	n/a	1.0	2	333579	n/a
651.5390625	n/a	0.0	1	333588	n/a
651.556640625	n/a	1.0	2	333597	n/a
651.572265625	n/a	0.0	1	333605	n/a
651.58984375	n/a	0.0	1	333614	n/a
651.60546875	n/a	1.0	2	333622	n/a
651.623046875	n/a	0.0	1	333631	n/a
651.638671875	n/a	1.0	2	333639	n/a
651.65625	n/a	0.0	1	333648	n/a
651.671875	n/a	1.0	2	333656	n/a
651.689453125	n/a	0.0	1	333665	n/a
651.705078125	n/a	1.0	2	333673	n/a
651.72265625	n/a	1.0	2	333682	n/a
651.73828125	n/a	0.0	1	333690	n/a
651.755859375	n/a	0.0	1	333699	n/a
651.771484375	n/a	1.0	2	333707	n/a
651.7890625	n/a	0.0	1	333716	n/a
651.806640625	n/a	1.0	2	333725	n/a
651.822265625	n/a	1.0	2	333733	n/a
651.83984375	n/a	0.0	1	333742	n/a
651.85546875	n/a	1.0	2	333750	n/a
651.873046875	n/a	0.0	1	333759	n/a
651.888671875	n/a	0.0	1	333767	n/a
651.90625	n/a	1.0	2	333776	n/a
651.921875	n/a	0.0	1	333784	n/a
651.939453125	n/a	1.0	2	333793	n/a
651.955078125	n/a	0.0	1	333801	n/a
651.97265625	n/a	1.0	2	333810	n/a
651.98828125	n/a	0.0	1	333818	n/a
652.005859375	n/a	1.0	2	333827	n/a
652.021484375	n/a	0.0	1	333835	n/a
652.0390625	n/a	1.0	2	333844	n/a
652.056640625	n/a	1.0	2	333853	n/a
652.072265625	n/a	0.0	1	333861	n/a
652.08984375	n/a	0.0	1	333870	n/a
652.10546875	n/a	1.0	2	333878	n/a
652.123046875	n/a	0.0	1	333887	n/a
652.138671875	n/a	1.0	2	333895	n/a
652.15625	n/a	1.0	2	333904	n/a
652.171875	n/a	0.0	1	333912	n/a
652.189453125	n/a	1.0	2	333921	n/a
652.205078125	n/a	0.0	1	333929	n/a
652.22265625	n/a	1.0	2	333938	n/a
652.23828125	n/a	0.0	1	333946	n/a
652.255859375	n/a	1.0	2	333955	n/a
652.271484375	n/a	0.0	1	333963	n/a
652.2890625	n/a	1.0	2	333972	n/a
652.306640625	n/a	0.0	1	333981	n/a
652.322265625	n/a	1.0	2	333989	n/a
652.33984375	n/a	0.0	1	333998	n/a
652.35546875	n/a	1.0	2	334006	n/a
652.373046875	n/a	0.0	1	334015	n/a
652.388671875	n/a	1.0	2	334023	n/a
652.40625	n/a	0.0	1	334032	n/a
652.421875	n/a	1.0	2	334040	n/a
652.439453125	n/a	0.0	1	334049	n/a
652.455078125	n/a	1.0	2	334057	n/a
652.47265625	n/a	0.0	1	334066	n/a
652.48828125	n/a	0.0	1	334074	n/a
652.505859375	n/a	1.0	2	334083	n/a
652.521484375	n/a	1.0	2	334091	n/a
652.5390625	n/a	0.0	1	334100	n/a
652.556640625	n/a	0.0	1	334109	n/a
652.572265625	n/a	1.0	2	334117	n/a
652.58984375	n/a	1.0	2	334126	n/a
652.60546875	n/a	0.0	1	334134	n/a
652.623046875	n/a	0.0	1	334143	n/a
652.638671875	n/a	1.0	2	334151	n/a
652.65625	n/a	0.0	1	334160	n/a
652.671875	n/a	1.0	2	334168	n/a
652.689453125	n/a	1.0	2	334177	n/a
652.705078125	n/a	0.0	1	334185	n/a
652.72265625	n/a	0.0	1	334194	n/a
652.73828125	n/a	1.0	2	334202	n/a
652.755859375	n/a	1.0	2	334211	n/a
652.771484375	n/a	0.0	1	334219	n/a
652.7890625	n/a	1.0	2	334228	n/a
652.806640625	n/a	0.0	1	334237	n/a
652.822265625	n/a	0.0	1	334245	n/a
652.83984375	n/a	1.0	2	334254	n/a
652.85546875	n/a	0.0	1	334262	n/a
652.873046875	n/a	1.0	2	334271	n/a
652.888671875	n/a	1.0	2	334279	n/a
652.90625	n/a	0.0	1	334288	n/a
652.921875	n/a	0.0	1	334296	n/a
652.939453125	n/a	1.0	2	334305	n/a
652.955078125	n/a	0.0	1	334313	n/a
652.97265625	n/a	1.0	2	334322	n/a
652.98828125	n/a	1.0	2	334330	n/a
653.005859375	n/a	0.0	1	334339	n/a
653.021484375	n/a	1.0	2	334347	n/a
653.0390625	n/a	0.0	1	334356	n/a
653.056640625	n/a	1.0	2	334365	n/a
653.072265625	n/a	0.0	1	334373	n/a
653.08984375	n/a	1.0	2	334382	n/a
653.10546875	n/a	0.0	1	334390	n/a
653.123046875	n/a	0.0	1	334399	n/a
653.138671875	n/a	1.0	2	334407	n/a
653.15625	n/a	1.0	2	334416	n/a
653.171875	n/a	0.0	1	334424	n/a
653.189453125	n/a	0.0	1	334433	n/a
653.205078125	n/a	1.0	2	334441	n/a
653.22265625	n/a	0.0	1	334450	n/a
653.23828125	n/a	1.0	2	334458	n/a
653.255859375	n/a	1.0	2	334467	n/a
653.271484375	n/a	0.0	1	334475	n/a
653.2890625	n/a	1.0	2	334484	n/a
653.306640625	n/a	0.0	1	334493	n/a
653.322265625	n/a	0.0	1	334501	n/a
653.33984375	n/a	1.0	2	334510	n/a
653.35546875	n/a	0.0	1	334518	n/a
653.373046875	n/a	1.0	2	334527	n/a
653.388671875	n/a	1.0	2	334535	n/a
653.40625	n/a	0.0	1	334544	n/a
653.421875	n/a	0.0	1	334552	n/a
653.439453125	n/a	1.0	2	334561	n/a
653.455078125	n/a	0.0	1	334569	n/a
653.47265625	n/a	1.0	2	334578	n/a
653.48828125	n/a	1.0	2	334586	n/a
653.505859375	n/a	0.0	1	334595	n/a
653.521484375	n/a	0.0	1	334603	n/a
653.5390625	n/a	1.0	2	334612	n/a
653.556640625	n/a	1.0	2	334621	n/a
653.572265625	n/a	0.0	1	334629	n/a
653.58984375	n/a	0.0	1	334638	n/a
653.60546875	n/a	1.0	2	334646	n/a
653.623046875	n/a	1.0	2	334655	n/a
653.638671875	n/a	0.0	1	334663	n/a
653.65625	n/a	1.0	2	334672	n/a
653.671875	n/a	0.0	1	334680	n/a
653.689453125	n/a	0.0	1	334689	n/a
653.705078125	n/a	1.0	2	334697	n/a
653.72265625	n/a	0.0	1	334706	n/a
653.73828125	n/a	1.0	2	334714	n/a
653.755859375	n/a	0.0	1	334723	n/a
653.771484375	n/a	1.0	2	334731	n/a
653.7890625	n/a	0.0	1	334740	n/a
653.806640625	n/a	1.0	2	334749	n/a
653.822265625	n/a	1.0	2	334757	n/a
653.83984375	n/a	0.0	1	334766	n/a
653.85546875	n/a	0.0	1	334774	n/a
653.873046875	n/a	1.0	2	334783	n/a
653.888671875	n/a	0.0	1	334791	n/a
653.90625	n/a	1.0	2	334800	n/a
653.921875	n/a	1.0	2	334808	n/a
653.939453125	n/a	0.0	1	334817	n/a
653.955078125	n/a	1.0	2	334825	n/a
653.97265625	n/a	0.0	1	334834	n/a
653.98828125	n/a	0.0	1	334842	n/a
654.005859375	n/a	1.0	2	334851	n/a
654.021484375	n/a	0.0	1	334859	n/a
654.0390625	n/a	1.0	2	334868	n/a
654.056640625	n/a	0.0	1	334877	n/a
654.072265625	n/a	1.0	2	334885	n/a
654.08984375	n/a	0.0	1	334894	n/a
654.10546875	n/a	1.0	2	334902	n/a
654.123046875	n/a	0.0	1	334911	n/a
654.138671875	n/a	1.0	2	334919	n/a
654.15625	n/a	1.0	2	334928	n/a
654.171875	n/a	0.0	1	334936	n/a
654.189453125	n/a	0.0	1	334945	n/a
654.205078125	n/a	1.0	2	334953	n/a
654.22265625	n/a	0.0	1	334962	n/a
654.23828125	n/a	1.0	2	334970	n/a
654.255859375	n/a	1.0	2	334979	n/a
654.271484375	n/a	0.0	1	334987	n/a
654.2890625	n/a	1.0	2	334996	n/a
654.306640625	n/a	0.0	1	335005	n/a
654.322265625	n/a	1.0	2	335013	n/a
654.33984375	n/a	0.0	1	335022	n/a
654.35546875	n/a	1.0	2	335030	n/a
654.373046875	n/a	0.0	1	335039	n/a
654.388671875	n/a	1.0	2	335047	n/a
654.40625	n/a	0.0	1	335056	n/a
654.421875	n/a	1.0	2	335064	n/a
654.439453125	n/a	0.0	1	335073	n/a
654.455078125	n/a	1.0	2	335081	n/a
654.47265625	n/a	0.0	1	335090	n/a
654.48828125	n/a	1.0	2	335098	n/a
654.505859375	n/a	0.0	1	335107	n/a
654.521484375	n/a	1.0	2	335115	n/a
654.5390625	n/a	0.0	1	335124	n/a
654.556640625	n/a	1.0	2	335133	n/a
654.572265625	n/a	0.0	1	335141	n/a
654.58984375	n/a	0.0	1	335150	n/a
654.60546875	n/a	1.0	2	335158	n/a
654.623046875	n/a	1.0	2	335167	n/a
654.638671875	n/a	0.0	1	335175	n/a
654.65625	n/a	0.0	1	335184	n/a
654.671875	n/a	1.0	2	335192	n/a
654.689453125	n/a	1.0	2	335201	n/a
654.705078125	n/a	0.0	1	335209	n/a
654.72265625	n/a	0.0	1	335218	n/a
654.73828125	n/a	1.0	2	335226	n/a
654.755859375	n/a	0.0	1	335235	n/a
654.771484375	n/a	1.0	2	335243	n/a
654.7890625	n/a	1.0	2	335252	n/a
654.806640625	n/a	0.0	1	335261	n/a
654.822265625	n/a	0.0	1	335269	n/a
654.83984375	n/a	1.0	2	335278	n/a
654.85546875	n/a	1.0	2	335286	n/a
654.873046875	n/a	0.0	1	335295	n/a
654.888671875	n/a	1.0	2	335303	n/a
654.90625	n/a	0.0	1	335312	n/a
654.921875	n/a	0.0	1	335320	n/a
654.939453125	n/a	1.0	2	335329	n/a
654.955078125	n/a	0.0	1	335337	n/a
654.97265625	n/a	1.0	2	335346	n/a
654.98828125	n/a	1.0	2	335354	n/a
655.005859375	n/a	0.0	1	335363	n/a
655.021484375	n/a	0.0	1	335371	n/a
655.0390625	n/a	1.0	2	335380	n/a
655.056640625	n/a	0.0	1	335389	n/a
655.072265625	n/a	1.0	2	335397	n/a
655.08984375	n/a	1.0	2	335406	n/a
655.10546875	n/a	0.0	1	335414	n/a
655.123046875	n/a	1.0	2	335423	n/a
655.138671875	n/a	0.0	1	335431	n/a
655.15625	n/a	1.0	2	335440	n/a
655.171875	n/a	0.0	1	335448	n/a
655.189453125	n/a	1.0	2	335457	n/a
655.205078125	n/a	0.0	1	335465	n/a
655.22265625	n/a	0.0	1	335474	n/a
655.23828125	n/a	1.0	2	335482	n/a
655.255859375	n/a	1.0	2	335491	n/a
655.271484375	n/a	0.0	1	335499	n/a
655.2890625	n/a	0.0	1	335508	n/a
655.306640625	n/a	1.0	2	335517	n/a
655.322265625	n/a	0.0	1	335525	n/a
655.33984375	n/a	1.0	2	335534	n/a
655.35546875	n/a	1.0	2	335542	n/a
655.373046875	n/a	0.0	1	335551	n/a
655.388671875	n/a	1.0	2	335559	n/a
655.40625	n/a	0.0	1	335568	n/a
655.421875	n/a	0.0	1	335576	n/a
655.439453125	n/a	1.0	2	335585	n/a
655.455078125	n/a	0.0	1	335593	n/a
655.47265625	n/a	1.0	2	335602	n/a
655.48828125	n/a	1.0	2	335610	n/a
655.505859375	n/a	0.0	1	335619	n/a
655.521484375	n/a	0.0	1	335627	n/a
655.5390625	n/a	1.0	2	335636	n/a
655.556640625	n/a	0.0	1	335645	n/a
655.572265625	n/a	1.0	2	335653	n/a
655.58984375	n/a	1.0	2	335662	n/a
655.60546875	n/a	0.0	1	335670	n/a
655.623046875	n/a	0.0	1	335679	n/a
655.638671875	n/a	1.0	2	335687	n/a
655.65625	n/a	1.0	2	335696	n/a
655.671875	n/a	0.0	1	335704	n/a
655.689453125	n/a	0.0	1	335713	n/a
655.705078125	n/a	1.0	2	335721	n/a
655.72265625	n/a	1.0	2	335730	n/a
655.73828125	n/a	0.0	1	335738	n/a
655.755859375	n/a	1.0	2	335747	n/a
655.771484375	n/a	0.0	1	335755	n/a
655.7890625	n/a	0.0	1	335764	n/a
655.806640625	n/a	1.0	2	335773	n/a
655.822265625	n/a	0.0	1	335781	n/a
655.83984375	n/a	1.0	2	335790	n/a
655.85546875	n/a	0.0	1	335798	n/a
655.873046875	n/a	1.0	2	335807	n/a
655.888671875	n/a	0.0	1	335815	n/a
655.90625	n/a	1.0	2	335824	n/a
655.921875	n/a	1.0	2	335832	n/a
655.939453125	n/a	0.0	1	335841	n/a
655.955078125	n/a	0.0	1	335849	n/a
655.97265625	n/a	1.0	2	335858	n/a
655.98828125	n/a	0.0	1	335866	n/a
656.005859375	n/a	1.0	2	335875	n/a
656.021484375	n/a	1.0	2	335883	n/a
656.0390625	n/a	0.0	1	335892	n/a
656.056640625	n/a	1.0	2	335901	n/a
656.072265625	n/a	0.0	1	335909	n/a
656.08984375	n/a	0.0	1	335918	n/a
656.10546875	n/a	1.0	2	335926	n/a
656.123046875	n/a	0.0	1	335935	n/a
656.138671875	n/a	1.0	2	335943	n/a
656.15625	n/a	0.0	1	335952	n/a
656.171875	n/a	1.0	2	335960	n/a
656.189453125	n/a	0.0	1	335969	n/a
656.205078125	n/a	1.0	2	335977	n/a
656.22265625	n/a	0.0	1	335986	n/a
656.23828125	n/a	1.0	2	335994	n/a
656.255859375	n/a	1.0	2	336003	n/a
656.271484375	n/a	0.0	1	336011	n/a
656.2890625	n/a	0.0	1	336020	n/a
656.306640625	n/a	1.0	2	336029	n/a
656.322265625	n/a	0.0	1	336037	n/a
656.33984375	n/a	1.0	2	336046	n/a
656.35546875	n/a	1.0	2	336054	n/a
656.373046875	n/a	0.0	1	336063	n/a
656.388671875	n/a	1.0	2	336071	n/a
656.40625	n/a	0.0	1	336080	n/a
656.421875	n/a	1.0	2	336088	n/a
656.439453125	n/a	0.0	1	336097	n/a
656.455078125	n/a	1.0	2	336105	n/a
656.47265625	n/a	0.0	1	336114	n/a
656.48828125	n/a	1.0	2	336122	n/a
656.505859375	n/a	0.0	1	336131	n/a
656.521484375	n/a	1.0	2	336139	n/a
656.5390625	n/a	0.0	1	336148	n/a
656.556640625	n/a	1.0	2	336157	n/a
656.572265625	n/a	0.0	1	336165	n/a
656.58984375	n/a	1.0	2	336174	n/a
656.60546875	n/a	0.0	1	336182	n/a
656.623046875	n/a	1.0	2	336191	n/a
656.638671875	n/a	0.0	1	336199	n/a
656.65625	n/a	1.0	2	336208	n/a
656.671875	n/a	0.0	1	336216	n/a
656.689453125	n/a	0.0	1	336225	n/a
656.705078125	n/a	1.0	2	336233	n/a
656.72265625	n/a	1.0	2	336242	n/a
656.73828125	n/a	0.0	1	336250	n/a
656.755859375	n/a	0.0	1	336259	n/a
656.771484375	n/a	1.0	2	336267	n/a
656.7890625	n/a	1.0	2	336276	n/a
656.806640625	n/a	0.0	1	336285	n/a
656.822265625	n/a	0.0	1	336293	n/a
656.83984375	n/a	1.0	2	336302	n/a
656.85546875	n/a	0.0	1	336310	n/a
656.873046875	n/a	1.0	2	336319	n/a
656.888671875	n/a	1.0	2	336327	n/a
656.90625	n/a	0.0	1	336336	n/a
656.921875	n/a	0.0	1	336344	n/a
656.939453125	n/a	1.0	2	336353	n/a
656.955078125	n/a	1.0	2	336361	n/a
656.97265625	n/a	0.0	1	336370	n/a
656.98828125	n/a	1.0	2	336378	n/a
657.005859375	n/a	0.0	1	336387	n/a
657.021484375	n/a	0.0	1	336395	n/a
657.0390625	n/a	1.0	2	336404	n/a
657.056640625	n/a	0.0	1	336413	n/a
657.072265625	n/a	1.0	2	336421	n/a
657.08984375	n/a	1.0	2	336430	n/a
657.10546875	n/a	0.0	1	336438	n/a
657.123046875	n/a	0.0	1	336447	n/a
657.138671875	n/a	1.0	2	336455	n/a
657.15625	n/a	0.0	1	336464	n/a
657.171875	n/a	1.0	2	336472	n/a
657.189453125	n/a	1.0	2	336481	n/a
657.205078125	n/a	0.0	1	336489	n/a
657.22265625	n/a	1.0	2	336498	n/a
657.23828125	n/a	0.0	1	336506	n/a
657.255859375	n/a	1.0	2	336515	n/a
657.271484375	n/a	0.0	1	336523	n/a
657.2890625	n/a	1.0	2	336532	n/a
657.306640625	n/a	0.0	1	336541	n/a
657.322265625	n/a	0.0	1	336549	n/a
657.33984375	n/a	1.0	2	336558	n/a
657.35546875	n/a	1.0	2	336566	n/a
657.373046875	n/a	0.0	1	336575	n/a
657.388671875	n/a	0.0	1	336583	n/a
657.40625	n/a	1.0	2	336592	n/a
657.421875	n/a	0.0	1	336600	n/a
657.439453125	n/a	1.0	2	336609	n/a
657.455078125	n/a	1.0	2	336617	n/a
657.47265625	n/a	0.0	1	336626	n/a
657.48828125	n/a	1.0	2	336634	n/a
657.505859375	n/a	0.0	1	336643	n/a
657.521484375	n/a	0.0	1	336651	n/a
657.5390625	n/a	1.0	2	336660	n/a
657.556640625	n/a	0.0	1	336669	n/a
657.572265625	n/a	1.0	2	336677	n/a
657.58984375	n/a	1.0	2	336686	n/a
657.60546875	n/a	0.0	1	336694	n/a
657.623046875	n/a	0.0	1	336703	n/a
657.638671875	n/a	1.0	2	336711	n/a
657.65625	n/a	0.0	1	336720	n/a
657.671875	n/a	1.0	2	336728	n/a
657.689453125	n/a	1.0	2	336737	n/a
657.705078125	n/a	0.0	1	336745	n/a
657.72265625	n/a	0.0	1	336754	n/a
657.73828125	n/a	1.0	2	336762	n/a
657.755859375	n/a	1.0	2	336771	n/a
657.771484375	n/a	0.0	1	336779	n/a
657.7890625	n/a	0.0	1	336788	n/a
657.806640625	n/a	1.0	2	336797	n/a
657.822265625	n/a	1.0	2	336805	n/a
657.83984375	n/a	0.0	1	336814	n/a
657.85546875	n/a	1.0	2	336822	n/a
657.873046875	n/a	0.0	1	336831	n/a
657.888671875	n/a	0.0	1	336839	n/a
657.90625	n/a	1.0	2	336848	n/a
657.921875	n/a	0.0	1	336856	n/a
657.939453125	n/a	1.0	2	336865	n/a
657.955078125	n/a	0.0	1	336873	n/a
657.97265625	n/a	1.0	2	336882	n/a
657.98828125	n/a	0.0	1	336890	n/a
658.005859375	n/a	1.0	2	336899	n/a
658.021484375	n/a	1.0	2	336907	n/a
658.0390625	n/a	0.0	1	336916	n/a
658.056640625	n/a	0.0	1	336925	n/a
658.072265625	n/a	1.0	2	336933	n/a
658.08984375	n/a	0.0	1	336942	n/a
658.10546875	n/a	1.0	2	336950	n/a
658.123046875	n/a	1.0	2	336959	n/a
658.138671875	n/a	0.0	1	336967	n/a
658.15625	n/a	1.0	2	336976	n/a
658.171875	n/a	0.0	1	336984	n/a
658.189453125	n/a	0.0	1	336993	n/a
658.205078125	n/a	1.0	2	337001	n/a
658.22265625	n/a	0.0	1	337010	n/a
658.23828125	n/a	1.0	2	337018	n/a
658.255859375	n/a	0.0	1	337027	n/a
658.271484375	n/a	1.0	2	337035	n/a
658.2890625	n/a	0.0	1	337044	n/a
658.306640625	n/a	1.0	2	337053	n/a
658.322265625	n/a	0.0	1	337061	n/a
658.33984375	n/a	1.0	2	337070	n/a
658.35546875	n/a	1.0	2	337078	n/a
658.373046875	n/a	0.0	1	337087	n/a
658.388671875	n/a	0.0	1	337095	n/a
658.40625	n/a	1.0	2	337104	n/a
658.421875	n/a	0.0	1	337112	n/a
658.439453125	n/a	1.0	2	337121	n/a
658.455078125	n/a	1.0	2	337129	n/a
658.47265625	n/a	0.0	1	337138	n/a
658.48828125	n/a	1.0	2	337146	n/a
658.505859375	n/a	0.0	1	337155	n/a
658.521484375	n/a	1.0	2	337163	n/a
658.5390625	n/a	0.0	1	337172	n/a
658.556640625	n/a	1.0	2	337181	n/a
658.572265625	n/a	0.0	1	337189	n/a
658.58984375	n/a	1.0	2	337198	n/a
658.60546875	n/a	0.0	1	337206	n/a
658.623046875	n/a	1.0	2	337215	n/a
658.638671875	n/a	0.0	1	337223	n/a
658.65625	n/a	1.0	2	337232	n/a
658.671875	n/a	0.0	1	337240	n/a
658.689453125	n/a	1.0	2	337249	n/a
658.705078125	n/a	0.0	1	337257	n/a
658.72265625	n/a	1.0	2	337266	n/a
658.73828125	n/a	0.0	1	337274	n/a
658.755859375	n/a	1.0	2	337283	n/a
658.771484375	n/a	0.0	1	337291	n/a
658.7890625	n/a	0.0	1	337300	n/a
658.806640625	n/a	1.0	2	337309	n/a
658.822265625	n/a	1.0	2	337317	n/a
658.83984375	n/a	0.0	1	337326	n/a
658.85546875	n/a	0.0	1	337334	n/a
658.873046875	n/a	1.0	2	337343	n/a
658.888671875	n/a	1.0	2	337351	n/a
658.90625	n/a	0.0	1	337360	n/a
658.921875	n/a	0.0	1	337368	n/a
658.939453125	n/a	1.0	2	337377	n/a
658.955078125	n/a	0.0	1	337385	n/a
658.97265625	n/a	1.0	2	337394	n/a
658.98828125	n/a	1.0	2	337402	n/a
659.005859375	n/a	0.0	1	337411	n/a
659.021484375	n/a	0.0	1	337419	n/a
659.0390625	n/a	1.0	2	337428	n/a
659.056640625	n/a	1.0	2	337437	n/a
659.072265625	n/a	0.0	1	337445	n/a
659.08984375	n/a	1.0	2	337454	n/a
659.10546875	n/a	0.0	1	337462	n/a
659.123046875	n/a	0.0	1	337471	n/a
659.138671875	n/a	1.0	2	337479	n/a
659.15625	n/a	0.0	1	337488	n/a
659.171875	n/a	1.0	2	337496	n/a
659.189453125	n/a	1.0	2	337505	n/a
659.205078125	n/a	0.0	1	337513	n/a
659.22265625	n/a	0.0	1	337522	n/a
659.23828125	n/a	1.0	2	337530	n/a
659.255859375	n/a	0.0	1	337539	n/a
659.271484375	n/a	1.0	2	337547	n/a
659.2890625	n/a	1.0	2	337556	n/a
659.306640625	n/a	0.0	1	337565	n/a
659.322265625	n/a	1.0	2	337573	n/a
659.33984375	n/a	0.0	1	337582	n/a
659.35546875	n/a	1.0	2	337590	n/a
659.373046875	n/a	0.0	1	337599	n/a
659.388671875	n/a	1.0	2	337607	n/a
659.40625	n/a	0.0	1	337616	n/a
659.421875	n/a	0.0	1	337624	n/a
659.439453125	n/a	1.0	2	337633	n/a
659.455078125	n/a	1.0	2	337641	n/a
659.47265625	n/a	0.0	1	337650	n/a
659.48828125	n/a	0.0	1	337658	n/a
659.505859375	n/a	1.0	2	337667	n/a
659.521484375	n/a	0.0	1	337675	n/a
659.5390625	n/a	1.0	2	337684	n/a
659.556640625	n/a	1.0	2	337693	n/a
659.572265625	n/a	0.0	1	337701	n/a
659.58984375	n/a	1.0	2	337710	n/a
659.60546875	n/a	0.0	1	337718	n/a
659.623046875	n/a	0.0	1	337727	n/a
659.638671875	n/a	1.0	2	337735	n/a
659.65625	n/a	0.0	1	337744	n/a
659.671875	n/a	1.0	2	337752	n/a
659.689453125	n/a	1.0	2	337761	n/a
659.705078125	n/a	0.0	1	337769	n/a
659.72265625	n/a	0.0	1	337778	n/a
659.73828125	n/a	1.0	2	337786	n/a
659.755859375	n/a	0.0	1	337795	n/a
659.771484375	n/a	1.0	2	337803	n/a
659.7890625	n/a	1.0	2	337812	n/a
659.806640625	n/a	0.0	1	337821	n/a
659.822265625	n/a	0.0	1	337829	n/a
659.83984375	n/a	1.0	2	337838	n/a
659.85546875	n/a	1.0	2	337846	n/a
659.873046875	n/a	0.0	1	337855	n/a
659.888671875	n/a	0.0	1	337863	n/a
659.90625	n/a	1.0	2	337872	n/a
659.921875	n/a	1.0	2	337880	n/a
659.939453125	n/a	0.0	1	337889	n/a
659.955078125	n/a	1.0	2	337897	n/a
659.97265625	n/a	0.0	1	337906	n/a
659.98828125	n/a	0.0	1	337914	n/a
660.005859375	n/a	1.0	2	337923	n/a
660.021484375	n/a	0.0	1	337931	n/a
660.0390625	n/a	1.0	2	337940	n/a
660.056640625	n/a	0.0	1	337949	n/a
660.072265625	n/a	1.0	2	337957	n/a
660.08984375	n/a	0.0	1	337966	n/a
660.10546875	n/a	1.0	2	337974	n/a
660.123046875	n/a	1.0	2	337983	n/a
660.138671875	n/a	0.0	1	337991	n/a
660.15625	n/a	0.0	1	338000	n/a
660.171875	n/a	1.0	2	338008	n/a
660.189453125	n/a	0.0	1	338017	n/a
660.205078125	n/a	1.0	2	338025	n/a
660.22265625	n/a	1.0	2	338034	n/a
660.23828125	n/a	0.0	1	338042	n/a
660.255859375	n/a	1.0	2	338051	n/a
660.271484375	n/a	0.0	1	338059	n/a
660.2890625	n/a	0.0	1	338068	n/a
660.306640625	n/a	1.0	2	338077	n/a
660.322265625	n/a	0.0	1	338085	n/a
660.33984375	n/a	1.0	2	338094	n/a
660.35546875	n/a	0.0	1	338102	n/a
660.373046875	n/a	1.0	2	338111	n/a
660.388671875	n/a	0.0	1	338119	n/a
660.40625	n/a	1.0	2	338128	n/a
660.421875	n/a	0.0	1	338136	n/a
660.439453125	n/a	1.0	2	338145	n/a
660.455078125	n/a	1.0	2	338153	n/a
660.47265625	n/a	0.0	1	338162	n/a
660.48828125	n/a	0.0	1	338170	n/a
660.505859375	n/a	1.0	2	338179	n/a
660.521484375	n/a	0.0	1	338187	n/a
660.5390625	n/a	1.0	2	338196	n/a
660.556640625	n/a	1.0	2	338205	n/a
660.572265625	n/a	0.0	1	338213	n/a
660.58984375	n/a	1.0	2	338222	n/a
660.60546875	n/a	0.0	1	338230	n/a
660.623046875	n/a	1.0	2	338239	n/a
660.638671875	n/a	0.0	1	338247	n/a
660.65625	n/a	1.0	2	338256	n/a
660.671875	n/a	0.0	1	338264	n/a
660.689453125	n/a	1.0	2	338273	n/a
660.705078125	n/a	0.0	1	338281	n/a
660.72265625	n/a	1.0	2	338290	n/a
660.73828125	n/a	0.0	1	338298	n/a
660.755859375	n/a	1.0	2	338307	n/a
660.771484375	n/a	0.0	1	338315	n/a
660.7890625	n/a	1.0	2	338324	n/a
660.806640625	n/a	0.0	1	338333	n/a
660.822265625	n/a	1.0	2	338341	n/a
660.83984375	n/a	0.0	1	338350	n/a
660.85546875	n/a	1.0	2	338358	n/a
660.873046875	n/a	0.0	1	338367	n/a
660.888671875	n/a	0.0	1	338375	n/a
660.90625	n/a	1.0	2	338384	n/a
660.921875	n/a	1.0	2	338392	n/a
660.939453125	n/a	0.0	1	338401	n/a
660.955078125	n/a	0.0	1	338409	n/a
660.97265625	n/a	1.0	2	338418	n/a
660.98828125	n/a	1.0	2	338426	n/a
661.005859375	n/a	0.0	1	338435	n/a
661.021484375	n/a	0.0	1	338443	n/a
661.0390625	n/a	1.0	2	338452	n/a
661.056640625	n/a	0.0	1	338461	n/a
661.072265625	n/a	1.0	2	338469	n/a
661.08984375	n/a	1.0	2	338478	n/a
661.10546875	n/a	0.0	1	338486	n/a
661.123046875	n/a	0.0	1	338495	n/a
661.138671875	n/a	1.0	2	338503	n/a
661.15625	n/a	1.0	2	338512	n/a
661.171875	n/a	0.0	1	338520	n/a
661.189453125	n/a	1.0	2	338529	n/a
661.205078125	n/a	0.0	1	338537	n/a
661.22265625	n/a	0.0	1	338546	n/a
661.23828125	n/a	1.0	2	338554	n/a
661.255859375	n/a	0.0	1	338563	n/a
661.271484375	n/a	1.0	2	338571	n/a
661.2890625	n/a	1.0	2	338580	n/a
661.306640625	n/a	0.0	1	338589	n/a
661.322265625	n/a	0.0	1	338597	n/a
661.33984375	n/a	1.0	2	338606	n/a
661.35546875	n/a	0.0	1	338614	n/a
661.373046875	n/a	1.0	2	338623	n/a
661.388671875	n/a	1.0	2	338631	n/a
661.40625	n/a	0.0	1	338640	n/a
661.421875	n/a	1.0	2	338648	n/a
661.439453125	n/a	0.0	1	338657	n/a
661.455078125	n/a	1.0	2	338665	n/a
661.47265625	n/a	0.0	1	338674	n/a
661.48828125	n/a	1.0	2	338682	n/a
661.505859375	n/a	0.0	1	338691	n/a
661.521484375	n/a	0.0	1	338699	n/a
661.5390625	n/a	1.0	2	338708	n/a
661.556640625	n/a	1.0	2	338717	n/a
661.572265625	n/a	0.0	1	338725	n/a
661.58984375	n/a	0.0	1	338734	n/a
661.60546875	n/a	1.0	2	338742	n/a
661.623046875	n/a	0.0	1	338751	n/a
661.638671875	n/a	1.0	2	338759	n/a
661.65625	n/a	1.0	2	338768	n/a
661.671875	n/a	0.0	1	338776	n/a
661.689453125	n/a	1.0	2	338785	n/a
661.705078125	n/a	0.0	1	338793	n/a
661.72265625	n/a	0.0	1	338802	n/a
661.73828125	n/a	1.0	2	338810	n/a
661.755859375	n/a	0.0	1	338819	n/a
661.771484375	n/a	1.0	2	338827	n/a
661.7890625	n/a	1.0	2	338836	n/a
661.806640625	n/a	0.0	1	338845	n/a
661.822265625	n/a	0.0	1	338853	n/a
661.83984375	n/a	1.0	2	338862	n/a
661.85546875	n/a	0.0	1	338870	n/a
661.873046875	n/a	1.0	2	338879	n/a
661.888671875	n/a	1.0	2	338887	n/a
661.90625	n/a	0.0	1	338896	n/a
661.921875	n/a	0.0	1	338904	n/a
661.939453125	n/a	1.0	2	338913	n/a
661.955078125	n/a	1.0	2	338921	n/a
661.97265625	n/a	0.0	1	338930	n/a
661.98828125	n/a	0.0	1	338938	n/a
662.005859375	n/a	1.0	2	338947	n/a
662.021484375	n/a	1.0	2	338955	n/a
662.0390625	n/a	0.0	1	338964	n/a
662.056640625	n/a	1.0	2	338973	n/a
662.072265625	n/a	0.0	1	338981	n/a
662.08984375	n/a	0.0	1	338990	n/a
662.10546875	n/a	1.0	2	338998	n/a
662.123046875	n/a	0.0	1	339007	n/a
662.138671875	n/a	1.0	2	339015	n/a
662.15625	n/a	0.0	1	339024	n/a
662.171875	n/a	1.0	2	339032	n/a
662.189453125	n/a	0.0	1	339041	n/a
662.205078125	n/a	1.0	2	339049	n/a
662.22265625	n/a	1.0	2	339058	n/a
662.23828125	n/a	0.0	1	339066	n/a
662.255859375	n/a	0.0	1	339075	n/a
662.271484375	n/a	1.0	2	339083	n/a
662.2890625	n/a	0.0	1	339092	n/a
662.306640625	n/a	1.0	2	339101	n/a
662.322265625	n/a	1.0	2	339109	n/a
662.33984375	n/a	0.0	1	339118	n/a
662.35546875	n/a	1.0	2	339126	n/a
662.373046875	n/a	0.0	1	339135	n/a
662.388671875	n/a	0.0	1	339143	n/a
662.40625	n/a	1.0	2	339152	n/a
662.421875	n/a	0.0	1	339160	n/a
662.439453125	n/a	1.0	2	339169	n/a
662.455078125	n/a	0.0	1	339177	n/a
662.47265625	n/a	1.0	2	339186	n/a
662.48828125	n/a	0.0	1	339194	n/a
662.505859375	n/a	1.0	2	339203	n/a
662.521484375	n/a	0.0	1	339211	n/a
662.5390625	n/a	1.0	2	339220	n/a
662.556640625	n/a	1.0	2	339229	n/a
662.572265625	n/a	0.0	1	339237	n/a
662.58984375	n/a	0.0	1	339246	n/a
662.60546875	n/a	1.0	2	339254	n/a
662.623046875	n/a	0.0	1	339263	n/a
662.638671875	n/a	1.0	2	339271	n/a
662.65625	n/a	1.0	2	339280	n/a
662.671875	n/a	0.0	1	339288	n/a
662.689453125	n/a	1.0	2	339297	n/a
662.705078125	n/a	0.0	1	339305	n/a
662.72265625	n/a	1.0	2	339314	n/a
662.73828125	n/a	0.0	1	339322	n/a
662.755859375	n/a	1.0	2	339331	n/a
662.771484375	n/a	0.0	1	339339	n/a
662.7890625	n/a	1.0	2	339348	n/a
662.806640625	n/a	0.0	1	339357	n/a
662.822265625	n/a	1.0	2	339365	n/a
662.83984375	n/a	0.0	1	339374	n/a
662.85546875	n/a	1.0	2	339382	n/a
662.873046875	n/a	0.0	1	339391	n/a
662.888671875	n/a	1.0	2	339399	n/a
662.90625	n/a	0.0	1	339408	n/a
662.921875	n/a	1.0	2	339416	n/a
662.939453125	n/a	0.0	1	339425	n/a
662.955078125	n/a	1.0	2	339433	n/a
662.97265625	n/a	0.0	1	339442	n/a
662.98828125	n/a	0.0	1	339450	n/a
663.005859375	n/a	1.0	2	339459	n/a
663.021484375	n/a	1.0	2	339467	n/a
663.0390625	n/a	0.0	1	339476	n/a
663.056640625	n/a	0.0	1	339485	n/a
663.072265625	n/a	1.0	2	339493	n/a
663.08984375	n/a	1.0	2	339502	n/a
663.10546875	n/a	0.0	1	339510	n/a
663.123046875	n/a	0.0	1	339519	n/a
663.138671875	n/a	1.0	2	339527	n/a
663.15625	n/a	0.0	1	339536	n/a
663.171875	n/a	1.0	2	339544	n/a
663.189453125	n/a	1.0	2	339553	n/a
663.205078125	n/a	0.0	1	339561	n/a
663.22265625	n/a	0.0	1	339570	n/a
663.23828125	n/a	1.0	2	339578	n/a
663.255859375	n/a	1.0	2	339587	n/a
663.271484375	n/a	0.0	1	339595	n/a
663.2890625	n/a	1.0	2	339604	n/a
663.306640625	n/a	0.0	1	339613	n/a
663.322265625	n/a	0.0	1	339621	n/a
663.33984375	n/a	1.0	2	339630	n/a
663.35546875	n/a	0.0	1	339638	n/a
663.373046875	n/a	1.0	2	339647	n/a
663.388671875	n/a	1.0	2	339655	n/a
663.40625	n/a	0.0	1	339664	n/a
663.421875	n/a	0.0	1	339672	n/a
663.439453125	n/a	1.0	2	339681	n/a
663.455078125	n/a	0.0	1	339689	n/a
663.47265625	n/a	1.0	2	339698	n/a
663.48828125	n/a	1.0	2	339706	n/a
663.505859375	n/a	0.0	1	339715	n/a
663.521484375	n/a	1.0	2	339723	n/a
663.5390625	n/a	0.0	1	339732	n/a
663.556640625	n/a	1.0	2	339741	n/a
663.572265625	n/a	0.0	1	339749	n/a
663.58984375	n/a	1.0	2	339758	n/a
663.60546875	n/a	0.0	1	339766	n/a
663.623046875	n/a	0.0	1	339775	n/a
663.638671875	n/a	1.0	2	339783	n/a
663.65625	n/a	1.0	2	339792	n/a
663.671875	n/a	0.0	1	339800	n/a
663.689453125	n/a	0.0	1	339809	n/a
663.705078125	n/a	1.0	2	339817	n/a
663.72265625	n/a	0.0	1	339826	n/a
663.73828125	n/a	1.0	2	339834	n/a
663.755859375	n/a	1.0	2	339843	n/a
663.771484375	n/a	0.0	1	339851	n/a
663.7890625	n/a	1.0	2	339860	n/a
663.806640625	n/a	0.0	1	339869	n/a
663.822265625	n/a	0.0	1	339877	n/a
663.83984375	n/a	1.0	2	339886	n/a
663.85546875	n/a	0.0	1	339894	n/a
663.873046875	n/a	1.0	2	339903	n/a
663.888671875	n/a	1.0	2	339911	n/a
663.90625	n/a	0.0	1	339920	n/a
663.921875	n/a	0.0	1	339928	n/a
663.939453125	n/a	1.0	2	339937	n/a
663.955078125	n/a	0.0	1	339945	n/a
663.97265625	n/a	1.0	2	339954	n/a
663.98828125	n/a	1.0	2	339962	n/a
664.005859375	n/a	0.0	1	339971	n/a
664.021484375	n/a	0.0	1	339979	n/a
664.0390625	n/a	1.0	2	339988	n/a
664.056640625	n/a	1.0	2	339997	n/a
664.072265625	n/a	0.0	1	340005	n/a
664.08984375	n/a	0.0	1	340014	n/a
664.10546875	n/a	1.0	2	340022	n/a
664.123046875	n/a	1.0	2	340031	n/a
664.138671875	n/a	0.0	1	340039	n/a
664.15625	n/a	1.0	2	340048	n/a
664.171875	n/a	0.0	1	340056	n/a
664.189453125	n/a	0.0	1	340065	n/a
664.205078125	n/a	1.0	2	340073	n/a
664.22265625	n/a	0.0	1	340082	n/a
664.23828125	n/a	1.0	2	340090	n/a
664.255859375	n/a	0.0	1	340099	n/a
664.271484375	n/a	1.0	2	340107	n/a
664.2890625	n/a	0.0	1	340116	n/a
664.306640625	n/a	1.0	2	340125	n/a
664.322265625	n/a	1.0	2	340133	n/a
664.33984375	n/a	0.0	1	340142	n/a
664.35546875	n/a	0.0	1	340150	n/a
664.373046875	n/a	1.0	2	340159	n/a
664.388671875	n/a	0.0	1	340167	n/a
664.40625	n/a	1.0	2	340176	n/a
664.421875	n/a	1.0	2	340184	n/a
664.439453125	n/a	0.0	1	340193	n/a
664.455078125	n/a	1.0	2	340201	n/a
664.47265625	n/a	0.0	1	340210	n/a
664.48828125	n/a	0.0	1	340218	n/a
664.505859375	n/a	1.0	2	340227	n/a
664.521484375	n/a	0.0	1	340235	n/a
664.5390625	n/a	1.0	2	340244	n/a
664.556640625	n/a	0.0	1	340253	n/a
664.572265625	n/a	1.0	2	340261	n/a
664.58984375	n/a	0.0	1	340270	n/a
664.60546875	n/a	1.0	2	340278	n/a
664.623046875	n/a	0.0	1	340287	n/a
664.638671875	n/a	1.0	2	340295	n/a
664.65625	n/a	1.0	2	340304	n/a
664.671875	n/a	0.0	1	340312	n/a
664.689453125	n/a	0.0	1	340321	n/a
664.705078125	n/a	1.0	2	340329	n/a
664.72265625	n/a	0.0	1	340338	n/a
664.73828125	n/a	1.0	2	340346	n/a
664.755859375	n/a	1.0	2	340355	n/a
664.771484375	n/a	0.0	1	340363	n/a
664.7890625	n/a	1.0	2	340372	n/a
664.806640625	n/a	0.0	1	340381	n/a
664.822265625	n/a	1.0	2	340389	n/a
664.83984375	n/a	0.0	1	340398	n/a
664.85546875	n/a	1.0	2	340406	n/a
664.873046875	n/a	0.0	1	340415	n/a
664.888671875	n/a	1.0	2	340423	n/a
664.90625	n/a	0.0	1	340432	n/a
664.921875	n/a	1.0	2	340440	n/a
664.939453125	n/a	0.0	1	340449	n/a
664.955078125	n/a	1.0	2	340457	n/a
664.97265625	n/a	0.0	1	340466	n/a
664.98828125	n/a	1.0	2	340474	n/a
665.005859375	n/a	0.0	1	340483	n/a
665.021484375	n/a	1.0	2	340491	n/a
665.0390625	n/a	0.0	1	340500	n/a
665.056640625	n/a	1.0	2	340509	n/a
665.072265625	n/a	0.0	1	340517	n/a
665.08984375	n/a	0.0	1	340526	n/a
665.10546875	n/a	1.0	2	340534	n/a
665.123046875	n/a	1.0	2	340543	n/a
665.138671875	n/a	0.0	1	340551	n/a
665.15625	n/a	0.0	1	340560	n/a
665.171875	n/a	1.0	2	340568	n/a
665.189453125	n/a	1.0	2	340577	n/a
665.205078125	n/a	0.0	1	340585	n/a
665.22265625	n/a	0.0	1	340594	n/a
665.23828125	n/a	1.0	2	340602	n/a
665.255859375	n/a	0.0	1	340611	n/a
665.271484375	n/a	1.0	2	340619	n/a
665.2890625	n/a	1.0	2	340628	n/a
665.306640625	n/a	0.0	1	340637	n/a
665.322265625	n/a	0.0	1	340645	n/a
665.33984375	n/a	1.0	2	340654	n/a
665.35546875	n/a	1.0	2	340662	n/a
665.373046875	n/a	0.0	1	340671	n/a
665.388671875	n/a	1.0	2	340679	n/a
665.40625	n/a	0.0	1	340688	n/a
665.421875	n/a	0.0	1	340696	n/a
665.439453125	n/a	1.0	2	340705	n/a
665.455078125	n/a	0.0	1	340713	n/a
665.47265625	n/a	1.0	2	340722	n/a
665.48828125	n/a	1.0	2	340730	n/a
665.505859375	n/a	0.0	1	340739	n/a
665.521484375	n/a	0.0	1	340747	n/a
665.5390625	n/a	1.0	2	340756	n/a
665.556640625	n/a	0.0	1	340765	n/a
665.572265625	n/a	1.0	2	340773	n/a
665.58984375	n/a	1.0	2	340782	n/a
665.60546875	n/a	0.0	1	340790	n/a
665.623046875	n/a	1.0	2	340799	n/a
665.638671875	n/a	0.0	1	340807	n/a
665.65625	n/a	1.0	2	340816	n/a
665.671875	n/a	0.0	1	340824	n/a
665.689453125	n/a	1.0	2	340833	n/a
665.705078125	n/a	0.0	1	340841	n/a
665.72265625	n/a	0.0	1	340850	n/a
665.73828125	n/a	1.0	2	340858	n/a
665.755859375	n/a	1.0	2	340867	n/a
665.771484375	n/a	0.0	1	340875	n/a
665.7890625	n/a	0.0	1	340884	n/a
665.806640625	n/a	1.0	2	340893	n/a
665.822265625	n/a	0.0	1	340901	n/a
665.83984375	n/a	1.0	2	340910	n/a
665.85546875	n/a	1.0	2	340918	n/a
665.873046875	n/a	0.0	1	340927	n/a
665.888671875	n/a	1.0	2	340935	n/a
665.90625	n/a	0.0	1	340944	n/a
665.921875	n/a	0.0	1	340952	n/a
665.939453125	n/a	1.0	2	340961	n/a
665.955078125	n/a	0.0	1	340969	n/a
665.97265625	n/a	1.0	2	340978	n/a
665.98828125	n/a	1.0	2	340986	n/a
666.005859375	n/a	0.0	1	340995	n/a
666.021484375	n/a	0.0	1	341003	n/a
666.0390625	n/a	1.0	2	341012	n/a
666.056640625	n/a	0.0	1	341021	n/a
666.072265625	n/a	1.0	2	341029	n/a
666.08984375	n/a	1.0	2	341038	n/a
666.10546875	n/a	0.0	1	341046	n/a
666.123046875	n/a	0.0	1	341055	n/a
666.138671875	n/a	1.0	2	341063	n/a
666.15625	n/a	1.0	2	341072	n/a
666.171875	n/a	0.0	1	341080	n/a
666.189453125	n/a	0.0	1	341089	n/a
666.205078125	n/a	1.0	2	341097	n/a
666.22265625	n/a	1.0	2	341106	n/a
666.23828125	n/a	0.0	1	341114	n/a
666.255859375	n/a	1.0	2	341123	n/a
666.271484375	n/a	0.0	1	341131	n/a
